0,116,821
0,294,958
0,337,864
1,148,292
1,128,372
2,726,947
2,429,864
3,74,682
3,790,347
4,949,854
4,76,760
5,871,862
5,18,898
5,103,869
9,199,893
9,741,388
9,161,443
10,811,24
10,741,192
10,581,955
10,236,104
11,626,278
11,113,222
12,467,725
12,197,164
13,16,624
13,975,164
13,917,538
14,609,895
16,218,111
16,143,851
16,111,966
17,299,275
17,535,200
17,166,187
17,843,439
17,941,215
18,447,854
18,756,304
18,185,412
19,660,924
19,928,176
20,462,544
21,156,737
21,241,400
21,311,156
22,596,428
22,370,205
23,592,452
23,952,908
23,116,216
23,361,625
24,639,653
24,392,568
25,26,227
25,215,259
25,719,922
27,72,265
27,561,851
27,244,393
27,584,785
28,871,8
28,527,929
29,855,807
29,410,426
29,607,929
29,643,788
30,590,949
30,26,87
32,547,506
32,521,127
34,121,862
34,125,350
34,418,126
35,512,998
35,592,32
35,635,11
36,404,138
36,623,175
37,558,723
37,191,338
37,950,782
38,866,25
39,586,984
39,316,549
39,421,969
40,552,816
40,76,0
42,570,363
43,557,179
43,45,130
43,152,955
44,873,925
44,445,628
44,999,230
44,689,910
45,427,899
45,574,487
45,29,555
46,408,319
46,200,244
47,588,326
47,950,45
48,952,127
49,374,455
50,92,408
51,546,611
51,863,510
51,854,662
51,134,235
51,345,317
52,104,215
52,782,930
53,164,435
53,989,996
53,722,651
53,176,470
54,60,327
54,561,948
56,81,922
57,596,504
57,744,229
58,707,667
58,365,716
59,126,822
59,191,959
60,617,365
60,319,685
62,47,996
65,897,195
65,133,878
65,291,100
65,182,735
66,331,478
66,93,441
66,249,247
67,760,221
67,533,559
68,677,339
68,421,497
68,618,987
69,133,129
70,847,167
70,176,26
70,346,19
70,659,841
71,546,746
71,480,199
72,580,85
72,158,751
73,810,758
74,370,37
75,748,342
75,56,712
75,800,232
75,719,780
75,959,381
76,106,791
76,102,420
77,760,949
77,602,246
78,409,672
78,622,908
78,872,377
78,167,544
79,236,230
80,673,571
80,593,554
81,896,802
81,922,576
82,721,782
82,121,542
82,311,558
82,824,956
83,777,891
83,677,691
83,674,995
83,183,265
83,890,353
84,709,449
84,146,775
85,444,563
85,521,508
87,84,197
87,676,766
87,409,461
87,417,854
87,468,140
87,679,163
88,869,623
88,594,665
91,327,163
91,794,649
91,729,958
91,973,668
91,378,3
91,800,964
92,59,761
93,901,666
94,964,157
94,633,107
95,666,616
96,997,112
96,809,933
98,393,302
99,29,586
100,119,33
101,507,530
101,425,608
101,398,52
101,645,146
101,787,163
101,675,673
102,161,602
102,183,680
102,682,84
102,66,217
103,930,90
104,827,815
104,995,173
105,416,649
105,627,713
108,215,870
108,212,439
109,164,287
109,739,429
109,614,568
110,834,83
111,914,797
111,259,964
112,250,288
112,84,32
114,752,383
114,209,298
114,214,700
115,644,478
115,721,801
115,687,857
115,320,736
116,767,107
116,396,219
116,825,89
117,319,36
117,183,560
118,685,950
118,621,686
119,393,594
119,596,548
119,527,946
119,663,220
122,464,763
122,688,915
122,843,944
123,726,918
123,524,200
124,751,216
125,792,995
126,201,590
126,717,860
126,393,219
127,406,103
130,877,919
130,364,146
131,866,492
131,598,552
131,615,346
132,498,153
132,438,493
132,910,300
132,485,836
133,760,28
135,133,374
135,556,56
135,460,552
136,89,497
136,538,398
136,536,181
137,548,45
137,121,292
138,949,931
139,385,284
139,267,109
139,1,529
140,825,836
140,550,446
141,467,793
141,342,513
142,180,121
142,265,273
143,556,553
144,889,280
145,343,766
145,546,764
145,898,614
147,225,41
147,644,739
148,721,214
149,562,229
149,558,372
151,342,579
151,513,602
151,970,259
151,775,889
152,100,326
153,491,302
153,65,608
153,619,453
154,596,311
155,654,516
155,928,274
155,643,59
155,235,961
156,234,134
156,50,851
156,388,411
156,450,948
157,591,347
157,420,7
157,624,20
157,544,422
160,511,890
162,881,749
162,973,304
163,205,423
164,525,604
166,641,681
166,788,898
168,793,323
168,775,822
169,170,983
170,73,457
170,32,455
170,607,938
170,623,262
170,575,152
171,777,594
171,339,227
171,632,559
171,569,394
173,567,626
174,13,983
175,229,569
175,728,545
176,982,506
177,283,948
177,78,869
178,211,579
178,248,959
179,375,740
179,769,473
179,507,252
179,964,632
179,231,833
179,637,55
179,186,899
180,933,262
180,760,675
180,458,246
180,603,966
181,351,88
181,359,831
182,382,950
184,599,36
185,927,757
185,485,727
185,178,654
186,450,523
187,763,175
188,940,762
189,636,378
189,4,921
190,36,485
190,730,60
190,736,757
191,556,714
191,457,10
191,416,420
191,473,417
191,931,797
192,226,917
192,609,669
194,500,952
195,484,388
196,509,668
196,442,5
196,217,508
196,515,993
196,184,269
196,317,197
197,267,800
197,227,190
199,996,149
199,99,524
199,621,777
199,265,280
200,954,241
200,963,225
201,455,605
202,349,66
203,916,455
204,847,32
204,132,503
204,205,322
204,539,817
205,5,53
205,847,940
205,488,487
205,756,369
206,585,894
206,35,852
207,172,203
208,750,711
208,451,31
209,957,614
209,527,585
209,471,43
209,176,594
209,6,668
210,343,755
210,128,684
210,157,862
210,804,344
210,736,787
211,230,575
211,69,72
211,410,484
211,508,622
212,650,749
213,616,893
213,751,115
214,24,442
214,208,579
214,850,449
215,782,89
215,862,148
215,103,923
216,970,160
217,538,337
218,210,541
218,953,997
219,667,278
219,222,275
220,695,480
220,361,8
220,456,836
220,481,905
220,125,300
222,845,54
222,841,951
224,700,289
225,50,664
225,750,427
226,297,234
226,869,469
227,850,220
227,92,266
228,147,689
228,795,724
228,951,563
229,473,399
229,924,9
230,157,975
230,365,362
231,183,997
231,712,171
231,170,340
231,425,64
232,989,390
232,116,994
233,620,816
234,1,12
234,948,48
235,951,25
235,160,752
235,804,693
236,747,232
236,516,170
236,428,670
237,878,238
237,503,899
238,525,693
240,338,695
241,488,419
242,776,947
242,502,920
243,53,666
244,78,31
244,972,663
244,611,163
244,638,511
245,108,370
245,548,81
246,917,27
247,174,779
247,432,339
249,805,913
250,871,395
250,167,479
251,97,766
251,539,425
251,0,89
251,493,910
252,789,353
252,970,398
252,145,86
252,887,956
252,193,418
252,504,541
253,699,138
254,869,647
254,393,994
254,210,317
254,974,125
254,56,357
255,985,205
255,780,610
256,530,898
257,480,104
257,518,238
257,233,583
257,401,896
258,806,829
258,885,836
259,957,814
259,423,419
259,45,5
259,189,560
260,870,389
261,624,236
262,707,716
262,285,631
262,842,429
263,323,764
264,711,860
264,930,749
265,759,219
265,218,176
268,455,895
268,341,81
268,775,831
269,755,91
269,724,131
269,471,794
271,792,960
271,734,477
272,703,632
272,782,531
272,688,587
272,520,585
273,482,770
273,78,566
274,253,229
275,941,978
275,984,862
276,785,730
277,442,349
279,691,829
279,440,620
279,333,510
280,385,87
280,5,731
283,170,620
283,945,92
284,320,934
284,283,260
284,179,36
285,792,504
285,876,667
285,228,435
286,417,51
287,924,924
287,781,947
288,24,151
288,604,721
288,773,596
289,503,795
289,264,658
289,676,344
289,144,266
289,132,536
290,818,69
290,605,636
291,294,849
292,903,886
292,448,433
292,596,765
293,138,282
293,733,610
293,272,157
294,725,671
294,689,450
295,562,803
296,998,756
296,498,558
296,533,425
297,9,497
297,169,446
298,22,144
298,53,631
300,71,426
300,47,795
300,973,628
300,76,975
300,467,696
300,895,24
300,760,566
301,999,302
302,123,503
303,917,894
303,403,782
304,770,691
304,329,495
304,205,463
306,674,106
306,376,216
306,369,282
307,317,880
308,691,507
308,324,979
309,7,773
309,466,978
309,313,41
310,232,508
310,108,257
310,751,936
310,614,408
311,48,642
312,564,51
312,714,843
313,217,36
315,474,146
317,232,116
319,297,115
319,668,667
320,275,268
320,836,214
321,800,77
322,479,1
323,197,879
323,799,44
323,218,559
324,735,372
326,687,113
326,893,918
327,470,436
327,819,361
327,390,105
329,409,872
329,202,993
329,503,531
330,555,150
331,340,880
331,927,274
331,706,693
331,594,4
332,350,932
333,189,850
333,641,205
334,121,726
334,372,711
335,942,967
335,671,594
335,8,79
336,302,960
337,434,51
337,34,557
339,318,584
339,610,993
339,331,384
341,349,117
341,791,760
342,165,677
343,382,733
343,94,735
345,525,381
345,538,685
345,80,535
345,820,145
345,701,702
346,143,430
347,913,530
347,298,118
348,430,307
348,552,855
349,282,617
350,148,177
351,965,460
351,57,700
352,846,929
353,723,835
353,649,453
354,753,808
354,986,383
354,990,409
355,173,761
356,131,481
356,562,417
356,618,522
356,442,569
357,17,549
357,777,604
357,682,515
357,870,899
357,67,748
358,335,927
358,925,668
359,460,734
359,100,124
359,811,939
360,208,882
360,769,637
360,198,63
361,264,55
362,595,891
362,842,641
362,429,738
362,294,810
363,99,59
363,63,327
363,195,408
363,689,240
364,355,306
364,110,150
364,566,685
364,427,737
366,694,626
366,117,621
366,620,18
366,53,204
367,563,450
367,697,861
367,394,17
367,375,602
367,1,429
367,316,71
367,566,156
367,521,815
368,411,37
368,635,333
368,617,312
368,61,530
368,248,289
370,370,701
370,827,670
370,815,480
370,303,272
370,840,315
370,443,827
371,596,238
372,625,816
372,178,228
373,793,43
374,542,824
374,510,722
374,551,150
374,51,815
375,74,632
376,704,718
377,581,847
378,537,335
378,722,555
378,246,183
378,271,572
379,742,580
380,612,697
380,395,67
381,94,65
381,990,967
382,211,994
382,684,283
382,889,412
383,212,313
383,912,664
383,150,950
384,366,989
384,197,226
384,564,823
385,50,598
385,466,797
386,637,55
386,846,972
386,218,835
387,812,893
387,66,321
387,685,400
388,709,644
388,856,334
388,9,655
389,787,773
390,945,971
391,725,682
391,16,559
391,974,938
392,475,352
393,71,176
394,726,927
395,295,246
395,271,270
395,367,83
395,927,878
396,350,511
396,550,27
396,234,230
397,432,857
397,944,999
398,506,952
398,239,486
398,830,186
398,886,800
399,801,595
401,163,388
401,234,930
401,741,254
402,686,288
402,884,154
402,645,87
402,519,258
402,884,621
403,972,970
403,665,334
404,34,872
404,432,729
404,709,841
405,300,564
405,985,295
406,942,166
406,953,577
406,120,577
407,31,715
407,638,747
408,403,355
408,705,942
409,988,92
409,755,611
409,446,349
409,992,256
410,890,907
410,913,726
411,961,29
411,800,51
411,287,807
412,501,314
412,149,300
414,655,774
414,310,868
415,980,944
415,362,780
415,131,985
416,135,407
417,12,480
417,734,640
418,531,582
418,486,19
418,923,717
418,545,947
419,508,3
419,95,269
420,781,731
421,262,203
421,273,851
421,650,416
421,307,91
422,775,546
422,891,544
423,693,258
425,178,867
425,258,13
427,230,71
427,632,316
428,666,187
428,257,601
428,662,249
428,840,837
429,37,324
429,779,501
430,258,150
430,730,412
430,307,518
431,295,434
433,87,861
433,471,379
433,86,760
433,453,105
433,653,426
434,726,543
435,992,35
436,270,997
436,717,304
436,91,855
437,698,906
437,321,546
437,879,574
438,103,562
438,97,523
438,407,568
439,788,872
439,308,176
440,874,628
441,13,123
441,452,642
441,297,776
441,305,959
442,111,982
442,980,437
442,909,698
442,520,39
442,362,127
443,258,178
443,415,292
443,569,114
444,571,913
444,38,681
445,652,130
445,91,215
445,996,116
445,273,322
447,339,938
447,647,907
447,267,951
448,96,672
449,506,587
449,678,312
449,559,336
449,319,743
449,330,968
449,698,561
449,867,311
451,127,51
451,161,885
451,378,252
451,190,624
452,724,627
452,909,200
452,210,995
452,24,808
453,353,825
455,977,321
455,814,727
456,577,885
456,450,579
459,425,423
459,791,236
459,655,605
459,106,155
459,253,445
460,262,854
460,974,494
462,475,505
462,35,923
463,698,339
463,321,89
464,973,38
465,316,249
467,51,935
467,242,11
467,898,586
467,225,160
467,821,861
468,861,503
468,135,810
469,415,727
470,57,214
471,773,577
471,43,506
471,585,700
471,772,797
471,332,787
472,543,497
472,160,374
473,8,569
474,29,869
475,685,114
475,889,254
475,226,728
475,970,717
476,895,593
476,478,597
477,425,419
477,797,38
479,325,846
479,162,343
479,392,307
479,123,606
479,849,357
480,249,518
480,800,910
481,817,158
482,936,683
482,490,957
483,114,913
483,849,379
483,302,420
483,474,371
483,357,637
484,668,555
484,132,485
485,587,435
485,932,0
486,149,806
486,188,217
486,668,576
487,552,215
487,226,810
488,225,454
488,765,860
488,351,139
488,28,871
488,867,36
489,501,388
489,825,607
489,970,188
489,101,124
489,116,60
489,637,509
490,301,861
490,156,343
490,363,565
491,4,949
492,479,738
494,854,873
494,103,606
495,97,819
495,227,876
495,758,182
496,516,803
496,502,819
496,12,825
497,372,254
497,657,789
497,685,601
499,180,195
499,814,87
499,549,739
499,461,249
499,49,931
499,662,275
502,767,861
503,100,876
503,517,586
503,605,697
503,877,634
503,317,874
503,367,393
504,929,732
504,693,6
504,574,243
504,792,28
505,984,689
506,987,408
507,302,174
507,983,332
508,530,422
508,716,937
508,518,0
509,513,841
510,813,379
510,50,283
510,84,68
511,287,232
511,476,782
513,101,598
513,624,850
514,855,111
514,951,507
514,401,624
515,929,757
515,923,677
516,772,421
516,312,77
516,717,829
516,951,341
517,849,139
518,981,745
520,708,305
521,96,649
521,891,727
521,566,447
521,62,899
522,127,444
522,210,526
523,767,708
524,861,16
524,250,983
524,227,533
524,486,514
525,24,472
526,243,985
526,638,973
527,177,332
527,377,718
529,995,550
529,841,23
529,359,821
530,131,906
530,789,710
531,39,650
532,921,999
532,494,122
532,987,926
533,865,378
535,676,975
536,182,421
536,603,150
536,374,31
536,249,726
536,887,750
537,21,219
538,661,191
538,582,457
539,710,458
539,856,129
540,820,239
540,931,77
542,403,42
542,511,220
542,867,759
543,132,8
544,773,676
544,303,169
544,478,854
545,775,240
545,540,637
545,375,295
545,553,304
545,942,925
546,580,365
546,470,359
546,573,473
548,431,648
549,945,900
550,435,436
550,567,320
551,428,277
551,467,687
551,260,404
551,74,632
551,796,39
551,86,887
551,363,198
551,94,96
553,872,371
553,616,139
553,524,110
554,941,497
554,608,419
554,187,235
557,623,705
557,238,440
557,245,383
558,22,833
559,382,843
561,576,89
562,626,108
562,780,803
562,623,770
563,656,860
563,752,256
563,676,413
563,282,881
564,295,399
564,89,851
565,210,586
566,775,702
567,450,150
567,666,150
567,425,819
568,44,533
570,984,230
570,208,100
570,719,569
571,243,912
572,390,710
572,900,777
572,654,79
572,184,268
574,268,600
574,826,347
574,400,925
574,73,269
574,404,432
575,77,13
575,201,24
575,348,913
575,757,878
576,239,254
576,468,474
576,4,427
576,135,959
577,903,142
577,991,354
578,774,857
578,867,599
578,281,194
579,860,82
580,393,905
580,680,512
582,167,568
583,57,48
583,364,453
583,521,567
583,714,46
584,736,670
584,752,882
586,255,863
587,712,126
587,143,470
589,618,96
589,545,526
589,270,226
589,334,886
590,592,634
591,825,706
591,634,585
592,790,699
593,90,866
594,360,468
594,427,843
595,74,387
596,901,963
597,145,265
597,601,321
598,18,331
598,846,338
598,187,134
600,490,472
601,73,690
602,439,952
602,577,743
603,403,263
604,16,743
605,411,318
605,516,597
606,931,206
606,701,802
606,42,3
607,616,291
610,742,731
611,945,513
612,588,656
614,148,839
615,581,111
615,234,68
616,194,454
616,757,339
618,980,625
618,66,626
620,591,694
622,282,622
623,283,420
624,79,942
624,326,813
625,796,318
625,758,608
625,260,308
625,341,261
626,227,987
626,794,683
627,809,596
627,471,428
627,352,546
627,37,652
628,480,764
628,226,637
628,937,13
629,543,690
629,705,532
630,438,155
630,143,248
631,255,937
631,990,487
632,41,955
633,49,831
633,866,173
633,3,5
634,935,436
634,143,363
634,732,688
635,263,957
635,967,640
635,520,661
635,240,361
635,980,91
636,854,286
639,589,933
640,310,247
640,767,911
640,807,674
641,26,797
642,36,882
643,642,402
643,55,268
643,145,62
643,955,751
643,125,226
643,671,452
644,749,531
645,768,134
645,761,329
648,469,788
650,282,193
650,278,895
651,532,660
651,77,703
652,197,443
653,801,987
653,347,164
654,643,148
655,913,552
655,988,692
655,535,245
656,499,697
657,557,100
657,890,615
657,43,363
657,19,237
658,211,494
659,272,75
659,21,799
660,335,577
660,402,46
660,977,145
660,777,284
661,504,702
661,51,743
662,557,254
662,894,791
663,887,833
663,865,438
663,386,774
663,912,326
664,596,870
665,845,704
668,368,366
668,852,329
669,895,576
672,358,116
673,480,586
673,676,170
673,104,805
673,560,523
674,998,618
674,71,136
674,156,418
674,578,218
675,712,987
675,980,686
675,12,809
675,465,974
676,756,268
677,498,994
677,47,485
678,201,334
678,653,158
678,768,678
679,326,680
679,681,907
679,207,308
679,296,71
680,623,376
681,553,283
682,938,682
682,934,63
683,683,553
683,413,951
683,79,724
683,630,373
684,798,171
685,682,138
685,284,789
686,709,402
686,814,950
688,565,78
689,642,559
690,314,870
690,778,732
690,851,234
692,175,931
693,693,409
693,127,147
694,950,535
694,337,443
694,60,577
694,311,726
694,826,344
694,77,375
694,262,888
695,313,138
695,666,843
695,367,118
696,228,634
696,178,846
697,403,498
697,772,509
697,110,432
699,418,835
699,859,367
700,117,616
702,919,33
702,121,927
703,864,559
703,403,645
704,151,569
704,282,18
705,245,328
705,996,562
705,314,535
706,89,493
707,205,527
708,652,234
708,872,384
708,389,158
709,927,757
709,298,412
709,699,533
710,268,967
710,723,178
710,103,473
710,486,290
711,953,46
711,625,743
712,574,259
713,539,288
713,419,72
713,908,706
713,64,279
714,772,649
714,122,736
715,681,601
715,976,511
715,662,899
716,4,181
716,836,37
718,825,218
719,665,408
719,849,743
719,988,60
721,293,108
721,504,607
722,239,889
722,861,520
726,400,833
727,63,767
727,6,549
727,538,659
727,39,49
727,418,65
727,387,417
729,38,979
729,298,534
730,642,954
731,971,600
732,575,401
732,959,130
732,440,851
732,44,983
733,346,569
734,485,174
734,374,522
735,19,371
735,234,577
736,92,265
736,818,957
736,37,695
737,918,630
738,967,254
738,395,584
738,644,311
739,700,618
739,447,454
740,132,583
740,158,421
740,86,807
741,660,165
742,730,731
742,481,531
742,357,316
743,399,783
743,627,914
744,27,383
745,459,647
745,325,980
745,777,773
746,310,699
746,828,36
746,263,366
747,704,265
747,693,364
747,635,467
748,372,38
748,77,571
749,80,544
749,489,113
749,517,280
749,77,309
751,110,323
751,561,444
751,613,5
751,43,394
752,829,257
753,680,64
753,131,30
754,205,213
754,490,544
754,269,336
756,482,314
756,332,444
756,697,959
757,27,976
757,919,166
757,549,349
757,590,902
758,257,857
758,155,866
758,132,873
758,720,774
758,535,775
759,610,493
760,56,80
760,695,347
761,782,119
761,665,258
761,451,547
762,726,510
763,567,638
763,755,393
763,154,234
764,936,369
764,955,430
764,970,404
764,866,466
764,372,288
764,803,898
766,738,547
766,954,427
766,151,689
766,35,254
766,100,510
767,204,621
767,533,900
768,886,894
768,823,951
768,258,272
769,648,409
769,543,181
769,356,327
770,179,990
770,604,975
770,110,583
771,316,372
772,757,856
772,993,813
772,35,647
772,643,563
773,495,959
773,488,279
773,695,101
773,379,881
774,100,905
774,466,390
775,50,476
775,366,799
775,354,446
776,822,858
776,724,254
776,762,966
776,327,325
776,321,853
776,829,826
776,929,102
776,302,94
777,910,858
777,104,37
777,910,310
778,841,608
778,654,310
779,908,911
779,948,801
780,480,494
781,260,414
781,398,411
782,732,588
783,478,898
783,900,676
783,262,640
783,573,36
784,602,407
784,218,850
784,97,40
785,387,794
787,939,630
787,844,433
787,552,960
787,210,899
788,431,869
788,857,657
788,399,473
788,737,98
789,804,190
789,614,338
789,430,223
790,457,256
790,384,402
790,151,832
790,189,292
790,544,126
791,197,945
791,317,758
792,947,171
793,801,147
793,655,351
794,203,30
794,35,501
794,587,403
796,143,495
796,920,491
797,811,3
797,499,218
797,754,131
798,34,132
799,5,445
799,458,147
799,335,883
800,193,367
800,117,71
800,494,781
800,486,617
802,792,84
802,417,905
802,305,554
803,618,138
804,721,673
804,926,476
805,415,488
805,826,358
805,232,820
807,97,211
807,487,933
808,750,803
809,2,154
809,116,322
810,117,481
810,770,580
810,963,872
811,3,355
812,162,399
812,818,553
813,916,939
813,596,546
813,449,605
813,553,558
814,340,741
814,858,984
816,942,223
816,134,124
817,996,864
817,591,22
817,414,297
817,337,501
818,741,426
818,142,921
818,123,143
819,385,764
820,386,65
821,532,7
821,235,31
822,745,747
822,1,794
824,330,444
824,426,936
826,500,611
827,87,973
827,211,697
827,132,968
827,727,11
827,241,898
827,2,954
828,904,755
829,305,466
829,951,621
830,612,661
830,814,809
831,775,853
831,445,35
832,468,884
832,369,918
832,174,969
832,452,319
833,116,765
833,109,6
833,267,451
834,266,242
834,762,634
835,927,662
835,673,435
836,937,782
836,811,707
836,455,297
836,748,829
837,373,743
837,681,910
837,72,537
837,3,918
837,422,256
838,69,429
838,509,534
838,33,768
839,977,380
839,366,347
840,487,800
840,911,574
841,511,711
842,145,464
842,446,53
842,331,428
844,910,661
845,902,476
845,310,843
847,699,956
847,83,63
847,814,252
848,693,484
848,71,541
848,930,121
848,450,43
849,307,24
850,355,831
851,899,4
851,911,338
851,916,785
852,352,910
852,766,245
852,733,396
853,6,418
853,739,313
853,120,945
854,937,57
854,237,376
855,605,191
855,337,612
857,114,190
857,717,772
857,89,981
858,813,603
858,780,32
858,739,121
859,799,506
859,271,449
860,833,890
860,769,832
860,473,7
861,64,72
861,579,102
862,164,544
862,520,810
862,661,230
862,856,632
863,828,473
863,327,431
863,100,572
865,871,267
866,987,242
867,122,975
867,25,570
868,654,962
868,617,640
868,194,378
869,754,430
869,72,510
869,163,81
869,421,410
869,765,136
870,17,313
870,291,651
870,387,929
872,41,921
872,195,574
872,2,719
872,359,9
873,587,760
875,672,195
875,473,995
876,945,875
876,914,342
877,337,647
877,885,777
877,483,301
878,936,884
878,304,661
879,102,103
879,561,17
879,420,686
880,873,647
880,248,534
881,46,940
882,239,105
882,538,507
884,76,282
884,318,39
884,919,943
884,627,416
885,128,144
885,307,961
887,427,588
887,51,282
888,678,746
888,999,648
889,462,818
889,100,389
889,861,653
890,985,14
890,563,775
891,232,57
892,19,602
892,286,480
892,360,603
892,653,335
893,705,695
893,572,819
894,463,273
894,208,768
895,175,112
895,927,948
896,30,811
896,984,479
896,108,242
897,500,504
897,324,273
898,371,95
899,813,556
899,910,277
900,689,772
901,656,379
901,55,228
902,806,667
902,646,733
902,468,761
903,601,720
904,448,472
904,370,784
905,692,980
905,259,241
905,305,508
905,637,141
905,261,54
905,804,220
906,456,669
907,758,188
907,150,758
907,675,106
907,914,187
908,276,33
908,508,951
909,726,305
909,246,240
910,467,341
910,729,724
910,483,558
910,243,798
912,648,815
912,410,40
912,134,104
915,179,916
915,509,506
915,748,150
916,851,37
916,476,545
917,892,259
917,122,895
917,733,436
918,340,77
918,205,455
918,103,335
919,638,384
919,405,10
920,772,309
920,908,83
920,32,169
922,632,243
922,186,664
922,961,411
923,26,563
923,701,421
923,248,387
924,595,964
925,560,559
925,963,789
925,789,859
926,486,308
927,183,451
928,864,937
929,99,764
929,142,80
929,305,605
929,117,777
930,455,179
930,775,971
930,460,281
932,453,318
932,85,209
933,812,921
934,255,192
934,347,324
935,381,521
935,39,117
935,42,335
937,44,228
938,214,861
939,497,904
940,767,546
940,806,28
941,198,252
942,748,392
942,261,849
942,327,341
943,181,940
943,176,926
943,168,970
943,717,505
943,239,436
944,387,617
946,305,885
947,159,243
947,991,100
947,433,544
948,944,958
949,100,941
950,639,263
950,819,975
951,842,755
951,629,48
952,794,453
952,829,350
952,101,380
953,765,978
953,204,779
953,715,124
953,644,21
954,183,649
954,695,644
955,672,433
955,777,669
955,521,843
955,870,125
955,147,353
956,749,378
956,934,55
957,640,449
957,618,377
958,532,802
960,550,16
960,304,452
961,659,72
962,140,500
962,819,159
962,84,885
963,901,481
963,747,541
966,540,173
966,366,480
966,982,602
966,973,749
966,70,940
967,340,967
969,415,486
969,639,579
969,550,518
970,92,750
971,495,21
971,151,224
971,493,913
971,280,660
972,76,393
972,163,307
972,867,118
973,535,254
973,285,635
973,235,561
973,769,244
974,200,819
974,968,465
975,190,288
975,310,147
976,929,201
976,471,377
977,915,637
977,352,963
977,986,122
977,260,132
977,837,616
978,721,622
978,539,506
978,530,514
978,334,378
978,574,544
979,720,321
979,723,961
979,641,823
980,702,374
981,486,582
981,897,696
981,878,643
981,483,709
981,950,773
982,184,822
983,460,238
984,366,303
987,706,587
987,538,620
987,860,15
988,675,612
988,616,362
988,852,680
988,809,987
989,501,547
989,512,574
989,33,766
990,656,191
990,831,868
991,926,467
991,83,875
991,201,75
991,772,469
992,632,459
992,101,77
993,964,315
993,832,991
993,384,199
994,580,537
995,228,831
995,641,983
996,495,322
996,867,219
996,820,237
996,859,891
996,356,353
997,677,683
997,802,289
999,70,173
999,598,767
999,931,563
