953,320,996
709,188,999
604,887,3
109,630,5
50,815,7
249,748,10
938,752,13
812,484,16
616,787,24
897,926,27
971,381,28
223,242,34
619,111,37
833,219,39
583,330,44
389,655,49
637,935,54
930,226,60
670,284,65
226,421,70
359,513,73
636,836,76
711,505,81
159,129,86
312,480,92
994,944,94
788,416,97
654,946,101
854,910,104
36,477,110
67,620,112
203,129,114
930,903,118
593,957,121
107,335,122
26,149,128
170,102,130
174,127,134
116,277,138
414,303,142
19,594,149
35,877,152
820,837,157
912,969,159
193,261,166
546,614,170
24,635,175
292,828,181
497,953,184
947,954,186
70,988,190
194,550,192
120,935,196
223,219,199
172,731,205
74,443,209
972,552,214
756,330,216
459,940,220
666,734,227
987,428,229
114,985,232
610,225,239
968,259,242
454,835,244
365,720,247
460,79,252
780,174,256
915,454,260
201,944,261
203,130,265
93,146,268
123,18,270
280,511,274
100,812,277
497,496,280
686,143,283
97,71,289
9,935,293
223,953,295
770,900,301
961,690,304
123,753,306
39,126,309
821,632,315
194,64,317
327,685,322
325,257,323
262,759,326
792,60,328
925,155,330
496,372,333
879,870,343
66,988,351
758,54,355
392,146,360
294,937,365
99,822,371
141,530,374
776,416,383
559,580,386
281,322,388
666,661,391
268,594,397
268,216,400
327,462,404
280,859,408
847,739,409
818,718,413
846,306,415
305,473,416
23,725,420
267,390,424
111,369,426
463,198,431
92,394,436
366,765,445
574,437,451
564,551,453
91,93,458
266,574,459
376,364,466
369,406,469
126,151,475
590,95,479
300,930,484
841,265,486
635,272,490
468,624,499
877,695,502
879,320,503
184,626,506
937,826,513
237,632,516
209,668,521
159,349,528
316,331,530
781,817,532
974,543,536
89,8,538
198,20,540
647,163,543
470,484,546
311,345,553
623,753,556
553,58,561
850,712,566
413,166,570
770,310,574
247,60,578
836,761,583
924,126,587
505,114,591
885,834,600
110,15,606
940,991,608
580,874,611
125,574,615
640,203,616
564,747,618
369,881,622
186,32,626
600,670,628
652,761,630
150,696,634
407,166,637
826,578,640
725,7,645
897,714,646
569,145,647
14,905,652
992,135,655
537,382,663
155,996,668
988,978,669
499,475,672
241,798,680
686,438,684
303,651,688
401,282,693
275,236,697
723,514,700
421,575,705
778,943,707
698,498,707
76,405,714
210,606,717
320,79,721
502,828,724
99,893,729
823,348,735
873,959,736
279,954,740
84,236,747
897,422,750
374,477,754
362,625,760
815,972,764
303,785,766
694,44,775
250,331,781
294,561,786
497,602,788
483,461,792
681,309,794
671,861,799
561,603,806
472,320,811
837,521,812
83,156,815
384,284,818
756,62,821
304,389,825
70,797,831
439,140,836
835,154,839
438,962,841
197,920,845
993,165,850
421,576,854
967,724,860
528,632,862
654,424,866
656,786,870
44,270,873
477,957,876
314,982,881
33,741,887
187,648,888
389,450,893
34,542,901
478,861,904
140,430,907
570,720,912
16,685,914
765,303,921
675,433,923
126,403,930
671,695,932
785,101,933
790,802,937
451,546,944
936,874,947
454,800,949
962,395,949
623,999,951
446,950,954
224,628,957
69,131,957
326,31,960
543,519,966
621,705,972
662,707,976
987,682,984
622,724,989
580,795,993
561,719,995
646,600,998
370,289,2
126,581,7
230,531,10
197,100,14
623,31,18
573,568,24
748,97,33
91,752,40
844,568,49
63,733,52
164,793,56
630,290,62
2,516,63
662,603,71
888,134,72
997,601,81
531,655,86
580,404,89
899,87,96
41,96,104
78,812,106
720,635,109
475,211,112
113,728,115
692,845,116
677,162,120
374,948,125
935,30,131
763,771,140
661,141,143
561,227,152
120,870,158
541,678,161
178,565,164
709,570,167
333,13,175
454,410,176
555,445,191
170,547,195
491,425,202
418,599,202
63,991,207
877,658,210
457,856,214
616,332,220
989,318,224
965,889,234
179,143,239
243,367,244
684,751,255
945,71,259
977,411,267
415,598,275
14,433,286
896,639,291
350,567,299
260,886,311
677,995,320
214,840,322
765,766,324
241,857,326
545,669,332
638,841,336
247,696,340
993,384,345
121,893,350
887,253,358
80,965,362
891,998,365
260,58,373
252,48,378
281,4,381
166,466,390
403,500,396
618,360,399
787,393,401
268,34,407
427,750,409
937,79,410
392,420,416
573,755,420
887,296,435
610,952,442
247,514,449
186,226,453
409,23,460
655,941,464
126,348,475
35,506,479
833,586,484
771,668,491
640,402,493
643,59,499
105,406,507
749,297,509
753,300,512
545,145,521
380,326,524
651,770,532
197,895,535
359,620,537
197,473,542
760,702,547
98,448,549
904,590,554
739,300,563
555,551,565
161,364,573
812,205,577
93,658,579
71,78,584
671,574,588
283,440,589
484,296,597
168,339,600
131,416,603
772,483,613
691,16,619
205,360,623
254,614,627
703,218,636
871,775,646
112,821,649
139,748,652
19,137,655
154,281,657
62,254,659
369,880,666
689,159,669
213,911,673
970,868,676
75,349,680
826,885,682
842,650,693
494,141,699
966,894,702
759,698,707
725,3,709
619,890,714
651,423,716
709,408,722
802,69,727
839,587,729
404,810,733
426,645,737
442,85,740
117,13,748
987,416,751
241,564,760
841,880,773
986,926,777
567,109,781
289,447,785
493,913,792
98,767,797
468,108,802
162,224,807
285,83,811
937,753,816
361,637,822
913,886,830
172,67,833
325,603,837
836,635,842
844,681,849
475,182,852
830,692,856
689,243,859
944,515,866
707,836,870
219,950,871
619,802,876
655,81,880
693,31,881
798,518,882
302,157,887
453,372,890
368,697,898
877,557,902
106,490,911
544,7,918
33,606,922
410,334,929
58,790,931
425,851,941
848,265,944
410,811,953
427,204,960
424,849,964
302,951,968
984,215,972
507,994,979
329,744,985
323,58,986
542,319,992
659,319,997
412,262,0
342,591,1
544,351,1
519,457,2
744,829,4
254,386,5
447,719,7
657,780,10
812,998,12
789,776,15
38,70,16
542,172,19
39,492,22
857,859,24
812,508,24
786,99,27
266,737,29
669,78,30
509,163,32
725,795,35
22,459,38
911,532,38
875,474,41
222,408,42
480,678,44
513,2,47
495,648,48
307,0,51
40,7,54
179,200,56
497,221,58
313,791,61
373,588,63
252,648,64
271,764,68
409,564,70
434,329,71
952,817,73
178,633,75
490,19,77
404,377,80
124,101,84
152,540,86
793,231,87
306,377,89
467,985,92
199,808,92
376,417,94
797,679,97
94,906,99
632,710,102
262,874,106
847,231,109
273,142,110
371,550,112
84,987,116
462,926,123
87,732,126
495,634,129
591,962,132
496,865,136
364,865,137
282,491,139
528,51,140
390,419,142
397,208,144
963,383,145
762,818,149
316,31,150
609,695,152
223,367,154
779,871,155
785,498,156
37,525,157
950,610,160
71,148,161
44,82,162
177,43,163
943,715,166
619,370,168
188,290,169
498,586,170
697,164,171
135,792,172
22,183,174
708,780,175
22,562,176
333,804,180
188,40,183
218,859,184
794,582,185
719,187,187
948,682,190
421,189,193
266,657,195
863,54,197
145,881,199
857,748,201
13,315,202
975,551,203
70,283,206
840,880,207
818,961,210
571,953,212
960,571,215
220,262,217
922,630,219
962,372,221
568,13,223
324,784,223
624,443,226
28,661,227
245,929,232
16,55,233
77,158,234
736,685,236
762,942,238
666,285,239
141,511,240
944,617,241
222,683,244
289,905,246
928,360,248
961,357,248
495,288,251
354,112,253
800,838,258
459,13,261
493,339,262
612,16,263
582,470,264
688,797,267
670,150,269
777,773,272
52,557,273
742,865,275
432,508,279
841,505,280
897,263,281
92,316,283
96,50,284
897,845,286
462,162,288
550,248,291
680,77,294
41,524,296
731,583,298
52,422,299
332,578,300
263,864,303
308,168,308
628,461,309
410,554,312
53,363,313
498,322,317
995,655,320
56,801,322
542,341,325
801,449,325
952,860,326
906,927,328
441,832,328
522,377,330
822,267,332
311,563,335
120,652,337
840,651,338
249,868,339
265,335,341
715,316,343
148,726,346
77,556,348
0,80,351
240,145,353
300,34,354
233,708,355
405,108,358
898,580,358
603,820,360
636,682,363
169,133,363
130,898,367
151,315,369
394,411,370
260,79,370
343,605,371
8,158,374
555,489,376
434,847,381
640,326,385
244,286,386
55,415,387
446,659,388
95,621,389
894,401,392
504,146,395
262,594,397
613,455,399
911,309,401
429,944,403
90,879,405
597,374,407
775,45,408
87,245,410
84,453,411
181,234,412
509,182,413
708,666,417
168,827,419
869,821,421
998,517,424
849,891,425
662,964,427
163,186,429
56,550,431
179,204,432
563,849,434
245,42,437
297,958,438
191,203,440
601,159,441
316,972,445
21,12,448
262,616,450
256,17,453
868,179,454
1,427,457
704,327,460
364,113,461
852,718,462
442,967,463
714,859,466
916,61,467
901,812,469
24,577,470
708,685,472
919,339,473
580,576,479
484,706,480
843,10,482
438,109,485
852,223,487
77,515,489
412,691,491
606,287,497
687,325,499
319,385,500
675,683,504
469,758,506
214,948,508
458,752,510
702,255,513
231,850,514
175,566,515
463,306,516
68,554,517
841,211,518
3,552,519
489,575,522
896,729,525
291,811,525
798,611,526
984,298,529
433,444,531
570,606,533
696,724,534
695,763,537
561,364,541
272,454,542
1,263,543
72,400,545
360,254,547
451,271,550
577,88,552
70,839,554
22,312,556
462,801,556
116,422,558
393,255,560
14,556,561
669,179,562
37,545,565
666,404,565
267,420,568
381,103,569
475,755,571
521,839,571
206,650,574
918,335,576
352,376,577
538,651,580
572,236,580
86,931,582
261,839,585
39,924,585
430,656,588
440,305,589
617,497,591
35,7,593
358,606,595
156,89,595
113,902,598
620,882,598
418,382,599
467,75,602
164,216,605
648,532,607
962,295,608
714,257,610
61,52,613
944,438,615
196,346,616
967,200,617
927,205,619
213,666,621
987,987,625
433,619,628
595,401,630
282,549,631
577,279,633
36,504,635
218,753,637
872,46,639
935,973,641
744,668,643
365,273,645
535,983,646
981,761,648
780,898,650
902,990,651
971,503,652
982,33,653
872,725,656
498,827,657
148,558,659
561,117,660
554,477,661
827,727,662
414,199,666
16,188,667
493,313,668
259,876,669
63,263,672
175,977,673
662,306,675
652,158,677
552,421,681
677,269,682
676,331,687
226,655,687
200,178,691
866,781,693
492,810,694
730,168,696
556,684,698
950,240,701
924,75,701
660,865,704
793,879,705
655,38,706
210,798,708
733,328,709
278,633,711
684,923,713
300,583,714
230,625,715
102,45,717
71,297,718
918,218,720
221,652,722
69,472,725
750,128,727
697,802,730
500,263,733
992,993,738
252,524,738
828,541,739
487,489,740
235,232,741
751,158,744
749,519,745
908,990,746
883,488,751
174,530,752
593,669,753
524,357,758
371,130,760
971,590,761
296,544,764
363,982,765
119,694,767
816,143,769
178,471,771
577,397,774
931,210,774
804,422,775
587,167,777
916,551,778
553,143,781
955,72,782
789,922,783
646,533,785
134,736,789
467,522,791
294,351,792
307,899,795
282,213,795
236,114,796
595,769,799
539,70,802
125,319,802
18,44,803
621,925,806
759,57,810
840,292,811
418,654,813
769,201,815
977,911,817
91,315,818
848,454,819
671,543,821
444,354,822
929,787,824
194,359,828
168,849,829
719,556,831
117,320,832
466,871,835
870,205,837
679,331,839
399,934,840
731,77,842
4,214,845
511,186,846
78,849,848
981,963,848
535,662,850
10,0,853
323,692,854
289,262,857
516,602,858
204,830,859
38,75,862
67,548,864
978,281,866
969,482,867
828,934,867
586,404,869
376,749,871
702,547,874
570,822,877
679,180,879
344,745,880
733,0,881
67,227,884
886,472,887
325,535,888
391,982,892
987,73,892
984,145,893
697,401,897
738,900,899
587,379,900
679,698,902
8,386,904
786,287,905
248,427,907
490,797,907
13,950,911
41,196,912
535,302,913
964,84,915
368,552,917
700,243,918
893,820,920
585,12,920
368,439,924
167,486,925
38,883,926
284,270,928
35,942,931
656,378,934
822,404,936
348,138,937
767,643,937
52,175,939
550,251,942
283,0,944
871,887,945
516,322,948
988,168,950
836,85,950
607,709,953
436,443,959
414,83,960
625,188,963
297,507,966
83,537,967
444,63,969
46,603,971
288,270,972
241,835,976
263,618,979
99,706,982
729,166,985
72,91,986
869,543,987
226,86,989
793,511,992
730,281,996
161,335,997
701,207,999
423,290,8
33,235,9
411,197,13
695,71,14
131,92,18
291,799,21
711,430,25
595,75,28
155,264,30
410,636,36
655,729,38
443,8,44
293,804,49
91,117,55
906,67,62
644,726,64
61,973,72
42,304,75
957,397,79
647,586,84
793,636,89
10,489,91
273,522,95
264,384,100
397,731,105
910,983,106
377,222,111
154,320,113
257,186,117
673,159,119
533,504,121
347,931,127
862,896,128
8,297,131
565,551,136
292,6,145
857,887,149
878,112,154
519,600,156
835,690,160
987,211,165
541,511,168
191,740,171
689,640,176
582,854,182
269,477,187
575,766,189
802,130,193
749,896,197
88,298,202
952,705,206
691,327,208
618,204,210
479,980,214
939,18,217
232,275,220
908,797,227
211,543,230
651,32,232
560,311,234
780,225,235
519,111,238
949,291,246
303,402,249
293,538,251
108,924,254
584,445,255
645,668,257
450,424,264
554,588,267
735,243,270
254,161,273
18,726,275
831,951,277
588,531,278
467,77,289
146,613,290
145,150,293
159,389,297
37,25,303
764,470,305
522,477,307
787,255,310
485,170,313
901,790,317
61,772,323
477,765,324
396,473,329
754,641,332
208,561,332
170,295,335
543,726,338
169,603,347
492,324,350
141,570,353
21,846,356
140,576,362
415,584,365
281,878,368
8,486,369
807,109,377
331,638,381
47,516,385
894,734,391
249,985,399
52,49,402
834,628,408
676,580,413
336,451,417
314,103,420
542,433,425
484,792,427
308,615,435
492,966,442
251,641,446
977,582,448
877,181,450
506,699,456
875,851,464
20,859,468
768,630,473
531,608,475
446,298,480
881,428,487
798,929,494
65,739,497
627,911,508
152,772,509
832,894,511
143,358,513
937,991,519
471,130,524
341,182,526
272,806,530
103,416,534
71,852,538
382,146,539
271,44,543
819,779,550
370,928,554
992,682,559
31,245,565
85,777,569
473,355,573
481,664,579
873,767,585
530,864,589
505,73,593
316,362,595
488,389,598
205,293,602
740,892,607
593,320,609
962,35,611
633,737,613
127,452,615
0,70,618
109,459,621
661,308,627
468,411,632
174,112,635
339,822,638
569,942,644
393,488,648
281,875,654
731,706,657
220,231,660
902,686,664
569,912,666
197,117,671
289,45,675
514,368,678
537,53,680
509,584,685
927,490,689
852,892,690
494,913,693
948,280,695
841,780,700
486,262,703
103,116,707
267,921,708
187,764,716
745,770,717
305,368,718
397,253,724
177,690,725
533,990,730
712,821,734
229,292,738
516,107,745
898,987,750
862,961,752
592,138,754
746,216,756
398,143,761
244,748,762
757,813,764
909,576,769
674,28,773
560,921,778
290,281,781
532,553,785
552,649,787
234,431,790
716,573,793
994,791,798
967,328,803
569,992,809
862,789,811
649,235,814
571,713,817
492,148,820
698,662,821
552,88,831
21,25,835
506,191,837
781,219,841
690,656,850
518,668,852
180,396,857
858,153,861
138,939,863
63,930,866
483,941,871
200,446,874
813,206,880
571,680,885
695,756,889
31,601,891
474,18,893
612,539,902
514,781,912
204,766,914
228,502,918
681,630,921
631,132,925
281,927,930
848,249,934
983,832,939
490,425,945
603,99,953
546,659,954
636,819,958
20,46,963
875,944,963
9,77,967
259,173,969
782,317,973
972,603,975
789,118,981
584,295,984
318,553,987
460,77,989
222,114,994
330,561,999
851,333,2
272,314,10
992,545,16
10,250,18
463,547,20
667,571,21
582,732,26
859,187,28
517,207,30
11,222,33
51,940,35
617,998,37
821,882,40
848,248,43
746,734,45
350,134,52
334,95,56
488,216,60
764,238,62
116,377,66
5,657,69
627,652,71
600,349,76
978,577,80
742,418,83
630,92,89
185,790,92
788,410,95
903,521,96
954,786,101
728,593,102
958,325,106
398,681,110
870,139,115
721,141,119
702,764,122
251,372,124
693,812,126
190,683,131
442,332,133
509,535,138
23,538,142
335,98,145
863,760,148
797,332,151
899,919,154
797,730,159
953,178,163
959,657,172
397,459,175
503,796,179
887,312,180
357,396,184
454,102,185
406,75,186
994,406,189
85,640,191
633,803,198
847,719,202
975,684,205
225,825,208
460,442,214
76,342,218
3,678,220
606,348,227
365,203,231
200,951,233
36,659,235
283,602,244
210,93,246
776,131,251
565,230,253
399,169,255
457,261,258
665,32,260
377,436,262
965,692,268
852,375,270
684,315,275
326,77,277
442,309,279
34,413,284
991,760,285
898,743,287
170,472,289
442,365,291
3,80,296
741,848,299
785,8,304
811,737,307
411,195,309
971,274,311
156,523,316
51,570,325
128,401,330
589,369,335
340,181,337
594,71,339
482,867,342
313,822,347
52,755,349
158,668,352
765,127,356
903,212,358
432,817,361
99,897,363
635,974,365
608,987,368
969,332,372
396,476,375
171,867,379
849,647,382
535,433,388
235,326,391
669,18,398
925,432,401
706,165,403
101,569,409
354,338,416
136,717,419
550,359,425
433,563,427
521,507,430
676,941,433
783,767,436
367,917,439
676,183,444
225,126,446
183,337,451
192,416,454
989,837,458
76,30,467
327,504,470
904,973,473
481,213,476
487,724,485
663,982,486
652,758,489
951,325,497
97,343,500
4,537,505
123,689,507
306,194,513
626,587,520
120,919,523
438,481,527
241,345,531
441,591,534
260,418,537
946,974,544
853,776,547
298,744,551
191,441,553
296,583,557
838,10,562
184,508,567
80,423,574
107,151,576
908,634,579
789,485,587
755,564,589
751,648,595
343,286,597
133,889,604
875,858,615
388,502,622
542,93,625
626,91,627
46,653,630
880,909,641
615,795,642
739,328,645
327,698,648
566,986,652
803,964,654
380,617,663
65,432,667
666,706,670
510,895,675
326,241,683
862,215,685
75,668,687
378,933,690
189,485,694
203,864,697
774,369,704
451,157,706
254,53,714
549,998,721
672,479,726
223,950,732
372,127,735
521,397,743
950,332,748
515,935,752
537,585,763
88,504,769
847,355,770
506,256,775
199,567,778
851,524,782
653,566,785
795,480,793
686,634,799
609,387,802
925,962,806
223,131,809
889,574,816
472,578,820
487,188,824
987,455,826
644,816,829
771,264,832
807,628,835
517,824,838
9,74,840
777,116,848
388,667,852
425,8,858
626,439,863
907,308,865
582,179,871
311,113,877
616,695,879
296,344,887
821,365,887
109,381,893
140,482,896
214,826,898
501,792,910
819,373,915
376,369,922
46,479,924
671,405,929
372,785,933
923,855,934
570,421,936
955,473,940
636,556,945
203,96,948
950,94,951
268,430,954
285,964,958
801,134,963
474,400,965
239,515,967
193,262,969
557,463,973
500,565,978
117,482,981
936,462,985
394,224,988
954,66,991
654,33,993
450,276,996
