678,201,334
388,856,334
378,537,335
449,559,336
217,538,337
598,846,338
789,614,338
68,677,339
463,698,339
910,467,341
75,748,342
876,914,342
479,162,343
277,442,349
409,446,349
252,789,353
408,403,355
546,580,365
800,193,367
764,936,369
245,108,370
553,872,371
149,558,372
771,316,372
189,636,378
533,865,378
510,813,379
901,656,379
483,849,379
433,471,379
839,977,380
345,525,381
114,752,383
744,27,383
489,501,388
401,163,388
232,989,390
972,76,393
27,244,393
229,473,399
564,295,399
21,241,400
732,575,401
790,384,402
643,642,402
686,709,402
769,648,409
693,693,409
869,421,410
781,260,414
241,488,419
259,423,419
536,182,421
923,701,421
516,772,421
508,530,422
163,205,423
459,425,423
818,741,426
22,596,428
838,69,429
109,739,429
869,754,430
764,955,430
955,672,433
53,164,435
485,587,435
634,935,436
327,470,436
663,865,438
557,238,440
214,24,442
652,197,443
694,337,443
522,127,444
799,5,445
521,566,447
367,563,450
23,592,452
583,364,453
616,194,454
488,225,454
203,916,455
918,205,455
170,32,455
170,73,457
87,409,461
829,305,466
991,926,467
600,490,472
525,24,472
904,448,472
863,828,473
179,769,473
576,468,474
775,50,476
804,926,476
115,644,478
66,331,478
417,12,480
220,695,480
892,286,480
963,901,481
356,131,481
810,117,481
848,693,484
190,36,485
969,415,486
398,239,486
805,415,488
131,866,492
460,974,494
658,211,494
796,143,495
136,89,497
68,421,497
697,403,498
204,132,503
468,861,503
285,792,504
897,500,504
32,547,506
176,982,506
882,538,507
869,72,510
51,863,510
396,350,511
480,249,518
199,99,524
101,507,530
347,913,530
272,782,531
568,44,533
838,509,534
694,950,535
848,71,541
82,121,542
434,726,543
749,80,544
20,462,544
862,164,544
940,767,546
813,596,546
989,501,547
357,17,549
727,6,549
529,995,550
131,598,552
655,913,552
683,683,553
378,722,555
899,813,556
82,311,558
703,864,559
391,16,559
925,560,559
689,642,559
67,533,559
171,632,559
438,103,562
923,26,563
85,444,563
772,643,563
405,300,564
273,78,566
583,521,567
109,614,568
473,8,569
872,195,574
211,230,575
486,668,576
471,773,577
660,335,577
406,953,577
151,342,579
214,208,579
178,211,579
379,742,580
418,531,582
981,486,582
257,233,583
591,634,585
565,210,586
673,480,586
449,506,587
987,706,587
272,688,587
782,732,588
126,201,590
476,895,593
171,777,594
119,393,594
627,809,596
605,516,597
715,681,601
428,257,601
892,19,602
102,161,602
151,513,602
367,375,602
858,813,603
929,305,605
201,455,605
489,825,607
101,425,608
51,546,611
409,755,611
988,675,612
209,957,614
349,282,617
674,998,618
283,170,620
767,204,621
829,951,621
978,721,622
622,282,622
13,16,624
618,980,625
366,694,626
452,724,627
440,874,628
787,939,630
262,285,631
272,703,632
977,915,637
545,540,637
763,567,638
635,967,640
981,878,643
388,709,644
254,869,647
745,459,647
772,35,647
880,873,647
548,431,648
521,96,649
91,794,649
531,39,650
788,857,657
651,532,660
830,612,661
635,520,661
878,304,661
835,927,662
244,972,663
922,186,664
319,668,667
902,806,667
196,509,668
955,777,669
804,721,673
679,326,680
102,183,680
166,641,681
391,725,682
682,938,682
3,74,682
997,677,683
482,936,683
210,128,684
629,543,690
304,770,691
331,706,693
620,591,694
893,705,695
981,897,696
656,499,697
746,310,699
370,370,701
661,504,702
651,77,703
557,623,705
591,825,706
981,483,709
530,789,710
572,390,710
191,556,714
262,707,716
37,558,723
910,729,724
12,467,725
521,891,727
185,485,727
404,432,729
276,785,730
504,929,732
359,460,734
21,156,737
492,479,738
499,549,739
179,375,740
814,340,741
837,373,743
822,745,747
162,881,749
970,92,750
235,160,752
210,343,755
296,998,756
515,929,757
709,927,757
185,927,757
190,736,757
873,587,760
122,464,763
145,546,764
263,323,764
628,480,764
929,99,764
833,116,765
87,676,766
145,343,766
727,63,767
273,482,770
857,717,772
900,689,772
389,787,773
981,950,773
414,655,774
929,117,777
199,621,777
82,721,782
836,937,782
743,399,783
289,503,795
111,914,797
840,487,800
115,721,801
81,896,802
808,750,803
295,562,803
486,149,806
29,855,807
354,753,808
862,520,810
896,30,811
772,993,813
259,957,814
912,648,815
104,827,815
233,620,816
40,552,816
204,539,817
889,462,818
495,97,819
374,542,824
279,691,829
181,359,831
790,151,832
663,887,833
699,418,835
140,825,836
220,456,836
614,148,839
479,325,846
333,189,850
27,561,851
831,775,853
18,447,854
460,262,854
772,757,856
397,432,857
776,822,858
367,697,861
938,214,861
433,87,861
34,121,862
5,871,862
586,255,863
817,996,864
425,178,867
474,29,869
788,431,869
690,314,870
108,215,870
664,596,870
439,788,872
404,34,872
876,945,875
503,100,876
323,197,879
331,340,880
360,208,882
832,468,884
878,936,884
456,577,885
722,239,889
860,833,890
83,777,891
362,595,891
213,616,893
387,812,893
206,585,894
768,886,894
268,455,895
783,478,898
166,788,898
5,18,898
45,427,899
580,393,905
802,417,905
437,698,906
530,131,906
23,952,908
852,352,910
779,908,911
483,114,913
444,571,913
971,493,913
192,226,917
123,726,918
130,877,919
872,41,921
818,142,921
933,812,921
56,81,922
287,924,924
19,660,924
352,846,929
284,320,934
467,51,935
508,716,937
447,339,938
813,916,939
205,847,940
943,181,940
287,781,947
2,726,947
895,927,948
177,283,948
491,4,949
686,814,950
768,823,951
398,506,952
635,263,957
91,729,958
773,495,959
178,248,959
336,302,960
271,792,960
868,654,962
596,901,963
977,352,963
924,595,964
776,762,966
335,942,967
930,775,971
390,945,971
827,87,973
230,157,975
757,27,976
745,325,980
442,111,982
174,13,983
524,250,983
39,586,984
675,712,987
653,801,987
384,366,989
382,211,994
254,393,994
125,792,995
53,989,996
436,270,997
35,512,998
532,921,999
982,384,0
682,252,1
321,362,2
232,857,2
770,499,4
664,694,4
794,42,5
15,925,10
413,219,11
794,85,11
914,581,13
192,586,14
874,237,15
469,709,17
843,183,17
460,899,19
171,186,19
672,55,20
110,224,22
71,997,22
489,273,23
63,655,24
354,193,26
828,391,26
440,404,27
25,621,28
476,816,30
573,941,30
751,219,31
10,448,31
886,8,31
327,107,32
298,284,33
90,574,38
217,187,39
240,570,39
353,493,40
944,711,41
344,530,42
838,699,43
465,798,44
144,647,45
656,895,47
203,465,48
845,693,48
29,679,52
995,17,52
438,703,52
37,894,53
384,857,57
261,330,57
855,686,58
6,522,58
141,628,59
866,239,59
88,902,60
940,222,60
743,107,61
197,870,61
628,74,61
147,288,62
220,273,64
85,749,65
663,817,69
50,995,71
44,319,74
888,598,76
824,260,79
673,841,83
699,959,84
135,843,84
893,644,86
605,347,88
24,35,91
85,302,91
107,296,95
739,359,95
324,460,95
504,905,96
537,217,97
794,743,98
390,920,98
850,703,99
619,584,101
859,47,102
791,960,102
331,335,103
302,708,103
761,197,104
704,386,109
866,123,110
840,423,114
54,245,115
255,362,116
291,921,118
908,784,121
122,901,123
389,98,125
180,46,126
913,176,126
981,514,127
934,198,132
363,433,133
845,205,135
454,563,136
562,810,136
348,703,137
812,977,137
888,309,138
818,828,139
340,572,139
329,335,141
749,299,141
742,5,143
603,288,146
299,665,148
145,999,151
34,402,152
177,961,154
397,340,154
651,775,156
684,516,159
34,667,160
37,704,160
459,265,160
752,970,162
124,337,163
612,887,165
833,249,167
777,400,168
31,416,171
296,962,171
713,424,174
726,273,175
650,895,176
856,624,179
703,88,180
632,358,180
139,506,181
292,101,184
983,35,186
60,264,186
778,49,189
586,568,189
781,538,190
379,148,191
67,870,192
407,756,192
849,490,192
827,145,193
819,831,194
738,141,195
624,636,198
843,148,199
205,391,200
583,933,202
827,993,204
822,12,206
808,447,210
360,665,211
606,744,211
200,629,212
824,233,212
309,372,213
384,688,216
76,365,216
845,178,220
194,511,221
436,482,230
698,468,230
698,789,231
702,91,231
397,26,232
663,672,236
818,864,238
498,956,239
285,666,240
944,908,240
208,224,243
880,648,244
294,105,244
868,389,246
711,980,250
578,464,253
640,259,257
342,244,257
227,493,257
546,813,257
763,459,259
108,476,259
498,511,261
264,748,262
110,847,263
715,240,269
903,798,271
677,781,272
733,560,272
156,86,272
243,840,272
422,307,274
369,565,279
134,113,279
322,782,283
715,138,283
341,981,284
700,713,289
101,382,293
40,378,293
729,361,294
376,975,296
551,404,297
964,557,298
639,288,302
254,227,304
86,833,307
763,719,309
703,92,311
297,222,311
504,751,311
32,459,313
475,588,314
694,876,316
865,60,316
586,736,317
653,414,318
562,943,319
106,279,320
987,1,320
673,716,322
40,795,322
92,631,323
893,965,323
381,93,324
485,110,324
310,824,326
633,341,328
276,461,332
894,491,332
719,616,336
240,156,337
795,216,337
459,397,337
370,918,339
850,825,339
267,630,340
557,815,341
350,494,341
797,239,342
536,707,343
437,916,346
90,582,347
441,814,347
217,167,347
964,558,348
511,116,349
205,198,351
621,591,351
931,604,352
189,958,354
632,996,355
297,970,356
319,515,357
931,848,359
583,525,360
804,684,360
518,65,366
162,732,366
638,670,370
366,245,370
882,726,373
38,767,373
70,219,376
59,184,378
12,493,379
517,808,380
999,698,387
75,693,387
36,66,388
695,8,394
984,618,394
411,70,396
12,62,398
770,179,401
305,972,402
130,728,402
425,882,408
976,770,410
931,109,410
548,550,410
591,907,413
709,817,416
512,776,416
24,738,417
999,248,418
299,175,418
4,678,419
253,426,422
694,111,423
298,180,427
697,939,428
909,963,429
46,341,431
815,631,431
21,870,432
878,171,433
216,480,434
886,760,436
661,931,436
721,315,438
43,940,439
741,389,442
714,606,444
436,510,444
445,264,451
255,232,453
572,606,454
318,507,457
662,474,458
343,154,458
56,919,458
967,702,461
763,662,461
853,241,461
844,863,463
174,610,463
104,503,465
217,425,465
285,612,465
527,925,468
833,861,469
547,45,469
516,849,471
980,357,472
323,399,475
36,530,475
818,121,476
225,411,478
881,781,479
56,324,480
235,478,481
625,539,481
930,742,482
688,637,483
634,30,484
465,553,485
300,911,486
768,828,487
87,358,492
208,417,497
856,705,498
950,837,499
126,274,500
494,617,502
244,561,503
33,204,503
772,755,505
990,565,505
851,890,506
392,701,506
653,623,511
406,248,512
781,281,512
878,815,514
215,634,514
253,899,515
862,842,517
881,708,517
900,715,517
178,195,517
992,332,517
346,211,520
308,847,525
421,606,527
771,925,527
187,866,535
288,268,539
267,379,540
51,308,542
761,901,542
24,109,542
945,999,550
789,673,552
360,410,553
263,599,554
553,606,555
882,932,555
784,762,557
701,889,558
29,258,559
922,400,560
142,284,562
993,746,563
374,894,563
786,366,564
463,369,564
603,850,567
70,914,570
250,498,572
525,400,574
628,646,574
852,810,576
914,416,578
411,716,579
792,421,580
611,75,583
683,842,583
366,931,584
105,445,584
677,177,585
539,690,585
970,989,588
71,555,591
814,643,592
934,891,593
457,849,593
513,47,594
580,83,597
0,944,599
265,769,599
328,731,600
428,803,601
348,837,601
949,454,602
335,919,605
161,214,605
459,61,607
183,416,610
511,396,611
835,446,611
17,808,613
650,761,614
885,131,614
538,659,617
315,550,617
803,984,618
248,238,618
895,25,620
942,184,621
221,680,621
996,2,622
139,703,623
227,580,625
308,532,630
255,409,631
263,589,635
39,921,638
296,140,638
210,578,639
276,551,642
213,812,644
555,167,644
265,932,645
261,365,648
214,223,650
12,234,652
845,18,654
388,537,656
933,160,656
179,810,657
274,356,658
247,811,660
432,567,668
86,589,673
779,349,675
911,128,675
951,629,676
322,982,678
769,296,680
451,390,681
327,781,681
630,466,682
681,156,684
470,904,685
523,160,689
436,62,692
204,903,692
155,806,692
244,26,693
580,504,693
117,81,693
817,33,693
292,654,696
564,249,696
450,310,699
264,109,699
749,219,702
800,998,702
63,913,703
861,565,704
226,548,705
332,761,707
606,39,709
383,28,711
956,929,717
512,204,717
803,839,719
883,956,719
118,126,719
269,212,720
667,212,720
939,433,721
645,541,728
329,740,729
662,133,732
473,659,738
716,428,740
141,123,742
559,891,743
339,360,743
236,324,744
84,962,744
494,291,745
931,952,746
804,373,750
581,695,751
866,416,753
316,166,754
944,740,755
159,242,758
527,475,758
312,445,759
442,873,761
483,497,761
857,820,762
725,817,764
396,799,764
258,953,766
617,460,766
270,746,767
90,277,768
524,190,768
560,811,770
728,232,770
432,885,772
158,546,775
527,590,780
334,386,781
559,784,782
608,362,783
876,886,783
898,582,783
678,608,786
507,677,789
112,36,790
343,164,794
17,321,794
934,418,794
982,970,794
559,417,796
792,212,797
266,35,798
398,710,799
693,128,800
263,836,801
739,700,801
657,504,803
478,153,803
568,525,804
764,509,810
298,584,814
776,433,816
614,762,816
817,973,817
991,458,819
609,902,819
606,27,821
632,715,821
23,765,823
670,728,825
707,439,825
548,870,828
897,116,828
706,440,830
579,945,831
950,686,832
175,139,832
661,512,834
464,121,834
271,284,836
236,773,838
709,679,838
579,38,839
911,943,840
551,879,840
861,440,843
163,593,843
530,386,844
821,691,846
119,521,847
338,880,847
231,407,847
680,378,853
484,153,854
351,978,855
109,697,856
459,705,858
713,343,864
829,14,867
248,515,868
351,311,868
543,135,868
564,914,871
15,309,872
613,233,872
887,381,873
853,283,873
761,567,876
728,484,878
247,691,879
836,425,880
748,321,881
142,176,882
889,10,890
688,316,894
604,688,895
839,34,895
753,754,896
143,285,896
975,283,898
594,330,900
246,217,900
734,68,903
190,937,904
924,379,906
258,686,907
100,308,910
379,421,910
130,420,911
462,872,912
383,337,913
157,438,918
183,226,918
11,956,920
335,642,920
248,13,920
633,954,923
758,806,927
666,580,928
808,282,936
499,651,936
520,682,938
955,202,940
187,432,941
718,818,944
553,130,945
185,481,945
41,488,950
412,237,952
583,159,953
0,917,954
119,101,955
794,990,955
609,669,957
740,332,961
772,812,962
663,395,962
956,686,962
646,962,969
587,454,970
246,503,970
994,488,971
404,232,973
225,69,974
571,832,975
58,220,976
750,483,976
993,71,978
33,631,980
121,416,980
385,251,981
386,655,982
401,217,983
231,419,985
977,260,988
32,860,989
603,129,991
629,133,994
105,773,997
396,767,998
509,326,998
278,222,1
399,322,1
806,26,2
733,850,2
866,866,4
821,490,5
271,452,7
863,843,13
832,672,13
445,175,15
698,44,15
190,953,17
414,472,17
118,255,17
444,872,19
205,566,33
628,671,34
259,839,38
403,396,38
252,987,39
565,326,39
164,39,45
575,823,46
738,308,49
370,581,51
886,826,51
705,722,51
876,128,55
107,798,57
453,103,57
304,869,57
931,585,59
701,761,60
598,769,60
572,960,61
701,79,68
200,610,68
273,582,70
331,449,74
235,386,83
370,391,84
622,174,85
374,782,86
19,530,88
888,92,90
649,737,93
431,916,96
141,53,98
679,455,98
590,920,99
175,502,101
69,50,103
27,916,103
263,604,105
446,252,105
663,117,109
937,757,110
568,9,115
254,397,116
606,835,117
549,32,120
649,730,120
210,158,122
948,605,124
311,780,125
592,934,125
951,841,127
531,148,128
144,718,129
102,545,131
290,769,132
114,82,133
919,559,133
278,690,134
364,881,137
276,931,138
36,172,139
875,338,141
854,603,142
746,635,146
368,455,147
993,263,149
993,272,152
981,131,154
636,1,156
90,422,156
359,743,157
714,356,158
738,919,158
403,838,160
827,487,160
813,182,160
767,689,165
972,237,165
26,946,166
521,399,168
686,581,168
571,263,169
530,215,170
887,99,172
474,24,172
787,260,175
660,365,175
109,737,178
507,150,179
226,419,179
217,31,180
161,876,181
287,799,182
70,582,184
352,236,186
601,709,190
711,128,191
152,387,191
627,153,191
17,6,191
754,427,194
850,591,194
412,403,195
981,588,195
68,127,196
489,149,196
513,503,197
33,795,197
331,397,198
973,446,199
545,816,201
65,908,202
447,728,202
327,227,208
588,274,210
244,289,211
421,801,213
831,424,214
899,277,214
896,595,214
129,158,219
591,974,219
483,464,221
698,254,225
42,997,225
732,762,228
838,187,229
613,919,230
900,813,230
51,637,232
605,116,234
698,415,235
817,174,235
11,131,236
730,661,236
618,633,238
161,99,239
557,454,240
118,477,241
946,931,243
798,630,243
348,149,244
989,984,249
93,347,250
466,798,251
376,750,251
912,812,254
411,667,256
309,337,256
433,987,260
795,630,262
508,772,262
638,345,263
989,312,264
564,818,266
796,195,266
8,944,268
574,647,271
209,21,271
873,431,274
197,704,276
904,809,277
737,281,280
871,633,280
735,40,282
216,613,285
249,756,285
709,33,293
282,126,294
903,372,294
398,557,295
904,595,297
689,240,299
866,692,301
452,160,302
322,189,303
90,686,305
982,269,308
596,956,309
916,999,309
176,954,313
189,694,314
982,580,315
654,273,318
999,681,318
616,398,318
848,142,322
932,587,322
122,644,322
476,182,330
905,36,330
886,853,338
890,767,341
557,209,341
589,955,342
649,778,343
564,798,343
156,964,344
63,581,347
360,257,349
591,892,349
442,374,350
999,705,352
112,195,352
339,817,355
358,785,357
38,342,359
44,172,360
863,45,362
393,106,365
198,421,366
684,55,368
117,125,369
461,938,371
780,840,372
193,821,372
869,112,373
613,350,373
231,803,375
841,951,378
288,339,379
655,935,381
85,976,382
782,963,382
444,657,383
577,186,384
130,59,385
259,873,386
263,818,389
322,89,389
566,513,390
686,130,397
492,830,399
450,816,400
625,391,401
284,566,413
897,429,415
66,367,416
795,248,420
988,544,421
443,835,421
933,315,421
385,926,423
159,615,423
876,730,425
29,524,426
372,336,429
492,732,429
281,231,429
543,871,429
512,792,431
720,248,433
434,753,434
619,661,434
955,391,435
420,22,438
439,690,438
536,569,440
726,691,441
19,351,442
216,123,442
365,938,447
663,264,448
914,930,452
661,640,454
137,646,455
63,225,457
175,382,458
224,88,459
650,102,461
532,675,462
888,172,463
675,775,464
359,830,464
496,932,466
98,144,468
702,420,470
504,201,470
389,545,471
887,905,471
495,671,473
384,611,475
325,432,477
361,916,477
309,124,478
19,352,479
401,848,479
182,337,479
988,0,479
466,801,479
544,488,482
751,820,483
319,126,485
62,343,488
497,333,489
718,171,490
836,609,490
111,92,492
780,988,493
493,748,494
797,185,495
480,754,499
263,247,499
157,604,502
501,332,502
203,293,503
426,219,504
63,118,508
676,214,509
236,175,511
198,356,514
228,786,515
194,610,515
113,530,517
187,758,517
651,350,518
500,287,519
729,879,526
844,709,527
602,430,527
955,876,528
298,684,529
24,361,529
585,347,530
903,211,532
950,354,535
520,793,536
897,640,536
97,204,537
84,209,538
724,871,539
239,28,539
82,997,544
620,12,545
716,140,546
190,404,546
29,753,548
434,669,548
534,830,549
407,375,550
346,666,553
997,735,554
982,695,558
66,288,559
965,313,561
256,957,562
221,984,564
93,833,565
260,880,566
463,984,566
795,420,566
622,763,567
267,857,568
934,36,568
720,827,568
305,324,570
564,399,570
949,496,572
729,603,572
997,769,573
229,448,576
286,855,577
719,539,580
736,165,582
624,125,582
144,128,583
325,602,585
501,244,586
350,544,587
874,610,588
296,150,591
677,566,591
276,604,593
612,390,594
361,570,594
869,857,595
460,555,596
255,218,596
744,870,596
835,509,597
506,168,599
700,659,599
833,691,607
35,872,608
756,906,612
968,232,618
202,510,621
576,279,622
851,921,624
625,197,625
422,122,627
836,328,629
184,556,630
576,361,631
169,339,631
904,133,634
20,864,635
78,446,638
523,139,639
856,880,639
676,223,639
717,331,641
828,805,644
654,816,646
824,612,647
699,354,650
953,493,651
867,519,655
827,322,656
718,792,656
896,868,658
651,525,658
916,540,659
253,320,660
33,360,661
622,419,662
503,766,662
457,748,663
655,824,664
477,533,664
742,842,667
630,567,669
395,754,670
910,450,672
206,833,673
326,149,674
165,779,675
450,389,677
479,628,677
48,428,678
895,829,678
16,588,680
670,624,683
906,517,686
605,542,687
351,45,699
640,123,699
9,151,700
859,368,702
730,198,703
772,645,704
523,876,704
868,806,706
160,997,707
466,987,707
413,862,708
42,773,708
110,770,709
71,612,709
807,558,710
129,73,714
71,728,715
502,713,715
571,577,716
804,370,716
807,533,717
847,669,718
708,148,719
327,918,719
382,414,719
698,578,719
502,38,721
928,650,723
386,576,723
275,513,725
625,544,726
309,704,729
505,891,729
559,407,730
492,867,731
612,729,731
8,85,736
806,652,737
675,684,737
17,735,738
566,642,738
189,500,738
795,788,738
430,584,739
355,776,740
373,996,745
215,36,745
583,367,745
4,927,746
540,326,746
756,294,746
264,740,748
86,174,748
296,506,749
654,700,749
702,815,749
709,757,750
330,238,752
784,358,753
452,32,753
965,254,753
107,72,753
915,86,753
776,363,754
330,821,755
521,13,757
970,849,757
685,62,761
478,890,764
10,975,765
223,392,766
732,687,767
683,305,768
934,15,770
254,745,770
622,613,772
910,897,772
309,982,774
36,506,774
8,79,775
871,986,779
561,678,779
676,0,779
638,324,781
810,520,781
336,526,781
690,152,783
873,947,784
898,35,786
501,434,786
944,155,787
333,58,787
329,996,788
469,704,788
40,294,789
672,170,791
549,976,791
85,119,791
265,304,792
104,527,794
719,424,800
151,940,801
956,734,802
438,492,802
724,842,803
603,848,813
886,764,814
813,157,816
282,202,817
319,475,817
800,360,818
729,775,821
738,673,826
510,563,828
113,468,828
795,8,828
631,219,831
111,6,831
708,914,833
806,256,834
628,929,836
199,56,846
375,332,852
639,387,853
12,642,854
420,226,857
186,869,861
833,99,862
631,218,864
310,132,869
614,942,869
435,554,871
759,557,873
627,746,874
418,858,875
737,739,877
957,121,878
270,601,878
378,464,880
242,912,882
14,425,883
434,589,884
274,903,888
5,897,890
632,962,890
942,739,891
741,497,891
372,113,891
60,423,894
482,68,894
253,830,895
858,248,896
144,726,900
864,298,901
183,275,902
261,735,904
802,896,907
192,174,908
283,949,909
377,978,909
168,121,911
832,955,912
839,173,912
230,135,914
861,226,914
608,238,916
134,522,918
928,765,919
346,268,924
980,966,926
235,719,928
336,647,930
597,441,930
332,39,931
360,824,931
108,359,936
455,945,937
206,297,938
232,168,940
898,614,940
52,516,940
835,550,942
549,488,944
117,513,946
479,951,954
61,675,954
983,156,957
827,836,957
399,413,959
743,798,959
645,306,961
448,537,963
649,916,964
201,0,964
299,521,965
519,348,965
239,211,966
142,774,967
480,526,967
516,429,968
134,348,971
790,942,971
490,920,972
123,45,972
652,865,974
297,279,975
963,433,976
225,325,977
546,723,977
28,404,978
943,186,978
140,712,979
707,812,980
685,531,980
236,648,983
268,150,983
558,568,984
8,184,985
667,811,987
920,188,989
52,616,991
82,17,992
304,159,994
215,164,994
576,539,996
1,611,997
464,99,997
475,707,997
788,167,999
