412,262,0
511,77,0
247,466,0
246,222,1
342,591,1
186,455,1
976,473,1
544,351,1
32,135,2
791,202,2
719,877,2
519,457,2
351,498,3
174,990,3
774,835,3
744,829,4
530,374,4
440,182,4
924,124,5
254,386,5
984,769,6
101,542,6
915,737,6
429,920,7
447,719,7
100,377,9
758,200,9
382,103,9
657,780,10
339,491,11
344,516,12
382,444,12
812,998,12
446,536,13
882,5,14
789,776,15
880,192,15
673,441,15
563,512,16
38,70,16
45,231,18
394,966,18
409,242,19
542,172,19
106,518,20
365,327,21
771,603,21
236,628,21
39,492,22
762,606,22
504,348,23
705,70,23
857,859,24
335,879,24
810,861,24
136,349,24
812,508,24
737,40,25
859,128,26
281,873,26
786,99,27
931,401,28
105,297,28
266,737,29
467,910,29
291,717,30
23,875,30
669,78,30
141,94,31
362,626,31
768,988,31
418,322,32
509,163,32
739,537,32
764,27,34
725,795,35
5,171,36
615,507,37
171,933,38
785,570,38
22,459,38
386,892,38
824,932,38
300,210,38
911,532,38
227,506,39
44,47,40
97,55,41
875,474,41
320,221,41
416,80,41
222,408,42
625,382,42
26,632,43
815,813,43
480,678,44
666,179,45
991,971,45
417,833,46
513,2,47
418,903,47
412,581,47
716,44,47
506,452,47
495,648,48
369,705,49
663,504,50
146,238,51
307,0,51
768,492,52
590,731,53
40,7,54
137,790,55
150,187,55
216,52,55
209,883,56
179,200,56
69,440,56
82,760,56
943,246,57
497,221,58
841,840,59
854,763,60
535,336,61
313,791,61
650,883,62
264,607,62
449,720,63
373,588,63
691,37,63
469,768,64
252,648,64
951,68,65
781,214,65
344,592,66
588,932,67
271,764,68
983,211,68
379,88,68
603,704,69
409,564,70
847,721,70
858,288,71
434,329,71
341,58,72
514,73,72
686,317,73
952,817,73
821,890,74
756,826,75
792,600,75
178,633,75
532,591,75
743,1,76
698,790,77
642,841,77
490,19,77
271,316,79
259,196,79
404,377,80
542,314,81
487,143,82
757,958,84
124,101,84
181,595,84
596,440,84
2,567,85
793,206,86
152,540,86
977,306,86
891,292,87
452,918,87
793,231,87
183,228,89
329,576,89
306,377,89
195,96,90
42,338,90
474,669,91
114,677,92
467,985,92
703,269,92
792,151,92
199,808,92
562,848,94
187,438,94
67,189,94
376,417,94
158,536,96
52,158,96
445,923,96
797,679,97
26,51,97
825,61,98
472,818,98
94,906,99
891,553,99
417,445,100
450,714,102
632,710,102
737,517,103
286,92,105
467,497,105
605,728,105
262,874,106
579,718,106
435,408,108
936,314,108
847,231,109
307,944,109
245,750,110
724,667,110
273,142,110
783,298,111
815,149,112
371,550,112
96,608,112
41,767,113
460,507,115
84,987,116
727,283,119
172,108,120
631,925,122
327,659,122
462,926,123
273,937,124
678,95,125
87,732,126
168,531,127
27,431,129
829,209,129
495,634,129
464,884,132
797,439,132
648,614,132
591,962,132
822,104,134
120,489,134
388,281,135
116,120,136
496,865,136
829,77,136
233,789,136
332,940,137
364,865,137
410,40,137
934,976,137
974,412,138
282,491,139
776,721,139
407,941,139
247,46,140
528,51,140
599,559,140
614,771,140
443,630,140
390,419,142
810,653,143
341,105,143
627,669,143
397,208,144
904,639,144
759,854,144
963,383,145
538,321,147
677,59,148
529,308,148
762,818,149
235,396,149
92,56,149
659,298,149
431,950,149
316,31,150
860,950,152
9,530,152
609,695,152
743,665,153
827,338,153
741,360,154
307,580,154
223,367,154
784,9,154
347,973,154
779,871,155
259,84,155
793,575,155
572,997,156
785,498,156
206,226,156
541,885,157
916,212,157
37,525,157
13,548,157
549,648,158
769,252,159
309,555,159
950,610,160
357,955,161
384,156,161
356,208,161
71,148,161
362,25,161
976,48,162
44,82,162
42,820,163
222,55,163
309,861,163
177,43,163
531,83,165
800,377,165
813,462,165
455,546,166
943,715,166
722,78,167
550,467,167
714,999,168
619,370,168
146,440,168
365,699,169
461,367,169
188,290,169
538,168,169
403,165,169
498,586,170
433,905,170
342,241,170
882,231,171
396,93,171
697,164,171
958,58,172
410,515,172
135,792,172
218,610,173
675,497,173
157,165,174
22,183,174
234,58,174
616,972,174
892,375,174
918,623,175
708,780,175
84,47,175
346,783,175
22,562,176
932,729,177
724,112,178
374,340,179
873,54,180
333,804,180
785,387,181
777,946,181
599,377,183
188,40,183
592,744,184
586,689,184
359,295,184
218,859,184
547,520,184
628,311,185
794,582,185
874,205,185
644,24,187
295,845,187
388,62,187
719,187,187
52,500,187
190,531,187
296,729,189
948,682,190
139,966,191
140,177,192
421,189,193
11,964,193
87,998,194
597,497,194
55,333,195
266,657,195
972,121,195
141,688,196
645,618,196
863,54,197
2,134,198
413,424,198
145,881,199
446,464,199
385,385,200
595,211,201
42,237,201
857,748,201
183,169,201
614,159,202
825,245,202
13,315,202
882,621,202
540,534,203
992,728,203
975,551,203
546,184,204
763,400,205
70,283,206
444,279,206
479,63,206
871,952,207
840,880,207
85,945,209
407,450,210
433,383,210
325,978,210
818,961,210
372,771,211
695,935,211
375,857,211
571,953,212
870,806,214
558,24,214
100,514,215
960,571,215
794,618,215
596,855,217
873,425,217
220,262,217
736,791,218
725,913,218
922,630,219
985,452,219
931,736,219
575,26,220
962,372,221
229,164,222
281,111,222
976,873,222
568,13,223
967,418,223
960,668,223
777,827,223
324,784,223
887,464,223
385,154,224
831,756,224
624,443,226
172,244,227
72,311,227
259,598,227
119,265,227
28,661,227
291,621,227
631,197,229
854,658,230
245,929,232
61,779,232
240,373,232
620,251,233
16,55,233
220,596,234
503,930,234
77,158,234
301,150,236
970,957,236
173,244,236
358,131,236
736,685,236
656,665,237
70,956,237
762,942,238
835,740,238
380,507,239
761,817,239
146,238,239
666,285,239
212,65,240
717,517,240
141,511,240
830,52,241
137,516,241
792,442,241
944,617,241
130,329,242
408,306,242
451,929,243
928,105,244
222,683,244
938,711,244
300,211,244
714,797,245
289,905,246
544,409,247
92,173,247
928,360,248
680,339,248
509,262,248
558,933,248
961,357,248
78,851,248
654,22,249
698,785,249
879,740,250
495,288,251
626,647,251
459,14,252
68,87,253
354,112,253
364,357,255
998,754,256
800,838,258
46,723,258
781,768,259
51,919,260
149,892,261
459,13,261
480,861,261
222,78,262
433,929,262
493,339,262
180,155,263
946,836,263
612,16,263
215,765,263
107,178,263
559,824,264
582,470,264
577,703,264
784,963,264
167,967,265
154,462,266
688,797,267
723,33,267
197,618,268
690,18,268
670,150,269
600,686,270
902,58,270
777,773,272
236,461,272
625,909,273
681,261,273
52,557,273
364,535,274
504,326,274
275,181,274
280,368,275
742,865,275
783,257,275
712,828,276
550,455,276
432,508,279
573,51,279
742,179,279
841,505,280
565,889,281
867,904,281
488,771,281
897,263,281
725,341,281
647,436,282
787,207,282
92,316,283
652,983,284
245,690,284
721,389,284
96,50,284
95,864,284
232,46,284
184,964,284
287,293,285
897,845,286
192,509,287
930,904,287
606,698,287
462,162,288
473,166,289
112,482,289
550,248,291
873,231,291
859,863,292
446,833,293
423,532,293
680,77,294
266,213,294
480,439,294
205,431,296
41,524,296
727,371,296
564,601,297
731,583,298
405,404,298
197,958,299
370,698,299
700,99,299
52,422,299
202,645,300
799,718,300
332,578,300
485,16,300
940,801,300
983,280,301
263,864,303
959,461,304
108,869,306
570,251,307
683,653,307
308,168,308
308,825,308
219,459,309
628,461,309
9,378,310
141,210,311
115,8,312
890,315,312
410,554,312
961,244,313
571,803,313
53,363,313
164,505,313
969,288,315
318,350,316
221,61,317
498,322,317
309,246,319
456,912,319
433,74,319
995,655,320
338,726,321
362,3,322
56,801,322
292,795,323
451,54,323
11,381,323
905,962,324
542,341,325
448,710,325
794,11,325
164,92,325
801,449,325
202,804,325
612,829,325
811,800,325
952,860,326
516,5,327
281,810,327
546,101,327
906,927,328
942,674,328
626,530,328
719,849,328
441,832,328
338,179,329
223,742,329
138,201,329
522,377,330
690,23,331
489,822,332
822,267,332
645,788,333
235,623,333
467,552,334
759,379,335
311,563,335
378,469,336
73,961,336
166,816,337
120,652,337
456,456,337
402,328,337
840,651,338
437,867,338
625,945,338
924,392,338
249,868,339
202,113,339
834,686,341
957,74,341
265,335,341
520,143,342
853,717,342
864,844,342
104,961,342
715,316,343
765,91,345
618,473,346
148,726,346
676,573,347
209,58,348
372,581,348
77,556,348
375,743,349
439,99,349
658,207,351
0,80,351
346,799,351
607,866,351
685,460,351
632,739,352
240,145,353
39,429,353
321,773,353
940,473,353
300,34,354
611,571,355
509,782,355
233,708,355
982,587,356
189,95,357
452,923,357
405,108,358
714,671,358
997,354,358
77,974,358
898,580,358
623,500,358
271,580,359
403,387,359
709,111,359
603,820,360
511,283,360
457,938,360
197,574,361
636,682,363
955,398,363
496,613,363
169,133,363
923,666,364
896,760,365
287,176,366
130,898,367
844,121,367
587,798,368
328,222,369
151,315,369
161,528,369
254,506,369
996,850,369
394,411,370
838,7,370
976,390,370
833,610,370
260,79,370
840,799,370
743,692,371
111,692,371
343,605,371
165,198,372
196,229,372
645,865,373
8,158,374
408,441,375
364,178,375
437,6,376
555,489,376
507,421,377
900,927,377
412,999,380
765,280,380
434,847,381
898,294,382
97,46,382
487,470,383
640,326,385
4,778,385
504,34,385
675,836,386
244,286,386
597,824,386
110,421,386
19,18,387
55,415,387
433,819,387
929,506,388
402,166,388
446,659,388
315,607,389
109,675,389
95,621,389
683,769,390
443,325,391
319,800,392
894,401,392
980,771,392
547,416,393
288,432,394
421,160,395
504,146,395
522,900,396
237,680,396
877,609,397
262,594,397
782,66,397
831,716,397
266,405,399
613,455,399
525,291,400
986,821,400
869,907,401
911,309,401
787,356,403
77,317,403
148,979,403
429,944,403
17,645,404
758,342,404
121,245,405
90,879,405
419,849,406
322,836,406
597,374,407
238,442,407
116,305,408
794,157,408
775,45,408
310,811,409
695,10,409
410,967,409
87,245,410
683,688,410
711,971,410
333,431,410
205,273,411
84,453,411
425,204,411
192,755,411
734,672,412
181,234,412
37,788,412
514,832,413
805,382,413
509,182,413
966,464,416
512,370,416
708,666,417
491,68,418
894,181,418
826,344,419
364,734,419
168,827,419
403,680,420
800,176,421
869,821,421
58,844,422
424,201,423
70,304,424
998,517,424
285,968,424
641,630,424
994,371,425
849,891,425
986,408,426
522,119,426
504,367,427
662,964,427
347,462,428
3,941,428
651,211,428
31,399,429
163,186,429
603,837,429
437,903,430
56,550,431
205,256,431
509,691,432
673,615,432
712,581,432
179,204,432
347,233,432
508,814,434
563,849,434
488,237,435
425,262,435
355,720,436
245,42,437
613,445,437
742,418,437
209,202,437
297,958,438
35,666,438
475,727,439
714,386,439
191,203,440
466,660,441
655,376,441
527,255,441
601,159,441
765,345,441
226,235,442
663,814,444
25,253,444
316,972,445
594,240,446
632,204,447
588,841,447
21,12,448
465,672,448
632,860,448
564,775,449
262,616,450
495,763,450
209,394,452
267,658,452
256,17,453
264,372,453
230,966,453
868,179,454
260,107,455
673,701,455
642,679,455
1,427,457
717,579,458
316,717,459
370,217,459
3,298,460
704,327,460
993,150,460
937,671,460
364,113,461
560,148,461
143,696,461
642,593,461
852,718,462
819,825,462
57,785,463
931,70,463
442,967,463
324,779,464
318,986,465
857,489,465
464,461,465
714,859,466
892,888,466
126,558,466
916,61,467
423,19,468
396,69,468
307,862,469
534,47,469
901,812,469
526,329,469
196,514,469
24,577,470
642,391,470
217,320,470
921,610,471
708,685,472
672,653,472
741,349,472
358,833,473
919,339,473
845,562,474
237,265,474
211,190,475
427,961,479
580,576,479
997,494,479
279,562,480
484,706,480
471,888,480
254,121,480
358,924,481
165,63,482
843,10,482
460,372,483
309,506,485
438,109,485
287,138,486
634,849,486
557,757,486
852,223,487
719,150,487
508,802,488
749,949,488
367,76,488
77,515,489
824,812,489
583,240,489
412,691,491
44,105,492
285,426,494
37,361,495
611,706,495
606,287,497
893,730,498
611,849,499
402,856,499
687,325,499
477,977,499
824,763,500
319,385,500
280,620,501
84,838,503
98,180,503
675,683,504
922,705,504
10,427,504
976,903,504
267,818,504
469,758,506
514,721,507
891,518,508
214,948,508
663,232,508
872,433,509
719,943,510
458,752,510
165,122,510
87,195,513
416,334,513
716,531,513
702,255,513
245,400,513
472,680,514
291,43,514
231,850,514
170,353,514
769,426,514
805,476,515
175,566,515
84,610,515
511,899,515
463,306,516
825,448,516
941,394,517
647,130,517
846,423,517
68,554,517
131,869,518
713,365,518
841,211,518
763,301,518
85,31,518
350,942,518
3,552,519
781,209,520
638,135,521
507,778,521
489,575,522
515,57,522
863,763,523
344,261,523
181,434,524
896,729,525
623,69,525
907,867,525
291,811,525
510,335,525
800,918,526
508,152,526
344,675,526
798,611,526
458,844,526
161,84,528
984,298,529
280,382,529
955,559,529
186,356,529
436,910,531
433,444,531
977,626,531
685,556,531
247,758,532
570,606,533
998,278,533
867,659,534
696,724,534
485,904,536
726,375,536
552,406,537
340,304,537
695,763,537
983,808,538
451,853,541
788,904,541
561,364,541
345,271,542
271,473,542
835,258,542
272,454,542
948,369,542
542,725,542
1,263,543
689,687,543
127,346,544
648,848,544
339,397,544
72,400,545
769,488,546
320,675,547
962,790,547
360,254,547
891,414,548
851,435,548
451,271,550
83,932,551
297,36,552
929,189,552
577,88,552
947,416,553
388,736,553
723,716,553
70,839,554
624,781,554
26,57,555
531,973,555
313,324,556
22,312,556
586,725,556
964,676,556
462,801,556
983,5,557
5,1,557
504,728,558
116,422,558
150,30,559
781,307,559
537,477,559
393,255,560
788,802,560
649,766,560
457,696,560
14,556,561
638,149,561
845,502,562
20,157,562
669,179,562
149,321,563
974,186,564
481,516,564
742,701,564
37,545,565
446,636,565
682,452,565
836,338,565
666,404,565
545,452,566
218,900,567
735,234,567
267,420,568
220,671,569
509,782,569
86,573,569
381,103,569
153,858,570
83,252,570
814,550,571
475,755,571
451,949,571
792,398,571
521,839,571
67,396,573
358,984,573
432,150,573
206,650,574
286,873,574
613,647,575
856,688,575
688,45,575
918,335,576
695,544,576
528,193,577
352,376,577
215,551,578
12,964,578
290,460,579
938,690,579
538,651,580
101,408,580
373,139,580
572,236,580
50,842,580
723,179,581
207,597,581
86,931,582
8,930,583
466,838,583
83,505,584
894,579,584
261,839,585
654,195,585
797,511,585
130,186,585
39,924,585
571,764,586
395,559,587
551,383,587
430,656,588
612,668,589
918,205,589
590,109,589
440,305,589
883,568,589
769,342,589
617,497,591
200,417,591
924,394,591
82,910,592
35,7,593
932,766,594
165,568,594
266,106,594
349,598,595
358,606,595
843,907,595
812,753,595
156,89,595
827,103,595
207,148,596
394,872,596
374,24,597
113,902,598
75,80,598
71,788,598
490,25,598
620,882,598
501,859,598
555,110,599
418,382,599
881,601,600
772,778,601
48,272,601
467,75,602
406,48,603
717,618,603
859,696,605
270,593,605
164,216,605
44,10,605
515,520,607
648,532,607
945,127,607
783,315,607
13,535,607
962,295,608
641,650,609
162,937,609
762,478,609
714,257,610
447,569,610
435,312,611
967,30,611
159,725,611
61,52,613
293,135,615
359,959,615
763,337,615
944,438,615
544,2,616
836,351,616
196,346,616
24,798,616
501,330,616
138,943,616
953,611,617
967,200,617
108,664,617
164,462,618
40,169,619
927,205,619
339,438,620
728,505,621
121,383,621
213,666,621
365,135,623
676,8,624
322,557,624
987,987,625
579,850,625
704,638,625
676,633,627
433,619,628
128,414,628
631,280,629
334,464,629
595,401,630
582,438,631
729,574,631
282,549,631
431,249,631
121,74,632
192,576,632
577,279,633
142,860,633
678,295,635
891,532,635
36,504,635
985,393,636
520,866,636
934,365,637
218,753,637
465,872,638
523,625,639
441,85,639
619,692,639
872,46,639
385,896,640
306,682,640
389,647,641
935,973,641
232,489,642
127,79,642
744,668,643
703,470,643
546,325,644
941,769,644
339,481,645
365,273,645
323,680,645
896,94,646
535,983,646
765,500,646
981,731,647
73,98,647
981,761,648
65,131,648
536,289,649
625,281,649
835,244,649
780,898,650
546,812,650
168,386,650
310,597,651
902,990,651
7,414,651
282,45,651
185,969,651
971,503,652
653,952,653
734,913,653
974,401,653
982,33,653
193,851,653
935,85,654
229,208,656
872,725,656
24,201,656
435,128,657
317,983,657
498,827,657
266,360,658
954,615,658
148,558,659
265,891,659
32,208,659
496,1,660
704,957,660
561,117,660
315,751,661
322,136,661
554,477,661
2,44,661
801,327,661
25,977,661
827,727,662
416,702,664
315,43,664
998,273,665
369,821,665
414,199,666
388,777,666
100,415,666
877,685,667
16,188,667
46,876,668
307,431,668
493,313,668
443,652,668
892,198,669
630,383,669
259,876,669
491,489,671
850,439,671
534,263,672
779,371,672
63,263,672
622,387,672
817,672,673
175,977,673
447,95,674
424,441,674
406,962,675
662,306,675
447,14,676
264,975,676
357,51,677
652,158,677
127,761,678
580,494,679
309,659,679
323,287,679
552,421,681
23,329,682
71,381,682
677,269,682
964,475,682
272,458,684
402,813,686
69,266,686
676,331,687
864,13,687
142,70,687
226,655,687
849,400,688
480,836,690
660,283,690
200,178,691
738,657,691
384,991,692
971,907,692
866,781,693
114,491,693
414,891,694
531,591,694
492,810,694
320,654,694
986,743,695
691,786,696
730,168,696
247,93,696
229,193,697
945,400,698
221,391,698
556,684,698
845,614,700
963,641,700
950,240,701
682,887,701
251,786,701
215,913,701
555,128,701
924,75,701
802,526,701
894,918,703
410,598,703
660,865,704
805,925,704
998,666,704
793,879,705
832,847,705
865,351,705
952,974,705
655,38,706
906,383,706
147,80,706
201,763,706
408,737,706
210,798,708
65,867,708
934,407,709
734,222,709
733,328,709
873,212,710
200,451,710
782,561,710
278,633,711
329,949,713
827,488,713
310,798,713
684,923,713
93,765,713
545,136,714
300,583,714
75,492,714
877,575,715
495,65,715
230,625,715
593,647,716
380,570,716
608,611,717
102,45,717
62,972,718
995,142,718
136,66,718
71,297,718
944,808,718
550,914,718
924,115,718
254,449,719
918,218,720
123,356,720
78,925,721
616,180,722
221,652,722
736,670,722
280,182,723
748,737,724
69,472,725
923,829,726
724,477,726
750,128,727
785,428,728
458,210,728
362,253,729
697,802,730
765,274,731
567,213,732
679,513,733
0,187,733
500,263,733
869,918,735
758,284,736
992,993,738
134,90,738
685,737,738
529,48,738
252,524,738
662,973,738
205,240,739
693,408,739
666,979,739
828,541,739
631,6,740
32,169,740
487,489,740
700,705,740
73,773,740
293,840,740
17,877,740
235,232,741
39,702,741
552,277,742
369,140,743
751,158,744
168,195,744
11,808,744
896,456,744
749,519,745
316,129,745
280,11,746
908,990,746
538,326,748
37,376,750
750,207,750
614,889,751
883,488,751
682,406,751
966,76,751
358,481,752
174,530,752
857,80,752
433,239,753
593,669,753
255,978,754
612,218,755
29,385,755
524,357,758
944,524,758
772,473,758
562,660,758
371,130,760
983,64,760
418,919,761
537,76,761
971,590,761
453,47,762
279,930,763
147,692,763
296,544,764
410,954,764
909,124,764
771,602,765
363,982,765
863,540,765
141,924,765
17,65,766
293,298,766
119,694,767
609,884,767
738,362,767
544,958,769
816,143,769
450,531,769
882,951,770
377,295,771
178,471,771
835,707,772
850,467,772
782,985,772
577,397,774
905,145,774
954,563,774
34,158,774
931,210,774
174,187,775
234,910,775
804,422,775
791,839,776
481,417,776
599,688,776
587,167,777
136,173,777
35,593,777
11,173,778
145,888,778
916,551,778
710,216,779
712,801,780
653,758,781
553,143,781
558,430,781
862,945,781
225,610,782
955,72,782
50,812,783
205,16,783
789,922,783
418,289,784
373,807,784
768,800,785
294,998,785
646,533,785
619,519,786
966,137,786
134,736,789
18,386,789
986,547,789
654,262,790
324,848,790
467,522,791
728,625,791
850,431,791
294,351,792
316,322,793
515,588,793
827,581,794
250,980,794
307,899,795
246,230,795
967,362,795
817,345,795
282,213,795
504,231,796
568,337,796
236,114,796
218,969,797
767,76,797
886,856,798
650,501,799
595,769,799
254,39,800
668,672,801
539,70,802
344,222,802
776,973,802
167,971,802
125,319,802
630,34,803
122,185,803
710,796,803
18,44,803
546,955,804
650,475,805
911,390,805
670,171,805
621,925,806
238,141,806
550,316,808
715,830,810
759,57,810
385,508,811
391,937,811
246,923,811
840,292,811
294,600,812
219,514,813
21,762,813
418,654,813
165,767,813
241,96,813
769,201,815
366,75,815
304,701,815
641,477,816
153,57,816
977,911,817
980,366,817
403,161,818
568,627,818
91,315,818
632,983,818
357,13,819
731,95,819
848,454,819
948,725,819
29,606,819
428,992,819
671,543,821
588,159,821
865,184,822
479,380,822
444,354,822
418,887,823
249,742,824
939,521,824
929,787,824
620,50,825
168,906,827
194,359,828
843,466,828
25,971,829
97,607,829
924,175,829
168,849,829
457,828,829
689,806,830
719,556,831
843,813,831
538,901,831
125,92,831
117,320,832
686,319,832
475,751,832
547,376,832
466,871,835
216,116,835
468,660,835
275,752,837
870,205,837
933,747,837
402,914,838
739,101,838
485,339,839
679,331,839
271,594,839
28,454,839
483,785,840
399,934,840
878,287,840
824,261,841
731,77,842
924,806,842
452,790,844
4,12,844
403,134,845
4,214,845
668,948,845
188,855,846
924,469,846
511,186,846
66,801,847
515,581,847
287,377,848
78,849,848
21,289,848
596,661,848
376,679,848
981,963,848
687,217,849
798,245,849
535,662,850
201,690,851
847,820,851
121,180,852
43,265,852
10,0,853
813,556,853
25,665,853
323,692,854
149,554,854
91,566,855
328,226,856
953,805,856
289,262,857
213,65,857
344,33,857
771,368,858
516,602,858
128,21,858
188,47,859
204,830,859
238,595,860
758,876,860
96,745,861
28,617,861
38,75,862
444,510,862
629,933,863
955,180,864
67,548,864
712,468,865
505,575,865
978,281,866
113,890,866
354,994,866
38,876,867
53,889,867
969,482,867
47,325,867
44,819,867
828,934,867
79,575,868
352,561,869
837,205,869
586,404,869
748,432,869
616,902,869
430,881,870
376,749,871
268,474,871
207,440,872
276,225,872
335,254,873
702,547,874
389,231,876
862,197,876
514,704,876
570,822,877
751,697,877
619,144,878
679,180,879
194,679,879
244,143,880
807,950,880
344,745,880
500,356,880
339,968,881
628,511,881
733,0,881
702,49,881
792,918,883
118,264,883
203,17,884
67,227,884
593,781,884
797,730,885
457,841,887
886,472,887
330,248,887
530,876,888
280,403,888
325,535,888
789,392,889
967,312,890
655,979,891
391,982,892
699,974,892
648,448,892
308,93,892
987,73,892
294,353,892
552,817,893
984,145,893
473,397,893
963,110,893
457,695,893
673,505,897
697,401,897
539,577,898
112,434,899
98,777,899
738,900,899
769,326,900
127,485,900
587,379,900
926,987,901
700,919,902
239,481,902
679,698,902
162,594,903
380,820,903
299,567,903
606,394,904
8,386,904
226,66,904
555,533,905
786,287,905
324,247,905
965,501,905
334,507,907
248,427,907
542,285,907
263,577,907
558,606,907
490,797,907
471,502,909
924,750,911
442,634,911
105,324,911
13,950,911
533,565,912
937,939,912
398,657,912
41,196,912
308,381,913
915,716,913
535,302,913
980,806,914
375,271,914
388,422,915
222,353,915
964,84,915
536,972,916
854,885,917
897,138,917
368,552,917
180,361,917
18,356,918
445,495,918
700,243,918
524,392,918
613,577,918
532,349,919
893,820,920
958,325,920
910,365,920
585,12,920
44,57,921
266,738,921
215,99,922
943,678,924
368,439,924
690,920,924
190,771,924
167,486,925
725,485,926
189,718,926
14,411,926
358,205,926
38,883,926
593,44,927
461,802,927
744,601,927
284,270,928
560,378,929
37,405,929
35,942,931
889,284,932
641,862,932
378,647,933
195,958,933
656,378,934
810,638,934
672,569,935
951,875,935
822,404,936
19,390,936
828,561,937
23,883,937
348,138,937
998,2,937
700,903,937
767,643,937
245,585,938
547,493,938
790,582,938
86,282,939
52,175,939
772,109,940
362,716,940
701,194,942
550,251,942
326,958,942
480,953,943
442,509,944
283,0,944
203,766,944
291,901,944
86,178,945
871,887,945
838,129,946
457,131,946
266,450,947
516,322,948
458,415,948
92,894,948
714,15,949
988,168,950
328,981,950
288,483,950
836,85,950
293,787,950
551,437,952
561,354,952
607,709,953
355,536,954
970,88,954
984,929,957
645,482,958
436,443,959
588,463,960
562,997,960
414,83,960
512,897,961
137,863,961
64,562,961
983,530,961
625,188,963
854,575,964
96,617,965
301,628,966
297,507,966
526,27,967
629,493,967
126,900,967
83,537,967
271,468,968
973,595,968
129,890,968
444,63,969
583,177,969
865,741,969
502,547,970
46,603,971
87,613,971
742,236,971
288,270,972
587,469,973
21,869,974
134,184,974
241,835,976
84,533,977
551,961,977
584,741,978
125,138,978
263,618,979
600,268,982
950,751,982
99,706,982
630,111,982
207,222,983
830,549,984
729,166,985
474,269,985
78,472,986
822,776,986
72,91,986
886,122,986
102,708,987
620,603,987
869,543,987
585,299,989
856,658,989
481,954,989
226,86,989
162,894,989
357,719,989
237,826,990
793,511,992
495,255,993
853,23,995
372,211,995
831,393,996
730,281,996
23,19,996
752,792,996
161,335,997
601,940,997
521,486,998
641,415,999
701,207,999
369,884,1
122,853,2
