159,595,1
831,303,2
59,112,2
86,299,2
914,455,4
888,643,4
365,292,4
455,597,5
698,235,7
343,298,10
662,28,11
482,218,13
758,144,15
28,624,20
350,779,20
918,865,20
483,252,21
134,973,23
147,527,25
837,388,25
873,979,26
238,510,29
128,956,30
302,423,31
218,863,31
584,263,31
802,585,34
321,655,35
281,456,35
337,409,35
350,881,37
759,98,37
265,166,37
550,463,38
58,715,38
852,515,40
380,753,40
292,373,41
634,283,42
591,553,43
402,656,43
999,771,47
68,554,47
554,304,47
557,863,49
891,418,49
43,679,52
316,326,53
842,831,53
280,864,53
107,642,53
727,70,55
507,2,58
440,725,60
936,309,61
418,141,62
682,292,62
76,633,64
889,613,65
634,425,66
91,6,66
171,290,66
774,88,66
664,327,67
127,374,68
391,98,68
932,471,68
105,880,69
314,381,70
908,811,70
675,275,70
168,278,71
955,19,73
627,737,74
816,588,75
633,914,76
234,518,78
638,242,79
743,962,80
129,65,80
801,456,80
768,490,82
320,774,82
680,581,82
135,500,83
915,799,83
690,531,84
182,721,84
885,959,85
156,993,86
40,473,86
63,960,88
124,16,88
312,209,91
751,279,92
698,401,94
176,334,94
780,771,94
968,83,97
770,794,100
709,413,102
402,604,102
468,490,103
617,200,104
167,460,104
734,263,106
527,678,107
652,845,107
517,734,108
799,397,111
193,705,111
188,644,114
473,480,116
924,486,116
396,814,116
4,525,117
497,148,118
195,307,118
668,75,120
299,274,120
580,222,120
289,912,120
411,119,122
865,110,122
101,760,124
215,718,125
197,919,125
822,135,127
373,842,129
93,360,130
625,415,131
818,981,133
566,930,133
566,937,133
799,219,133
742,188,138
960,552,138
172,909,140
633,846,141
806,103,141
122,210,142
435,526,143
32,586,143
978,715,144
702,175,145
533,423,146
125,655,147
885,95,148
989,856,148
315,607,148
502,668,148
184,82,148
932,877,150
354,197,150
181,130,151
278,579,153
899,630,154
531,951,154
429,615,155
702,845,155
126,997,156
59,711,156
839,297,159
303,104,159
604,731,159
273,735,159
695,598,160
379,571,161
485,557,162
899,583,163
387,689,166
960,77,167
265,812,168
819,887,168
76,365,169
909,173,169
891,920,171
541,178,172
487,729,172
904,76,174
567,547,176
654,981,177
201,41,179
794,154,180
500,349,181
506,274,182
963,791,184
186,285,187
795,728,187
171,635,188
546,669,189
383,516,189
693,658,192
122,184,192
106,254,193
914,989,196
146,602,196
813,683,196
415,874,196
878,393,198
945,853,198
109,257,200
429,939,201
36,483,201
720,104,202
70,837,203
414,153,203
925,347,205
129,471,209
944,699,210
93,655,210
874,13,210
970,403,211
60,186,211
427,78,213
509,70,213
356,268,213
521,449,213
967,923,214
445,979,215
3,817,216
76,173,216
24,538,217
715,208,217
149,824,218
945,604,221
829,5,222
322,60,227
292,220,228
617,824,231
968,52,231
667,927,232
76,190,233
269,489,234
49,801,237
128,875,237
272,908,237
696,237,238
767,552,238
479,874,239
839,360,239
1,951,240
602,667,241
129,971,242
760,750,243
728,273,244
743,180,245
67,962,245
180,311,245
640,771,245
860,944,245
907,466,246
89,824,248
959,965,250
932,860,250
677,854,252
361,644,252
731,255,254
918,216,254
909,333,257
427,91,260
15,438,261
871,87,263
271,46,263
987,767,263
643,384,263
565,498,264
501,300,264
51,42,265
626,862,268
521,750,268
766,794,270
846,808,271
407,487,272
55,409,272
344,973,273
889,561,273
967,0,276
58,506,278
974,678,278
945,778,279
225,668,279
572,147,281
884,346,281
489,635,283
614,177,283
724,600,284
744,80,285
907,505,286
836,774,286
225,880,287
74,306,291
928,250,293
873,728,293
371,795,294
107,830,294
38,230,294
384,789,294
949,107,295
902,239,296
172,475,297
440,542,297
103,898,297
190,190,298
743,964,299
352,6,300
741,820,301
60,970,302
796,891,302
973,97,303
561,681,304
623,272,305
727,872,306
617,42,307
621,71,309
885,35,309
269,23,310
634,956,311
871,647,312
621,43,314
72,460,315
625,765,315
508,178,316
883,125,316
198,391,316
419,780,318
80,293,319
968,326,321
761,276,321
557,871,323
748,898,325
902,723,326
315,599,328
522,100,329
817,719,329
295,560,329
581,91,330
790,11,330
490,395,331
642,582,332
597,784,333
403,739,333
769,245,334
889,400,334
932,536,334
488,83,335
636,931,336
926,968,337
940,3,337
277,171,341
763,82,341
801,584,342
459,851,342
593,393,343
506,761,343
350,982,344
446,457,345
285,398,347
489,733,348
608,804,349
958,7,350
221,651,355
29,595,355
282,368,357
813,17,357
613,971,360
360,658,360
469,556,363
434,797,363
575,877,365
763,729,366
135,262,368
289,976,368
519,497,369
434,811,369
582,867,370
535,569,373
592,747,374
106,588,374
882,903,376
466,726,376
115,775,378
692,222,378
894,778,378
866,507,378
510,838,378
866,71,379
61,864,379
974,376,380
823,766,382
572,622,382
454,266,383
414,161,384
936,479,385
761,474,385
50,155,386
965,318,389
204,364,389
30,49,389
690,744,390
903,296,392
882,559,392
804,335,393
872,823,395
136,541,397
857,548,398
473,440,398
77,49,398
91,83,398
658,78,398
742,826,398
65,163,399
585,434,399
210,648,402
230,266,403
559,643,404
653,218,405
731,304,405
598,647,406
737,129,410
533,362,412
639,720,413
503,62,415
148,356,415
495,885,415
976,473,420
37,985,421
96,732,423
609,739,426
858,731,427
327,999,429
133,469,430
507,100,431
850,610,431
270,756,432
645,282,432
69,512,432
160,661,434
625,67,436
649,958,437
168,476,437
18,879,439
442,763,439
140,64,440
681,360,440
630,853,440
68,971,440
802,765,440
353,570,441
521,766,441
832,128,442
10,81,443
124,115,444
260,30,445
61,112,445
625,764,446
860,887,446
775,66,447
71,246,448
4,833,450
197,785,451
986,558,451
489,388,452
540,196,452
474,122,454
627,201,455
955,904,457
736,999,459
374,16,459
896,441,460
266,85,460
555,797,461
849,657,462
13,536,464
617,178,464
678,413,465
749,443,465
515,205,465
340,230,466
529,356,466
43,24,467
520,818,467
287,872,467
933,348,467
85,785,470
277,499,472
362,542,473
510,795,473
610,325,476
439,904,476
94,416,476
142,351,477
387,44,478
208,244,478
589,468,479
317,74,484
465,669,485
237,395,487
477,98,487
246,347,488
961,665,492
314,655,493
422,122,494
216,181,495
667,323,496
535,176,496
222,928,500
554,902,502
918,959,504
878,876,505
815,591,506
305,270,507
645,944,508
667,867,508
173,679,509
319,28,509
158,387,510
945,413,510
969,440,511
306,812,511
918,55,511
946,515,512
928,142,513
52,36,513
261,767,514
792,882,515
651,495,516
109,390,516
138,268,516
516,186,521
689,778,521
538,373,524
474,138,527
619,740,528
3,384,528
76,435,528
924,753,529
514,904,530
439,238,532
347,551,533
895,642,534
643,409,535
498,204,537
531,842,538
113,684,538
285,620,538
869,160,538
236,249,540
258,607,540
481,914,541
347,702,545
196,888,546
842,857,547
880,502,547
919,165,549
934,112,550
103,287,550
832,750,552
126,775,552
549,929,553
675,476,554
122,38,555
502,860,555
865,331,557
87,345,557
622,117,564
866,123,564
3,276,565
997,481,566
870,801,567
873,155,568
855,414,568
279,895,568
430,9,568
203,390,569
874,333,569
104,734,570
582,228,572
250,909,574
767,229,575
93,276,576
651,851,576
697,810,579
643,496,580
900,15,580
178,423,580
203,604,585
523,381,585
162,932,587
905,979,588
979,531,589
472,18,590
161,468,591
727,662,591
264,657,592
988,51,593
646,891,594
450,40,594
985,847,594
285,887,594
453,842,595
587,498,597
845,65,598
535,111,599
261,651,599
146,497,600
547,728,602
645,298,602
752,374,603
520,205,603
398,817,605
621,790,605
473,776,606
150,864,606
289,51,608
938,685,608
809,607,609
244,346,610
898,593,610
881,265,612
783,757,614
673,104,614
622,966,615
407,590,615
197,439,615
820,858,615
45,207,618
28,163,619
714,106,619
724,15,620
420,751,620
475,433,621
516,307,622
386,383,622
645,921,625
681,423,626
118,715,628
66,155,629
316,509,630
768,894,631
824,644,632
898,153,634
243,448,635
893,910,635
136,147,636
567,770,637
546,920,637
313,984,637
603,494,639
315,123,639
201,805,640
416,169,641
132,69,646
805,462,647
424,434,648
454,109,649
432,285,649
824,469,650
991,643,651
976,966,652
318,647,652
703,324,653
460,318,653
445,840,653
570,752,654
424,325,654
43,410,655
22,434,657
71,119,657
837,450,657
911,822,658
670,232,659
273,6,659
303,339,659
90,11,661
950,5,661
770,96,663
89,77,663
955,341,664
364,382,673
521,77,676
870,546,676
689,960,678
532,381,678
495,551,678
601,753,680
549,87,681
829,128,682
480,461,683
163,872,683
491,479,684
174,940,685
634,593,686
34,834,688
414,495,688
983,217,690
173,564,692
889,832,692
234,174,693
986,736,694
509,782,696
932,774,698
159,577,699
167,746,700
611,813,700
839,477,701
713,173,702
273,153,703
513,822,704
665,137,705
821,206,706
227,943,706
622,932,709
881,147,710
629,178,710
406,377,710
84,81,712
863,14,717
193,831,719
865,803,720
831,462,722
602,388,723
999,482,725
974,824,725
281,67,726
192,435,727
741,148,727
34,117,728
844,135,728
932,275,728
777,779,729
522,356,731
813,618,731
154,935,731
868,521,731
886,686,732
700,238,733
924,426,737
418,960,737
248,146,738
215,962,742
245,286,743
92,561,748
805,984,748
620,686,749
110,584,750
141,337,750
226,81,752
946,601,753
472,198,755
2,280,756
351,124,757
685,765,757
970,459,757
950,959,759
943,398,759
994,516,760
110,988,762
810,903,762
642,274,763
237,331,764
392,591,767
840,162,767
295,306,767
563,459,768
200,315,769
711,680,772
113,110,772
535,804,774
195,695,774
358,142,774
984,74,778
982,323,779
516,71,779
756,310,779
932,355,781
101,70,784
617,164,785
47,715,787
780,413,787
64,977,787
814,282,787
123,332,789
583,561,789
251,540,792
693,673,792
123,836,793
536,615,793
182,206,793
964,541,793
145,928,794
693,482,794
128,586,795
999,768,796
971,148,797
204,967,797
397,125,797
348,888,798
226,319,799
609,856,799
691,753,799
823,83,802
641,120,802
922,107,809
961,557,809
260,51,810
830,677,812
689,387,812
256,726,813
772,376,813
122,634,813
472,897,814
516,326,816
417,803,817
661,941,817
80,938,818
217,76,818
42,271,818
137,445,820
956,257,820
569,229,824
369,234,824
644,336,824
739,747,826
146,34,827
527,387,827
200,934,827
69,115,828
946,536,828
947,756,831
918,866,831
679,532,831
524,917,832
193,334,834
466,911,834
558,389,835
316,55,835
695,612,836
20,440,837
980,473,837
170,460,837
827,6,839
639,371,839
813,247,841
354,235,841
231,942,841
727,795,841
614,512,842
527,772,843
617,547,843
315,410,844
672,276,844
795,452,847
589,195,847
533,280,848
389,922,848
366,678,850
298,60,851
848,84,851
366,900,854
509,850,856
66,216,856
986,541,857
476,787,857
112,574,858
893,455,859
136,69,860
65,330,861
105,772,862
490,814,864
565,674,866
95,956,866
240,929,867
351,986,867
85,824,869
540,598,870
42,52,871
566,34,872
451,755,872
207,772,873
862,699,875
718,643,875
552,116,875
664,191,877
193,607,878
820,743,879
268,632,880
516,306,881
256,25,882
606,357,887
192,59,887
250,719,891
406,432,892
215,673,893
215,405,893
148,886,894
286,212,895
849,681,896
642,228,897
681,275,898
548,120,898
784,61,898
443,901,900
314,82,901
278,295,903
713,142,903
599,202,903
868,960,904
808,261,905
513,104,905
228,670,906
292,605,908
795,981,909
947,347,911
987,648,912
777,355,912
888,207,912
100,22,912
884,101,914
486,994,916
901,554,920
344,774,921
264,398,922
649,910,923
994,69,924
402,530,924
368,486,924
215,898,924
282,222,926
709,425,926
94,47,926
854,465,927
442,814,927
527,145,927
880,616,928
205,169,930
991,562,931
144,253,931
935,408,933
91,692,933
512,358,934
147,83,936
849,872,936
574,495,936
37,290,937
562,46,937
437,942,938
784,900,940
396,792,940
432,95,941
264,636,942
672,217,942
793,387,943
863,673,943
827,798,944
842,771,944
771,384,945
293,390,946
204,451,947
254,440,948
935,487,948
901,489,949
442,39,949
270,557,950
686,334,951
593,874,952
472,144,952
991,997,952
427,794,953
1,319,954
461,606,954
422,584,955
907,988,955
147,784,955
953,789,957
505,972,958
956,598,959
583,345,962
316,633,962
382,920,963
126,111,964
355,772,965
193,628,966
201,212,966
695,132,967
776,387,969
935,854,969
475,352,971
912,839,972
734,167,973
816,702,975
290,32,975
436,648,976
562,542,978
897,870,978
284,584,978
704,89,980
524,85,981
361,339,981
153,457,984
977,167,985
895,736,986
568,639,987
392,924,988
483,729,988
689,881,988
397,990,991
440,884,992
318,592,992
989,417,993
910,680,993
483,914,994
350,624,995
366,571,995
847,834,995
491,787,996
52,841,996
293,939,997
754,618,998
561,422,999
250,623,999
301,514,999
762,845,2
63,538,2
573,787,3
159,957,5
945,418,5
65,640,6
687,148,6
616,197,9
728,164,9
817,882,9
240,549,9
977,344,10
199,521,11
877,217,15
496,792,16
966,117,16
494,815,17
681,477,20
894,454,21
868,343,21
259,164,23
462,336,23
167,262,26
678,212,27
85,785,30
984,869,30
818,224,32
828,339,33
622,309,33
377,348,33
151,478,34
860,415,35
924,693,37
567,324,38
814,233,38
905,160,42
208,262,43
213,492,43
442,481,46
145,431,47
768,737,47
516,500,48
424,560,48
661,990,49
14,840,49
637,384,50
952,141,50
483,83,50
173,495,51
825,424,52
745,748,56
79,89,57
241,366,58
228,769,58
955,116,58
769,79,59
486,827,59
44,270,64
543,988,68
828,409,68
709,24,69
693,575,70
925,361,70
356,760,70
643,618,73
664,992,74
958,337,75
142,577,79
804,308,79
353,246,80
353,352,81
522,390,84
905,206,84
624,230,85
133,630,87
45,238,88
400,634,88
255,306,89
47,556,89
980,348,90
976,933,91
960,758,91
951,29,93
904,519,93
91,849,93
628,739,96
686,442,97
124,239,97
455,248,97
764,951,98
119,197,99
214,996,99
729,763,100
101,176,100
118,75,101
143,618,102
387,945,104
391,50,104
245,443,105
726,978,106
13,520,106
943,112,107
108,624,107
140,232,107
946,957,108
635,668,108
391,253,109
930,566,109
15,391,110
364,747,111
200,125,111
615,694,112
152,414,112
313,231,113
151,878,115
96,155,116
585,24,117
554,907,118
54,59,119
532,710,119
760,129,122
233,694,122
290,824,124
757,436,125
787,345,127
549,699,129
811,599,131
472,833,134
138,449,134
980,221,134
338,269,135
86,949,135
872,519,136
22,475,136
110,207,136
32,327,140
52,976,140
729,394,141
765,557,141
131,479,142
161,749,142
152,85,142
272,734,143
512,312,143
211,770,143
916,409,149
867,359,150
337,907,151
425,446,152
135,322,153
423,84,153
773,795,154
250,79,154
687,971,154
762,591,154
644,691,155
104,952,160
182,486,160
331,865,160
2,520,160
502,429,162
966,813,162
526,78,162
798,888,162
831,401,164
792,263,165
781,613,166
947,681,166
764,774,167
281,634,168
352,23,169
436,935,169
515,892,172
705,278,172
544,218,173
191,300,174
395,333,175
500,293,176
655,473,177
877,623,177
504,98,177
594,196,178
595,601,178
336,300,178
849,730,178
226,955,179
345,820,179
550,274,179
122,22,180
223,245,181
986,305,181
121,217,184
352,603,184
930,930,185
579,432,186
65,647,187
604,341,187
45,711,189
974,426,189
962,32,190
937,84,190
838,494,190
506,817,191
235,523,191
998,901,192
834,52,193
125,17,194
714,625,194
310,74,197
760,340,199
960,622,200
562,972,200
18,256,202
403,551,202
793,690,204
582,697,205
109,702,206
840,182,206
804,108,207
153,119,207
145,780,208
744,897,209
355,425,212
567,203,213
898,132,213
861,522,213
758,793,214
30,808,215
338,190,216
138,607,217
749,664,218
531,669,220
222,365,220
493,854,221
583,451,221
768,911,221
843,355,221
60,313,221
352,569,221
648,558,221
649,714,225
593,13,227
207,113,227
453,676,227
240,703,227
592,801,228
450,992,229
212,578,230
7,335,230
0,67,230
394,288,230
528,564,232
53,295,232
200,112,232
687,461,235
152,852,235
958,624,236
599,432,236
241,693,238
31,988,239
949,971,239
964,165,242
649,776,242
494,39,243
487,876,245
41,118,247
488,363,248
910,526,248
350,180,250
922,118,252
573,251,252
381,23,254
48,670,254
672,841,255
592,938,256
441,758,257
260,442,257
670,343,259
650,273,260
115,193,260
946,213,260
212,496,260
733,130,260
314,517,262
936,902,265
250,464,266
14,213,268
307,694,268
334,170,269
370,823,271
798,747,271
916,647,272
260,348,273
978,837,273
659,708,273
714,993,273
530,435,273
643,667,274
46,87,274
399,249,276
5,917,276
483,888,277
12,468,278
73,567,278
406,913,279
178,845,280
411,567,281
894,488,285
413,287,285
921,897,287
73,193,289
326,154,289
292,912,289
224,944,290
553,538,291
173,292,291
84,384,292
782,855,293
850,273,294
356,567,295
179,64,296
362,95,298
791,371,298
841,741,300
827,757,300
902,851,301
598,70,302
268,125,308
781,98,309
835,83,309
368,183,312
759,821,313
890,655,313
69,925,314
463,575,316
505,52,317
609,198,318
161,130,319
752,297,320
371,233,321
591,52,324
155,944,329
591,821,331
136,498,334
39,930,336
605,475,336
415,949,337
68,728,339
191,892,339
503,45,340
13,762,341
776,496,341
131,595,341
829,884,345
352,874,345
189,214,347
297,270,348
233,511,348
50,644,350
898,835,351
223,411,351
952,598,352
738,343,352
761,378,355
98,698,355
184,405,355
926,825,358
277,381,359
574,339,361
537,150,361
679,431,362
865,772,363
827,213,363
140,939,363
626,985,364
700,819,367
65,842,367
358,53,367
127,56,367
14,117,368
593,262,369
625,581,369
953,211,370
829,288,371
930,345,372
537,662,372
507,635,373
418,421,374
254,960,375
964,752,376
694,147,377
922,528,377
517,169,377
324,290,378
973,663,379
156,406,380
746,410,382
237,809,382
52,209,382
471,991,383
658,368,383
367,37,387
949,218,388
881,757,389
586,201,390
321,228,390
747,690,390
608,38,391
677,109,393
38,151,393
269,968,394
993,793,395
189,915,395
682,873,397
349,70,398
695,13,398
412,838,399
736,977,399
799,738,399
103,839,400
298,172,401
410,906,401
249,669,403
750,552,403
586,291,407
350,864,408
530,471,409
806,582,411
237,749,414
7,534,422
904,596,424
604,330,426
507,133,426
625,719,429
844,25,430
84,625,430
16,207,431
380,255,432
889,620,432
58,753,433
507,374,434
511,320,436
939,296,437
687,285,437
401,19,437
537,816,437
380,589,439
691,23,439
37,140,445
795,136,446
365,413,447
416,761,447
842,170,447
620,132,448
562,190,451
364,766,452
813,176,452
876,848,453
480,633,454
916,552,457
28,719,457
298,218,458
25,234,459
533,174,459
427,18,459
487,498,460
903,982,461
88,540,462
443,532,462
434,92,463
117,565,463
81,811,465
579,839,466
42,405,467
548,591,469
273,716,469
553,170,470
888,788,473
932,169,474
323,174,475
991,678,475
844,165,477
788,157,479
806,452,480
928,674,480
789,801,480
954,201,480
406,857,480
357,500,481
768,681,481
547,822,481
300,667,482
811,624,482
99,977,482
924,490,483
401,533,483
367,476,483
842,810,483
638,903,484
745,9,485
10,221,485
370,426,486
239,926,486
956,42,487
515,151,488
722,608,493
118,562,493
950,217,495
231,579,496
189,647,499
86,181,500
158,44,500
810,695,506
719,699,506
532,474,508
412,317,508
662,959,509
51,622,512
617,694,513
916,934,515
721,415,516
307,14,516
8,313,516
239,633,518
790,20,518
948,380,519
233,953,519
187,615,521
893,781,521
644,870,521
878,853,522
335,497,523
408,493,525
482,362,525
415,903,530
425,696,532
751,38,533
250,310,534
435,397,536
280,42,536
49,188,538
944,393,539
776,683,540
576,616,541
244,428,542
241,948,543
504,11,543
306,32,546
145,329,548
298,608,548
229,388,550
113,724,551
601,955,552
942,421,552
863,379,552
498,310,552
766,256,552
946,680,555
665,276,555
601,461,556
51,844,557
642,331,557
780,787,558
853,40,558
228,54,559
984,653,559
108,213,559
10,349,559
528,683,559
687,897,560
791,680,560
818,153,561
180,602,561
500,232,561
259,461,565
301,915,565
175,552,566
237,533,566
23,635,567
426,549,568
880,507,568
625,477,568
475,403,569
147,853,570
504,415,574
378,409,574
620,380,575
528,804,576
269,100,577
503,88,577
71,494,578
56,841,579
532,659,579
641,869,581
5,773,582
346,805,582
51,346,583
374,708,583
401,607,583
604,751,584
332,239,584
280,864,584
386,949,585
407,783,585
7,168,585
575,56,587
450,37,589
887,410,589
539,508,591
509,0,592
468,48,592
54,775,593
928,898,593
923,94,596
783,694,597
256,289,599
823,455,600
312,691,600
313,16,601
679,146,602
347,581,602
376,879,602
97,122,602
18,479,605
146,144,607
760,361,608
618,451,609
127,824,609
316,327,610
386,4,610
857,337,611
449,440,612
18,290,612
278,925,613
475,209,613
710,987,614
315,684,615
582,466,615
53,547,616
359,556,617
954,203,620
589,898,621
551,918,621
774,820,624
862,864,625
692,671,625
415,304,626
766,18,626
890,140,627
243,849,627
726,351,629
49,89,630
442,916,632
683,179,632
932,859,633
304,723,635
40,771,635
455,55,635
557,440,636
637,563,636
3,304,639
737,32,640
810,228,643
408,486,644
672,106,644
926,452,645
381,89,645
887,538,648
523,3,648
492,929,649
259,518,649
569,871,649
902,364,650
30,772,650
277,494,651
663,414,652
911,792,652
813,546,655
733,556,656
477,480,656
25,659,658
73,86,661
497,614,663
668,380,664
200,261,666
522,685,666
714,534,667
791,710,668
50,704,668
793,762,670
793,27,671
376,95,672
690,96,673
833,222,673
97,475,675
326,952,677
389,226,677
646,142,678
84,512,678
912,5,680
23,641,681
647,332,683
742,422,683
73,350,683
240,474,683
624,621,683
565,8,686
978,397,688
145,167,688
389,989,688
579,993,688
811,789,689
860,665,689
60,734,689
68,703,689
510,861,691
574,750,691
602,609,691
385,787,692
47,838,693
704,352,694
247,803,697
958,133,700
250,402,702
266,194,705
921,826,706
100,399,709
579,675,709
547,431,711
198,113,711
612,290,712
680,30,713
777,449,713
680,532,714
654,269,718
140,754,721
871,285,721
993,203,722
835,294,722
426,194,723
762,695,724
479,622,725
676,743,725
740,801,727
506,850,727
663,311,727
856,650,727
34,950,730
267,30,730
34,527,731
193,857,731
438,876,731
881,779,732
903,89,732
415,498,733
906,46,735
437,339,736
123,900,736
522,366,736
578,981,739
127,743,739
557,716,742
458,586,742
370,162,743
719,508,743
955,971,745
499,6,746
57,1,746
452,881,749
747,406,749
294,591,751
556,353,752
944,0,753
820,770,754
518,820,755
216,614,755
799,546,756
684,927,756
376,291,758
473,824,758
148,357,759
941,983,761
104,111,762
937,440,762
17,282,762
179,925,762
774,788,764
595,413,765
455,312,766
573,380,768
877,295,769
521,144,769
394,886,770
401,587,770
221,621,772
80,540,772
384,202,773
302,922,774
939,668,774
199,700,775
871,680,775
7,763,776
796,722,778
965,956,779
537,350,784
73,950,785
16,949,786
458,562,786
336,360,786
534,178,788
192,685,788
871,451,789
282,256,791
355,492,791
218,659,792
755,106,796
740,361,797
542,557,799
705,831,799
169,363,800
688,25,800
835,875,802
52,482,803
985,249,803
58,238,803
97,554,806
890,21,806
518,114,808
128,340,808
364,895,809
904,223,809
509,161,811
86,615,812
512,672,812
40,491,814
614,108,816
974,151,816
29,342,818
372,872,818
513,605,822
73,599,823
716,453,823
582,615,823
523,693,827
609,685,827
179,723,829
343,162,829
278,888,830
964,992,832
52,912,833
808,395,833
505,144,833
644,283,834
80,629,834
856,573,834
43,501,834
79,86,837
942,458,837
904,759,837
379,444,838
511,176,839
180,93,839
771,327,840
935,862,840
634,664,840
637,533,840
183,592,840
875,751,844
735,114,844
259,193,846
804,629,847
155,878,847
228,816,847
385,768,852
788,981,852
409,741,853
414,917,855
576,364,856
903,678,856
663,856,858
582,927,859
155,450,859
56,761,860
891,650,860
413,291,862
53,825,865
302,545,868
801,95,869
497,558,870
939,575,871
580,243,871
139,879,872
421,191,873
134,41,874
684,343,878
146,939,878
642,91,878
95,692,879
773,425,881
149,126,881
773,322,882
53,569,883
896,493,884
111,688,885
109,134,886
704,228,886
618,630,888
257,669,890
917,179,891
805,179,893
305,94,893
44,940,894
772,531,897
443,7,897
740,866,898
719,988,898
49,519,898
630,187,898
846,890,899
854,18,901
654,142,902
995,480,902
383,853,903
905,229,903
437,279,905
35,917,907
778,741,909
730,825,909
797,540,910
943,711,910
846,586,911
891,907,913
67,68,913
176,143,913
259,545,914
724,566,915
396,603,917
384,468,919
171,153,919
511,575,921
524,808,926
789,104,928
549,775,929
742,159,929
316,832,929
410,635,929
434,179,930
18,147,932
417,827,932
433,153,933
486,860,935
291,786,935
759,271,935
942,188,937
577,371,939
243,417,940
473,820,940
649,944,941
112,279,941
245,856,941
495,962,942
831,111,943
906,37,943
376,437,946
250,752,946
565,98,948
82,873,948
42,552,949
334,621,950
649,302,951
747,865,951
759,889,953
734,30,953
435,608,953
284,516,953
89,295,956
506,599,956
662,339,957
5,330,957
495,77,962
162,963,962
984,507,963
321,16,965
209,552,965
770,230,967
179,194,968
88,551,969
997,166,970
80,951,970
662,7,972
220,640,972
122,904,973
895,31,973
8,872,974
555,848,974
771,999,976
385,586,976
708,591,977
825,456,978
311,931,978
717,810,978
111,423,979
736,328,982
387,585,982
297,953,984
224,753,984
229,757,984
728,638,985
632,917,987
214,37,988
214,839,988
893,847,990
442,645,990
490,3,990
566,735,991
874,62,992
615,510,994
492,400,995
46,961,995
299,420,995
950,621,995
277,209,997
493,341,997
779,821,0
