<<<<<<< HEAD
412,262,0
412,262,0
246,222,1
544,351,1
440,182,4
440,182,4
447,719,7
758,200,9
882,5,14
882,5,14
365,327,21
365,327,21
857,859,24
859,128,26
266,737,29
141,94,31
509,163,32
785,570,38
785,570,38
320,221,41
320,221,41
417,833,46
417,833,46
663,504,50
663,504,50
179,200,56
179,200,56
264,607,62
264,607,62
588,932,67
409,564,70
341,58,72
178,633,75
178,633,75
542,314,81
542,314,81
452,918,87
452,918,87
474,669,91
703,269,92
158,536,96
158,536,96
891,553,99
286,92,105
936,314,108
96,608,112
96,608,112
462,926,123
462,926,123
797,439,132
120,489,134
332,940,137
407,941,139
407,941,139
397,208,144
397,208,144
92,56,149
92,56,149
741,360,154
741,360,154
785,498,156
785,498,156
357,955,161
357,955,161
42,820,163
455,546,166
550,467,167
146,440,168
433,905,170
433,905,170
135,792,172
157,165,174
346,783,175
724,112,178
785,387,181
874,205,185
874,205,185
948,682,190
948,682,190
266,657,195
266,657,195
42,237,201
42,237,201
540,534,203
540,534,203
871,952,207
840,880,207
571,953,212
960,571,215
725,913,218
575,26,220
967,418,223
624,443,226
624,443,226
240,373,232
240,373,232
970,957,236
970,957,236
380,507,239
761,817,239
944,617,241
714,797,245
92,173,247
654,22,249
654,22,249
46,723,258
46,723,258
433,929,262
433,929,262
582,470,264
784,963,264
777,773,272
777,773,272
742,865,275
742,865,275
897,263,281
565,889,281
652,983,284
897,845,286
930,904,287
446,833,293
446,833,293
197,958,299
197,958,299
983,280,301
983,280,301
308,825,308
890,315,312
53,363,313
433,74,319
433,74,319
542,341,325
542,341,325
516,5,327
906,927,328
138,201,329
467,552,334
311,563,335
625,945,338
625,945,338
853,717,342
853,717,342
372,581,348
372,581,348
607,866,351
240,145,353
189,95,357
189,95,357
403,387,359
511,283,360
496,613,363
844,121,367
151,315,369
838,7,370
111,692,371
645,865,373
364,178,375
507,421,377
487,470,383
675,836,386
433,819,387
109,675,389
319,800,392
421,160,395
237,680,396
869,907,401
869,907,401
121,245,405
121,245,405
410,967,409
87,245,410
734,672,412
509,182,413
512,370,416
58,844,422
58,844,422
522,119,426
347,462,428
437,903,430
488,237,435
488,237,435
297,958,438
297,958,438
226,235,442
316,972,445
564,775,449
256,17,453
260,107,455
370,217,459
993,150,460
852,718,462
931,70,463
318,986,465
892,888,466
307,862,469
642,391,470
919,339,473
919,339,473
471,888,480
471,888,480
287,138,486
634,849,486
412,691,491
402,856,499
402,856,499
98,180,503
976,903,504
872,433,509
872,433,509
472,680,514
472,680,514
68,554,517
941,394,517
350,942,518
863,763,523
863,763,523
508,152,526
508,152,526
433,444,531
433,444,531
485,904,536
485,904,536
271,473,542
271,473,542
648,848,544
769,488,546
451,271,550
947,416,553
531,973,555
5,1,557
5,1,557
638,149,561
638,149,561
742,701,564
682,452,565
220,671,569
814,550,571
792,398,571
688,45,575
688,45,575
101,408,580
723,179,581
83,505,584
395,559,587
395,559,587
617,497,591
617,497,591
349,598,595
113,902,598
113,902,598
467,75,602
406,48,603
945,127,607
641,650,609
447,569,610
944,438,615
944,438,615
40,169,619
40,169,619
676,8,624
433,619,628
595,401,630
142,860,633
142,860,633
523,625,639
523,625,639
744,668,643
744,668,643
765,500,646
765,500,646
168,386,650
310,597,651
734,913,653
229,208,656
498,827,657
265,891,659
2,44,661
315,751,661
998,273,665
493,313,668
493,313,668
534,263,672
534,263,672
264,975,676
264,975,676
552,421,681
677,269,682
864,13,687
200,178,691
114,491,693
247,93,696
247,93,696
682,887,701
682,887,701
793,879,705
201,763,706
201,763,706
329,949,713
329,949,713
545,136,714
75,492,714
136,66,718
918,218,720
616,180,722
458,210,728
458,210,728
0,187,733
500,263,733
693,408,739
32,169,740
235,232,741
749,519,745
749,519,745
883,488,751
883,488,751
612,218,755
371,130,760
537,76,761
771,602,765
863,540,765
450,531,769
450,531,769
954,563,774
599,688,776
599,688,776
553,143,781
553,143,781
418,289,784
986,547,789
986,547,789
307,899,795
307,899,795
767,76,797
767,76,797
344,222,802
344,222,802
670,171,805
246,923,811
246,923,811
366,75,815
977,911,817
91,315,818
865,184,822
865,184,822
194,359,828
194,359,828
843,813,831
843,813,831
275,752,837
275,752,837
271,594,839
271,594,839
4,214,845
287,377,848
287,377,848
847,820,851
847,820,851
953,805,856
289,262,857
238,595,860
38,75,862
955,180,864
978,281,866
47,325,867
616,902,869
616,902,869
570,822,877
570,822,877
339,968,881
339,968,881
797,730,885
280,403,888
967,312,890
699,974,892
984,145,893
738,900,899
738,900,899
380,820,903
380,820,903
965,501,905
965,501,905
442,634,911
442,634,911
535,302,913
535,302,913
18,356,918
18,356,918
958,325,920
215,99,922
167,486,925
593,44,927
284,270,928
810,638,934
810,638,934
23,883,937
700,903,937
362,716,940
442,509,944
838,129,946
458,415,948
288,483,950
970,88,954
970,88,954
512,897,961
625,188,963
126,900,967
126,900,967
87,613,971
87,613,971
125,138,978
600,268,982
474,269,985
869,543,987
869,543,987
793,511,992
372,211,995
=======
161,607,998
291,419,999
772,497,0
450,621,1
907,324,2
34,522,3
610,960,4
594,789,5
967,986,7
321,978,9
736,710,10
194,814,15
395,809,16
34,489,16
636,3,19
383,842,20
622,752,24
977,39,25
27,513,26
750,845,30
447,752,33
185,941,35
793,397,36
511,769,38
342,593,38
542,802,40
507,837,42
226,640,43
794,354,45
583,225,46
798,756,47
697,652,48
909,131,49
96,629,53
590,388,59
603,103,61
93,198,61
335,606,62
26,831,63
234,714,65
240,367,66
120,591,70
114,533,73
23,360,75
350,726,76
994,38,79
763,872,80
872,509,81
564,86,86
799,264,87
663,546,89
946,385,92
616,414,93
244,558,95
343,408,97
864,843,98
268,748,99
328,948,100
402,986,102
23,864,102
247,384,104
952,876,105
979,447,106
692,719,109
723,535,110
390,159,111
959,634,115
401,729,115
932,882,120
259,599,121
902,274,123
783,91,124
786,738,126
471,797,126
346,656,131
700,639,132
138,630,135
12,200,136
483,189,139
690,150,141
612,335,143
643,832,144
503,192,146
473,433,147
711,400,147
534,759,149
651,916,150
856,113,150
110,137,151
755,998,153
888,534,154
669,152,156
97,79,164
684,747,165
899,651,166
212,242,168
734,736,169
526,21,172
564,539,174
559,403,176
144,466,182
230,845,184
738,556,187
105,813,189
191,513,191
543,740,192
862,199,195
214,198,197
797,512,201
883,91,204
278,777,204
860,18,206
519,105,210
928,222,211
489,556,213
591,519,214
182,763,215
911,888,218
613,347,221
808,170,222
789,686,223
175,205,226
774,73,228
454,787,229
378,252,230
499,768,232
166,934,234
343,998,236
846,393,239
439,214,242
891,551,243
909,534,245
555,41,246
798,79,247
313,945,249
765,748,250
228,722,252
203,737,254
245,436,254
66,72,255
806,231,259
498,831,264
689,120,266
365,898,267
684,724,269
672,21,270
923,765,273
387,520,275
297,630,276
796,115,277
509,737,278
710,748,278
68,113,280
543,187,282
59,965,283
575,459,287
114,199,288
601,895,289
823,931,290
417,342,292
732,259,292
670,225,294
334,689,295
356,848,296
247,224,296
24,930,297
315,828,297
700,512,298
628,553,298
310,229,299
7,44,303
69,936,305
586,335,305
314,901,307
962,714,308
428,142,309
828,916,311
551,665,311
581,766,312
567,626,314
245,481,317
946,14,319
122,377,324
431,376,330
339,878,330
202,714,332
112,929,334
286,304,337
895,180,338
978,429,339
535,930,344
680,858,346
877,689,349
200,225,350
249,650,350
420,123,351
318,773,353
718,120,357
335,836,358
115,705,359
83,142,363
533,36,364
719,198,367
371,208,371
402,828,372
740,910,372
22,792,373
675,715,373
204,277,374
236,115,376
735,595,377
145,694,378
606,243,379
467,193,381
132,269,381
347,566,386
976,703,388
533,187,394
748,210,396
589,330,398
976,696,401
330,56,408
351,636,409
265,98,412
317,622,413
751,631,414
80,438,415
602,504,416
481,629,418
497,469,418
789,223,422
139,877,424
383,936,428
467,741,429
116,452,432
99,263,433
372,835,434
515,121,436
668,861,439
869,387,441
618,987,443
212,44,446
134,721,449
923,54,451
778,25,453
691,845,455
884,803,459
407,221,460
194,613,464
390,888,466
734,202,468
69,362,470
840,882,472
418,212,474
919,764,474
735,826,477
368,874,480
588,562,484
664,528,485
879,165,485
450,568,486
673,549,488
489,899,488
899,115,492
260,260,493
664,0,495
694,762,498
352,37,501
438,107,506
979,627,508
405,407,510
288,971,513
480,942,515
309,167,517
809,960,519
104,41,519
484,937,522
606,642,524
355,232,524
556,577,525
448,76,525
326,542,532
564,114,534
361,703,534
65,229,534
277,196,538
705,990,538
647,650,539
872,121,540
581,42,541
761,541,542
655,983,545
221,765,547
666,978,549
913,149,551
846,257,551
365,83,555
108,430,557
958,241,558
399,44,562
15,256,564
169,372,565
830,44,568
410,623,569
928,251,570
597,296,574
553,595,575
499,214,580
591,924,581
415,701,582
869,962,583
423,771,586
496,543,587
629,595,589
639,316,590
789,205,594
802,803,595
357,199,598
775,661,599
166,470,603
23,539,604
657,381,606
474,4,608
247,636,613
742,45,614
989,322,618
650,655,620
560,435,623
827,94,625
238,157,626
571,758,629
510,625,630
757,910,630
233,947,632
940,517,635
555,452,637
444,314,639
843,487,641
862,343,642
475,299,643
62,259,650
436,468,652
29,623,653
140,495,654
193,487,655
570,712,656
340,226,658
993,927,660
357,875,667
402,900,668
369,436,672
223,50,673
328,330,676
727,510,678
833,399,681
471,236,689
215,516,689
289,213,692
672,361,694
364,531,695
208,79,697
531,444,698
27,693,699
784,896,701
870,383,702
495,334,704
714,629,706
607,401,710
782,577,710
272,183,711
122,686,713
802,637,715
529,515,722
157,139,724
816,633,727
268,344,732
374,352,735
412,4,737
225,961,738
487,808,740
578,745,741
676,118,742
272,498,744
284,409,749
35,390,749
649,200,752
510,540,753
684,208,755
239,607,755
737,284,756
407,649,757
375,845,758
296,104,760
34,63,763
512,357,765
928,254,766
558,396,766
903,948,767
186,372,767
836,959,770
327,66,770
138,771,771
658,640,772
933,84,774
857,952,775
671,994,776
641,995,777
279,403,778
486,729,779
207,577,781
445,735,783
668,311,784
807,239,788
287,396,790
789,160,795
445,690,797
990,571,798
637,726,799
343,613,802
671,152,803
25,854,806
393,719,807
78,417,810
968,646,810
390,280,813
192,650,816
480,664,820
281,28,823
542,643,824
400,547,824
584,629,824
378,329,825
569,463,830
540,947,831
999,897,832
886,585,834
222,405,834
135,777,835
86,945,837
602,795,839
55,498,842
737,682,843
887,644,845
437,845,846
180,302,848
525,386,851
923,734,853
621,383,854
710,597,858
326,78,861
289,539,866
576,496,870
316,253,873
979,593,873
122,711,875
324,805,879
258,928,880
907,30,883
407,510,886
696,728,888
868,569,889
77,159,891
449,461,893
323,424,897
779,954,899
556,503,900
515,775,903
882,500,903
778,607,905
177,25,910
26,523,911
971,767,912
244,305,913
404,824,916
796,172,921
105,168,925
69,839,930
914,448,933
591,365,933
882,860,934
223,777,935
517,754,935
882,352,936
828,104,942
258,519,946
818,915,946
431,199,948
921,909,949
2,89,951
593,993,952
877,241,953
888,481,954
279,335,955
192,413,956
608,651,958
384,789,963
849,410,966
304,943,968
987,844,969
77,324,972
41,847,974
782,171,974
301,803,976
250,78,978
67,826,979
659,46,981
24,260,981
194,885,983
305,592,987
859,690,989
213,933,991
792,316,993
210,38,994
372,908,997
620,25,1
243,931,2
885,808,2
315,754,8
848,607,9
307,765,12
714,629,15
851,470,18
906,702,23
267,864,27
552,396,31
313,813,32
766,374,33
214,374,35
992,26,37
962,314,39
932,369,42
387,295,45
65,376,46
360,575,46
187,135,48
485,714,54
841,488,55
854,373,59
257,416,60
553,387,68
826,438,70
903,31,76
297,551,81
122,910,82
969,850,83
319,121,84
846,897,86
983,205,88
548,935,91
177,618,92
471,895,94
749,401,96
145,137,100
913,152,102
961,314,105
614,213,105
675,803,106
371,105,108
322,924,110
281,401,112
549,717,114
355,738,115
215,52,119
647,83,121
629,911,122
182,536,128
790,192,128
32,179,129
421,404,131
189,720,145
133,176,145
813,776,146
606,604,151
474,528,154
322,21,158
225,252,160
345,548,163
139,789,169
45,77,171
621,872,172
86,377,175
831,138,178
65,400,179
986,238,180
84,205,185
538,58,186
117,956,189
166,283,189
31,708,190
69,233,194
989,928,195
846,784,199
288,382,200
404,486,202
277,855,203
789,638,205
275,418,206
931,512,216
89,721,218
831,962,219
557,58,223
464,184,225
558,36,228
445,316,231
356,757,232
681,500,233
323,894,236
615,588,240
104,10,244
809,878,246
332,917,248
761,618,251
850,523,251
992,369,255
212,499,256
608,410,257
608,435,259
273,40,261
658,674,264
362,874,268
259,791,271
688,100,272
642,383,273
189,448,276
47,820,277
983,914,279
72,230,282
536,142,285
687,293,290
58,479,293
390,206,296
279,274,297
498,977,299
995,175,299
257,520,300
7,416,302
484,59,303
189,394,306
336,937,309
889,127,311
740,3,312
280,725,313
578,393,315
539,880,318
538,28,318
821,572,320
869,110,323
995,236,327
980,279,330
832,216,330
247,468,334
559,837,335
178,725,335
743,554,337
92,176,339
113,979,344
984,619,345
89,177,346
990,198,349
410,619,350
433,148,351
589,566,352
792,70,352
941,474,354
300,100,356
117,627,358
854,105,361
459,666,364
372,462,364
859,22,365
835,90,366
62,151,367
525,139,369
35,680,371
826,992,371
477,178,377
168,108,379
349,908,380
884,522,382
627,285,384
775,934,385
55,727,396
995,559,401
750,236,403
439,222,404
781,886,406
787,786,411
332,304,416
942,478,419
934,490,421
575,901,423
81,324,427
246,178,428
313,307,430
247,955,433
121,429,434
933,984,434
371,954,435
157,338,436
27,217,437
748,390,441
833,889,441
756,274,444
766,528,448
923,362,449
916,513,454
345,282,456
292,192,461
273,840,466
86,401,467
996,678,468
578,451,475
150,849,477
946,958,483
712,810,484
697,176,487
951,672,489
480,360,491
777,212,496
473,268,499
897,654,501
37,937,502
175,536,503
876,766,510
362,831,511
703,173,514
968,14,518
974,312,519
511,897,520
927,630,523
398,132,528
178,313,529
863,739,531
244,173,533
866,954,534
517,899,539
994,257,540
273,61,545
640,868,545
930,657,550
923,126,554
225,629,557
755,867,558
616,472,566
925,720,570
81,467,571
655,125,576
758,208,577
100,173,578
726,918,579
709,767,583
826,874,587
353,431,596
599,12,597
895,459,600
35,283,606
28,617,610
419,679,613
908,803,614
293,568,615
120,882,615
337,877,618
855,424,622
741,153,625
472,504,627
29,833,628
62,772,629
162,574,630
385,216,632
753,905,636
37,333,640
181,874,642
919,948,649
673,961,652
215,671,653
423,581,660
564,638,662
587,324,663
233,986,664
431,239,666
213,871,670
420,301,671
613,994,674
601,700,677
204,807,679
857,434,684
120,575,689
5,748,692
357,575,692
113,465,695
185,2,695
335,979,696
313,335,704
240,522,705
592,222,705
744,914,707
153,353,709
509,666,710
629,695,712
776,827,714
261,986,723
532,814,723
764,276,724
645,29,725
648,504,727
250,936,730
466,437,731
122,15,736
539,827,737
100,473,739
224,472,740
221,670,750
299,117,751
5,468,754
835,967,754
668,873,756
688,934,760
939,558,768
759,233,774
788,331,776
472,828,780
438,592,783
762,0,786
278,554,792
7,153,794
932,838,795
119,111,796
313,713,798
140,992,799
17,895,801
576,600,801
613,505,804
21,455,807
92,98,808
278,370,808
827,837,810
41,993,816
618,313,819
160,469,819
259,993,823
162,406,826
75,182,827
73,583,831
576,270,831
289,188,833
529,475,836
670,369,840
826,149,842
208,731,846
362,416,846
325,44,847
850,566,852
876,806,863
699,88,866
619,690,869
502,160,869
628,599,874
374,435,874
447,762,876
841,85,882
669,575,884
482,379,885
839,689,887
341,634,889
263,662,889
236,461,891
13,366,895
177,357,896
310,303,899
204,948,904
502,800,907
627,557,913
309,144,914
248,19,920
485,979,922
279,663,923
975,997,924
1,604,925
602,123,927
568,915,930
975,512,934
296,537,938
461,392,940
331,295,947
533,474,949
651,74,954
184,461,955
922,713,959
268,765,961
663,397,965
129,817,966
895,904,966
990,800,967
459,240,967
315,332,971
538,424,973
170,43,973
355,84,977
8,185,978
329,295,981
335,814,984
527,985,986
828,744,987
480,955,990
379,97,992
36,22,997
>>>>>>> 25a064ce5e5b58a3b95f4a83bb57403082e76a6c
