204,604,0
514,889,5
734,937,7
164,502,10
475,158,13
267,423,15
604,956,18
750,225,22
99,496,28
793,573,32
420,444,34
579,135,38
905,888,43
507,114,47
230,83,50
10,278,54
483,375,58
313,697,61
894,932,65
573,614,69
363,147,73
595,779,77
545,370,80
272,131,86
77,150,92
723,684,95
641,277,100
179,812,104
26,805,108
915,382,111
360,945,115
957,547,118
988,301,122
331,78,128
89,449,132
753,312,136
959,349,138
484,415,142
593,396,145
228,210,150
821,21,154
739,716,159
464,619,165
594,903,169
871,153,172
941,207,176
348,514,182
507,52,189
110,929,193
465,415,199
961,625,202
419,588,207
719,747,210
596,903,212
731,355,216
497,660,219
14,72,224
995,831,226
108,333,229
918,615,231
316,457,236
916,722,241
190,246,245
797,217,248
311,306,251
733,261,255
322,480,257
470,290,259
287,441,263
351,426,266
871,820,271
532,413,275
355,27,278
740,39,282
436,572,285
401,146,288
500,924,290
842,936,294
250,671,298
396,234,301
908,190,307
904,367,310
836,660,313
896,497,317
5,441,322
