420,786,0
876,446,1
889,824,3
167,766,4
618,119,7
11,483,7
498,159,8
270,511,9
269,858,9
263,793,10
942,867,10
248,291,12
791,422,13
99,221,13
724,629,15
628,744,16
299,744,16
858,595,17
652,398,17
861,197,18
358,146,19
169,697,20
471,99,20
574,290,21
667,760,22
693,334,22
441,506,22
639,857,24
629,542,25
528,831,27
826,13,28
340,647,28
242,227,29
626,84,29
108,442,30
823,178,30
283,489,32
341,501,36
928,256,37
88,997,37
240,118,37
619,887,39
820,412,39
483,901,40
920,598,40
253,501,41
555,568,42
452,115,43
637,182,43
729,25,44
482,943,44
418,930,45
136,986,46
725,726,46
798,67,46
61,158,47
568,42,47
507,404,47
402,350,48
588,44,48
92,688,51
938,640,51
638,621,51
756,977,52
529,642,52
33,896,53
647,197,54
688,423,56
553,260,57
238,494,58
621,375,58
697,541,61
756,563,61
573,909,62
431,704,63
704,337,64
792,38,64
360,235,67
608,549,68
473,118,70
170,163,71
903,157,71
32,578,72
800,565,74
955,635,75
762,931,76
626,264,77
15,647,79
581,779,79
705,536,80
868,833,80
448,638,80
269,985,82
356,431,83
786,628,86
771,462,87
550,565,88
319,467,89
873,70,90
578,522,91
288,944,92
407,604,93
635,17,93
867,529,95
585,929,96
385,780,97
625,239,97
177,753,97
162,931,98
361,509,99
980,337,99
327,25,100
151,58,101
712,437,102
175,249,103
221,229,103
796,843,104
735,614,105
213,148,106
753,551,106
649,122,108
430,576,109
582,986,109
160,362,110
820,252,112
326,637,116
522,846,116
393,571,117
479,881,117
93,248,117
863,649,118
394,2,118
518,650,120
58,135,120
154,585,121
856,712,121
568,357,122
146,144,123
129,336,123
643,722,125
602,533,128
230,259,129
896,921,130
397,103,130
588,762,130
463,91,131
651,989,134
633,343,136
899,49,137
204,443,139
919,666,141
98,68,142
249,904,147
109,788,147
485,909,147
753,688,148
233,679,149
289,608,150
364,136,151
509,798,153
278,949,154
251,424,154
417,381,156
239,584,157
418,775,160
417,229,163
82,773,165
770,946,166
718,261,166
341,116,167
491,96,168
971,348,168
566,316,169
285,90,169
908,383,171
357,695,173
252,81,174
915,128,175
90,814,176
633,968,176
305,840,177
471,205,177
394,37,177
751,203,179
899,361,179
842,879,179
989,148,182
84,357,183
914,78,183
218,540,184
627,121,185
385,530,185
603,493,186
767,852,187
864,501,190
12,452,192
104,433,192
390,953,192
950,943,192
580,239,193
418,293,193
289,774,194
434,985,195
293,289,196
721,717,196
271,670,198
311,864,199
896,651,203
684,886,204
730,365,204
253,629,204
581,197,205
94,560,205
964,84,206
775,879,206
468,934,206
751,323,208
396,819,210
488,474,210
325,941,211
146,961,212
425,30,214
572,636,216
13,317,217
370,252,217
461,620,218
34,393,219
984,647,219
361,586,220
371,503,220
620,782,220
373,305,220
754,881,225
936,136,227
599,897,229
291,592,229
785,921,230
13,383,230
56,536,233
796,545,233
861,694,234
64,181,234
709,113,238
196,503,239
249,557,240
574,502,245
372,596,246
401,564,248
944,798,248
41,113,250
725,523,252
926,485,253
626,170,254
96,700,255
193,331,256
919,745,257
739,753,258
237,554,258
218,669,259
214,766,259
328,335,260
158,904,261
879,766,261
537,269,262
96,525,262
627,183,264
404,555,264
34,916,265
793,910,265
785,339,266
314,243,266
720,155,270
740,826,272
948,998,273
796,487,275
280,922,279
129,854,280
413,804,281
508,754,281
699,99,281
942,384,281
177,541,282
38,270,283
451,68,285
845,981,285
31,259,286
563,844,286
828,989,287
830,297,287
246,688,287
132,345,288
142,206,288
305,496,289
237,309,289
0,807,291
132,170,291
579,984,292
795,181,292
414,819,292
542,98,293
34,69,294
702,993,294
664,103,295
640,36,295
889,961,296
638,821,296
614,85,300
524,237,301
728,600,302
907,774,303
288,396,307
735,822,310
449,979,312
891,967,314
529,283,315
744,650,316
450,861,317
793,534,317
522,30,318
564,172,320
459,700,321
163,263,324
892,39,325
757,724,327
40,304,327
78,523,330
358,243,330
126,930,331
286,787,332
685,30,333
248,326,333
187,64,333
384,964,336
185,964,338
357,603,338
381,662,339
172,530,339
598,910,340
312,250,342
370,495,343
353,11,343
555,896,344
472,775,345
272,451,346
475,230,346
462,825,347
159,912,348
479,171,351
313,450,352
921,703,353
365,719,353
812,773,353
492,164,354
864,827,354
256,871,354
917,85,354
638,861,354
425,742,356
995,925,357
564,279,358
443,168,358
500,20,359
657,582,365
123,798,366
547,360,367
69,407,368
879,460,368
111,277,369
936,915,370
908,357,372
604,985,373
640,410,373
250,223,373
159,421,374
948,739,377
155,267,379
950,729,379
356,347,379
241,981,380
111,55,384
556,196,384
293,873,386
426,337,386
278,451,388
376,309,388
740,511,391
8,458,392
44,813,392
944,411,393
846,282,394
108,827,395
219,40,395
948,918,397
376,278,397
73,409,397
66,144,398
304,580,399
741,105,400
940,682,400
339,397,400
809,796,401
482,51,403
711,774,403
807,609,409
548,100,409
547,964,410
575,998,411
335,618,411
277,56,412
848,792,413
43,867,413
927,934,416
155,745,418
317,825,422
997,913,422
507,198,422
909,175,425
153,323,427
857,139,428
425,630,429
449,180,430
557,978,433
46,803,439
632,704,439
275,453,440
970,497,441
764,599,442
864,503,443
784,216,443
562,701,445
807,678,446
307,421,447
624,266,448
735,853,449
761,720,449
12,83,450
762,409,450
534,751,451
639,18,452
505,250,454
255,665,455
251,943,455
761,569,456
376,722,459
760,224,462
470,862,463
176,806,463
429,92,464
898,699,466
121,87,466
322,413,467
677,275,468
174,457,469
361,763,469
476,831,471
178,965,473
223,639,474
399,754,474
697,709,474
457,929,478
736,6,478
809,549,478
503,225,480
669,173,482
277,41,483
154,645,483
623,300,484
142,710,485
615,891,487
914,736,487
827,658,489
422,830,489
574,617,491
292,865,492
840,669,492
163,948,493
36,467,494
849,263,494
836,855,494
202,116,497
332,760,497
157,816,497
408,554,499
932,600,499
824,914,499
697,361,499
812,999,500
93,768,500
418,143,500
840,384,502
701,432,503
708,539,503
356,591,504
293,301,505
215,965,507
792,551,507
651,986,510
963,991,511
830,229,511
446,490,512
568,716,514
635,585,515
482,628,519
913,351,521
75,969,522
451,282,522
289,588,522
914,770,522
541,62,522
38,849,523
654,621,523
787,876,528
522,873,531
462,91,531
607,266,531
976,610,532
539,920,532
388,435,533
260,818,535
302,486,535
982,234,535
351,686,536
243,548,536
787,575,536
374,674,539
842,431,539
472,570,543
564,35,549
408,962,549
208,921,550
708,846,550
874,358,551
385,89,551
648,393,552
564,943,552
135,339,554
750,376,554
286,659,554
897,589,554
94,124,555
869,113,555
165,948,555
28,357,556
739,373,559
480,226,560
103,189,560
951,185,561
766,914,563
473,917,564
427,93,565
507,785,567
736,158,567
738,682,567
425,288,567
651,695,568
753,504,571
371,106,571
10,405,572
764,653,573
955,230,576
580,228,577
198,461,577
892,118,580
705,546,581
778,265,582
924,154,582
842,233,583
712,529,583
554,395,583
14,489,584
405,966,584
204,706,585
10,226,585
527,543,586
560,562,586
910,946,586
776,511,587
944,912,588
838,669,588
760,704,588
884,664,589
305,203,591
736,174,591
922,55,592
479,976,595
520,291,595
54,372,597
891,715,597
489,636,598
552,458,598
516,396,599
844,291,601
359,887,602
112,873,602
837,762,603
306,879,603
878,677,605
128,842,605
619,188,606
812,749,606
908,714,606
784,434,607
556,968,608
417,457,608
230,413,608
956,334,609
406,292,609
208,159,610
325,934,610
89,860,610
865,820,611
513,163,613
162,100,615
894,416,616
57,191,617
310,848,620
576,362,621
834,183,621
829,370,622
218,646,622
840,216,622
58,316,623
468,629,624
647,59,625
582,760,626
231,285,627
574,669,628
364,941,630
353,134,630
182,642,630
509,621,631
159,539,632
15,417,635
289,221,637
992,525,637
755,469,638
294,962,638
955,385,638
658,639,639
457,178,639
791,630,640
655,952,641
95,544,641
479,449,641
758,155,641
977,550,642
764,500,643
10,787,645
854,280,645
560,727,646
37,322,646
125,420,647
953,894,648
188,950,651
640,889,651
566,132,651
489,675,651
733,245,653
294,703,653
333,660,654
283,999,654
563,201,656
668,799,657
739,761,657
33,422,659
925,356,659
8,992,661
985,832,662
378,478,664
180,592,665
947,796,666
291,753,667
436,210,667
662,541,667
457,546,668
474,614,668
729,453,668
19,70,668
899,850,669
841,361,670
157,570,670
751,684,670
917,258,672
534,424,673
22,866,673
970,100,674
254,549,675
252,639,676
734,187,677
108,750,677
550,737,679
944,424,679
431,176,679
336,476,680
368,893,682
563,825,682
274,641,683
750,874,685
953,61,685
727,78,686
965,778,688
687,497,688
878,697,689
444,325,689
774,615,690
291,296,691
782,837,692
672,113,693
960,384,694
520,315,696
278,587,697
484,150,698
906,176,698
978,414,698
297,918,700
138,408,700
916,11,701
325,376,701
489,985,701
879,63,702
55,495,705
493,922,705
724,94,706
869,772,706
940,717,707
148,395,708
963,718,708
643,974,709
47,91,710
544,435,711
420,503,712
439,610,713
321,391,713
785,438,715
733,959,717
804,695,720
628,823,724
872,264,726
763,156,727
878,667,729
806,205,734
458,848,736
651,304,737
928,286,738
168,252,738
645,434,738
107,908,738
598,328,740
486,345,740
808,949,740
884,570,742
966,59,743
395,929,744
320,588,744
527,759,746
620,266,747
50,252,749
180,332,749
264,118,751
719,856,751
407,455,752
770,934,754
744,128,755
652,822,755
252,31,756
310,516,756
719,59,756
762,709,759
283,968,760
83,598,760
817,58,760
863,979,761
464,49,761
138,336,762
431,132,762
770,959,762
733,732,763
104,431,767
570,956,767
31,283,767
127,185,769
1,400,770
502,106,771
979,851,772
417,985,773
648,792,773
937,473,774
933,541,774
858,192,774
26,707,776
745,140,776
12,721,778
883,659,779
685,330,781
60,599,781
882,704,783
880,889,783
399,690,783
96,450,784
89,139,784
970,429,785
894,88,786
419,39,787
355,438,787
72,406,789
966,265,792
65,647,794
550,303,795
860,233,795
509,138,796
683,536,796
316,769,798
772,962,799
485,211,802
627,757,802
668,508,802
412,445,802
209,283,804
492,801,805
308,558,806
375,892,807
133,103,808
611,109,810
279,385,811
165,194,811
524,285,813
256,485,814
840,723,815
408,978,819
124,608,820
717,887,821
843,954,821
132,583,823
549,564,823
594,167,823
942,119,824
928,279,824
712,609,824
354,917,825
239,512,826
682,781,827
111,165,828
938,661,829
118,195,830
728,817,831
846,838,833
994,329,834
372,622,836
241,548,838
54,652,838
451,300,839
147,475,840
774,568,841
270,668,842
198,548,842
384,849,843
768,209,844
838,937,846
418,490,847
993,64,847
285,542,849
135,219,849
987,409,849
47,122,850
250,70,852
780,989,853
239,995,855
993,647,856
440,196,856
335,161,857
282,930,858
444,220,863
232,567,863
899,701,864
811,160,866
251,53,867
918,307,867
838,328,868
31,813,869
346,169,869
613,353,870
331,252,870
13,839,871
711,780,871
963,1,871
978,793,871
985,978,872
615,619,872
656,217,876
89,55,879
959,645,879
528,370,880
524,33,880
46,503,883
475,923,883
68,384,884
796,874,884
454,339,884
145,981,886
925,164,887
734,567,887
865,894,890
369,968,893
863,419,894
916,448,895
499,123,896
498,661,896
257,260,897
836,933,897
495,216,897
969,485,897
986,841,898
788,156,900
350,388,901
60,854,901
621,12,902
874,409,903
269,580,904
552,140,905
431,937,905
495,154,906
829,963,907
274,72,907
382,151,908
304,55,910
632,832,911
945,749,911
574,678,912
230,293,913
179,518,916
385,986,918
552,368,918
669,883,919
681,937,919
890,597,919
903,849,920
954,775,920
641,302,921
746,805,921
285,887,922
979,692,922
218,366,922
78,706,923
126,998,924
614,934,924
947,506,926
256,717,928
313,999,930
379,586,930
726,276,930
596,375,931
102,870,931
842,666,932
518,616,933
413,344,934
672,285,934
8,39,935
383,822,935
603,76,936
844,588,936
605,992,937
695,758,943
295,399,946
454,530,947
86,219,947
577,221,948
920,230,949
830,807,950
5,498,952
601,134,953
469,51,953
60,717,954
222,175,955
350,573,955
913,712,956
279,49,957
876,7,957
882,742,959
112,704,960
937,92,963
669,98,964
81,112,967
682,514,967
169,683,969
309,983,969
56,815,970
379,371,971
297,607,971
899,639,972
268,551,973
416,645,975
463,761,976
948,520,976
671,309,977
609,601,979
714,653,979
40,205,979
363,94,979
242,79,980
121,84,981
996,952,981
476,737,982
234,943,983
389,592,983
419,692,984
430,825,985
265,499,985
676,492,985
614,150,986
501,23,986
965,175,987
691,823,987
203,573,991
864,190,991
753,132,991
552,878,993
628,905,993
676,958,993
960,644,994
984,860,997
288,502,997
248,171,999
812,375,0
283,58,3
647,395,4
906,371,4
473,527,8
651,717,8
357,278,12
87,442,12
517,896,13
345,488,14
687,509,15
719,960,15
42,984,16
220,352,17
391,672,19
142,343,19
656,747,20
625,615,23
419,960,23
839,100,24
844,407,24
88,327,25
556,72,26
862,574,27
285,807,27
917,826,29
967,547,29
113,199,29
970,478,29
313,475,33
413,867,33
634,302,33
655,27,34
21,647,34
394,555,35
63,624,36
303,64,37
433,81,37
825,195,37
561,351,38
24,729,38
673,312,39
992,780,40
235,390,40
351,948,41
320,58,43
288,431,45
934,908,45
348,271,46
210,905,47
410,549,48
457,438,49
946,588,49
810,887,50
923,683,50
427,597,51
656,837,51
828,228,51
357,525,52
363,61,54
243,934,55
923,785,55
133,194,56
250,186,56
914,873,56
407,559,58
605,354,59
866,181,60
151,819,61
463,463,61
115,126,62
743,975,62
738,607,65
318,291,65
410,341,65
393,2,67
385,392,68
528,634,72
565,595,73
946,210,74
764,410,76
418,682,76
496,129,80
736,36,81
49,839,84
539,738,85
504,486,86
156,13,88
287,974,91
79,631,91
793,588,94
415,981,94
834,571,96
355,573,97
625,602,99
977,733,100
724,63,100
624,212,100
816,131,101
613,740,103
785,637,103
463,690,105
778,323,105
192,149,105
309,675,106
388,197,106
527,415,107
667,37,108
120,163,109
463,537,112
688,240,113
18,678,113
269,598,113
779,801,115
720,669,116
120,753,116
322,143,116
902,641,119
533,314,119
855,635,119
261,793,120
629,910,122
434,627,122
586,673,123
19,707,126
92,397,127
362,690,129
979,352,130
814,56,131
63,616,131
356,821,132
188,342,132
627,714,133
400,559,135
689,256,137
539,106,137
992,529,139
339,90,139
953,343,141
598,729,142
857,935,142
535,310,143
980,288,143
455,978,143
604,977,144
976,920,145
76,498,146
566,968,146
708,672,146
41,29,147
315,375,148
446,415,149
427,411,151
914,451,151
285,33,152
38,243,154
690,997,154
173,585,155
797,257,156
155,119,156
315,64,157
543,496,162
322,771,162
882,893,162
517,281,163
263,225,164
410,898,164
911,126,166
286,909,166
340,54,167
972,170,169
865,999,170
356,250,170
224,735,173
750,94,174
131,114,175
46,503,177
115,687,179
481,737,179
583,140,182
586,7,182
822,664,184
683,542,184
246,892,185
610,399,186
479,837,186
679,294,187
648,610,187
33,323,188
910,445,188
496,269,188
975,888,188
158,210,189
37,549,192
665,587,192
947,40,192
986,211,192
255,85,193
966,426,193
473,319,193
904,499,194
580,51,195
633,33,196
428,419,196
698,891,196
11,333,197
369,358,199
688,565,202
501,629,203
143,136,204
955,375,204
371,578,205
724,128,206
342,754,208
423,550,213
440,253,213
856,827,214
416,328,220
393,97,221
493,867,221
730,975,222
836,453,227
863,327,227
379,114,228
330,405,228
642,163,229
370,202,230
291,756,230
936,625,232
902,575,232
29,173,232
243,444,232
251,935,234
581,127,234
161,759,236
354,441,239
239,754,240
82,128,240
430,83,240
879,941,241
293,459,241
671,281,241
984,547,246
626,99,246
797,945,246
402,317,246
11,952,246
7,14,250
52,915,250
957,511,251
277,109,251
366,86,255
948,329,255
490,791,256
183,273,256
644,477,256
436,713,258
644,259,259
660,968,259
92,858,259
52,171,260
119,248,261
356,610,261
573,28,262
12,537,264
924,718,264
832,254,265
495,589,266
695,578,267
817,166,269
431,176,270
301,162,271
256,94,274
113,941,274
456,652,277
13,734,278
994,466,278
378,309,280
428,360,281
696,559,281
407,841,281
319,374,284
404,775,285
609,692,285
688,717,286
676,14,289
400,575,291
955,199,293
788,592,293
209,840,293
284,122,295
103,538,295
917,719,297
435,283,298
25,295,299
415,355,300
79,310,302
573,624,302
368,928,303
821,405,304
648,157,305
666,856,306
981,25,306
931,657,307
585,528,308
618,766,308
834,492,309
616,960,310
91,867,310
752,554,311
547,430,311
567,133,312
978,421,314
636,189,316
725,538,318
803,697,319
655,178,319
447,58,321
634,3,321
161,997,323
336,0,324
491,26,325
520,602,325
326,861,326
645,578,327
849,705,327
542,671,328
826,910,330
313,431,330
249,924,332
812,780,335
665,727,335
788,277,336
832,627,337
714,752,338
703,831,338
353,701,338
253,101,339
42,912,342
819,935,344
611,427,345
205,503,345
382,553,346
237,81,347
44,23,347
676,965,349
36,5,350
459,840,351
759,388,353
11,527,353
227,646,354
570,490,357
512,667,359
361,581,359
88,611,360
544,246,360
30,406,361
614,133,362
745,251,366
790,509,370
781,915,370
31,901,371
587,111,371
166,281,371
340,12,372
621,640,374
88,621,377
40,314,377
656,326,380
867,499,381
472,380,381
985,571,381
745,447,382
414,515,383
715,881,386
453,789,387
21,772,387
658,713,387
69,547,389
223,256,390
753,83,390
455,931,391
944,264,392
740,127,393
84,277,395
403,375,396
344,271,397
440,316,399
823,539,401
111,156,401
730,683,402
820,39,402
511,469,402
176,413,403
314,162,404
516,583,405
946,942,405
672,534,407
185,987,409
645,678,410
686,223,412
876,458,413
953,499,415
929,735,415
691,475,417
440,169,417
739,896,419
624,949,419
993,947,421
784,949,422
130,282,423
147,573,424
745,871,424
505,868,424
712,644,425
398,700,427
435,183,429
252,998,430
543,580,435
550,217,435
162,484,436
431,513,437
399,638,438
887,44,438
393,25,441
578,651,442
785,198,443
383,477,444
867,39,445
96,588,445
594,438,446
566,126,447
961,804,452
474,509,453
64,37,455
521,199,456
766,440,456
851,288,457
743,283,457
705,643,457
886,47,457
282,128,458
596,721,459
229,433,459
959,975,460
779,164,461
976,706,461
246,821,462
814,190,462
425,757,463
681,38,463
2,348,466
60,788,469
742,502,469
483,56,470
787,5,470
447,396,472
118,932,473
985,25,475
933,199,476
422,756,476
403,952,476
594,919,479
35,297,480
237,625,480
357,285,481
605,411,482
998,765,483
380,437,483
163,726,486
865,431,487
485,300,488
287,269,489
168,221,491
677,467,491
396,435,491
337,664,494
677,955,494
796,136,498
77,941,501
339,231,503
921,99,504
1,761,504
652,551,507
295,709,507
62,985,507
600,466,508
440,454,508
335,749,511
783,852,511
285,387,511
508,847,512
810,625,514
349,233,515
159,110,515
207,509,516
95,420,517
743,686,520
826,446,520
676,211,522
97,30,525
340,28,528
843,327,531
681,65,531
39,707,532
913,367,533
120,971,534
661,446,535
299,953,535
323,856,535
307,50,536
422,632,538
944,903,538
445,88,538
505,541,541
479,288,541
964,943,543
962,222,546
112,389,546
906,566,547
157,151,547
190,351,547
469,258,547
669,281,555
873,12,556
895,913,556
829,604,557
937,215,558
607,54,559
560,856,559
608,688,560
203,817,560
938,442,561
69,895,561
882,239,562
992,814,563
384,633,565
909,844,566
330,857,571
592,688,573
374,279,574
925,320,576
948,63,576
608,565,579
379,662,579
83,631,580
321,906,581
528,104,581
312,821,584
52,43,585
759,250,585
942,657,586
525,533,587
768,429,589
754,452,590
665,670,590
152,105,591
251,703,593
164,169,595
756,133,598
732,458,604
796,13,604
19,921,604
926,639,604
814,569,605
277,23,605
346,933,607
865,210,609
487,527,612
592,613,612
984,5,612
973,487,613
951,145,613
813,614,613
425,466,613
712,335,613
983,374,617
699,149,618
528,637,618
462,82,621
780,328,622
882,370,622
702,687,622
640,32,623
363,117,623
177,918,623
936,141,623
295,440,623
658,310,624
224,655,624
668,589,624
292,36,625
332,568,626
785,317,626
235,585,626
461,111,626
830,12,628
735,338,629
819,630,630
776,483,632
251,34,633
236,570,633
204,827,633
939,410,635
525,814,635
654,636,635
490,550,636
261,725,636
537,873,637
368,602,637
11,146,637
437,242,637
751,283,639
377,156,639
129,855,640
464,957,642
972,345,642
388,14,642
675,286,643
996,645,644
829,234,645
376,430,645
90,6,645
865,666,647
685,696,647
691,186,649
239,302,650
385,822,650
296,805,651
232,523,651
861,972,653
966,863,653
243,327,654
721,24,658
232,489,658
383,252,658
747,330,659
961,557,659
378,646,660
436,735,660
278,662,660
451,16,661
148,523,663
919,334,666
340,141,666
857,452,667
862,634,669
196,822,669
137,68,669
943,677,670
572,191,671
951,14,671
675,538,674
529,996,676
467,114,677
422,600,677
428,564,677
234,136,679
172,797,683
110,199,684
744,305,684
549,530,687
291,205,688
557,796,692
263,772,692
250,59,692
897,342,693
974,875,694
537,379,694
214,275,695
746,0,696
849,118,696
779,620,696
406,381,697
867,242,699
827,979,699
700,47,700
588,456,700
542,670,701
899,97,701
867,392,701
443,424,703
358,256,706
320,301,706
501,303,708
737,733,708
521,361,709
106,886,710
525,10,714
738,499,714
286,191,715
220,461,717
784,82,717
643,142,718
306,372,718
602,160,720
285,136,721
708,692,722
732,680,722
659,339,722
705,807,723
537,238,723
34,643,724
955,390,724
301,912,725
112,247,725
754,118,725
130,316,726
485,432,726
42,419,727
712,882,727
939,403,728
442,927,730
300,274,731
496,295,732
805,150,732
874,22,732
549,301,734
256,59,736
875,860,736
478,448,736
257,332,736
104,117,737
461,989,737
327,731,738
413,681,739
282,633,741
533,497,742
702,93,742
304,460,743
124,517,743
528,91,743
242,190,745
537,741,747
244,707,748
981,0,748
88,329,748
885,525,749
587,998,749
860,710,751
79,557,751
694,339,755
943,821,756
765,257,756
691,245,756
205,108,756
6,412,756
478,422,757
868,497,758
348,437,759
676,253,759
743,381,759
333,702,760
798,276,761
189,208,761
403,433,762
509,591,763
157,281,765
833,946,765
990,681,766
720,750,766
699,220,767
490,877,769
982,360,770
734,892,770
321,254,779
863,974,779
820,585,779
480,132,781
432,179,781
771,458,782
52,977,785
339,347,785
929,626,788
284,588,789
459,979,790
942,994,791
602,870,791
715,296,792
654,886,793
936,620,794
240,533,795
850,509,795
562,129,795
881,923,796
980,8,797
938,698,798
683,356,798
486,903,798
585,316,799
714,683,799
200,420,800
871,301,805
864,728,805
864,196,806
522,677,807
162,182,807
993,843,807
177,504,808
2,44,811
876,889,811
649,808,811
793,763,813
942,740,813
600,446,814
237,372,814
645,726,815
342,437,816
352,350,816
172,884,816
717,552,817
295,515,817
974,689,817
449,38,818
797,842,819
607,154,820
982,199,823
22,108,824
764,734,824
595,254,824
420,774,825
362,935,825
165,194,825
303,77,826
269,709,828
679,743,829
520,143,830
903,197,831
411,312,832
288,56,833
297,740,833
192,259,834
375,445,839
80,730,839
444,695,839
595,883,840
16,320,840
637,896,840
994,553,842
715,633,843
5,884,843
712,550,843
959,209,844
688,919,844
988,677,846
760,470,849
216,146,850
479,20,850
355,695,850
803,143,851
969,92,851
316,999,852
740,676,853
795,604,853
638,63,854
105,858,854
107,332,855
215,187,858
689,773,860
700,823,861
658,756,862
888,661,863
10,645,863
847,257,864
40,255,865
222,651,866
783,421,867
432,924,868
738,356,869
858,33,869
382,885,870
315,163,871
93,322,873
271,370,873
143,132,874
405,640,875
187,424,876
210,536,877
694,643,878
498,382,878
271,985,880
249,97,881
165,250,881
551,23,882
233,534,883
474,762,883
624,873,884
737,604,885
457,931,885
100,216,886
150,926,887
106,746,887
41,598,887
479,282,887
864,171,888
303,215,888
996,869,889
56,64,889
400,440,891
617,268,892
810,439,897
807,452,899
480,502,900
772,115,901
809,674,901
171,10,904
277,450,904
625,147,904
814,697,904
951,460,905
848,680,905
854,563,905
76,599,906
870,462,906
617,124,908
979,639,908
9,96,911
517,926,912
370,828,912
681,138,913
434,774,913
382,199,915
870,511,916
746,550,916
142,146,917
61,911,917
642,668,917
767,907,917
28,599,919
278,903,920
130,662,921
823,129,923
35,722,924
214,85,924
530,63,925
52,679,925
846,779,926
694,5,926
773,171,927
663,184,927
139,431,929
841,752,930
537,876,931
382,128,932
83,419,932
453,664,933
49,346,933
959,171,933
501,455,934
14,537,935
213,120,935
564,889,936
583,633,936
667,446,936
906,91,937
870,114,937
810,903,938
61,129,938
748,938,939
79,784,940
753,24,940
863,585,941
304,657,941
640,410,943
685,578,944
739,786,944
508,3,946
167,497,947
330,705,947
132,506,948
561,960,949
265,912,949
282,486,950
879,58,951
448,67,952
857,19,957
492,41,958
980,891,959
167,252,960
184,831,961
363,988,961
812,766,962
972,566,962
528,529,967
735,228,967
412,335,968
584,880,969
108,115,969
135,755,971
155,863,972
644,467,973
521,759,974
424,53,974
109,753,974
542,210,976
961,513,976
598,693,977
270,107,979
677,192,979
413,734,979
802,26,979
365,561,983
928,498,984
165,322,985
276,214,985
122,997,985
24,133,985
387,601,986
82,131,989
143,169,990
794,665,990
618,189,991
651,40,991
507,721,991
970,401,993
837,620,993
444,628,993
432,285,995
587,772,995
318,369,997
732,442,997
385,122,997
45,615,998
655,143,3
