0,102,335
0,116,821
0,294,958
0,337,864
1,160,246
1,722,56
1,75,395
1,329,306
1,206,826
1,148,292
1,128,372
2,982,892
2,726,947
2,429,864
3,974,190
3,74,682
3,790,347
4,138,725
4,949,854
4,76,760
5,956,199
5,20,560
5,109,729
5,871,862
5,18,898
5,103,869
6,651,465
6,693,794
8,504,585
8,306,415
8,33,375
9,843,195
9,199,893
9,741,388
9,161,443
10,496,917
10,127,180
10,944,481
10,905,108
10,811,24
10,741,192
10,581,955
10,236,104
11,633,986
11,626,278
11,113,222
12,970,910
12,911,897
12,467,725
12,197,164
13,876,563
13,16,624
13,975,164
13,917,538
14,781,364
14,63,789
14,609,895
15,213,754
16,929,727
16,218,111
16,143,851
16,111,966
17,167,935
17,299,275
17,535,200
17,166,187
17,843,439
17,941,215
18,734,607
18,616,243
18,480,735
18,411,540
18,447,854
18,756,304
18,185,412
19,956,672
19,133,950
19,252,256
19,660,924
19,928,176
20,451,681
20,549,653
20,52,890
20,184,414
20,903,161
20,691,302
20,462,544
21,792,119
21,156,737
21,241,400
21,311,156
22,990,275
22,596,428
22,370,205
23,493,39
23,49,44
23,333,551
23,592,452
23,952,908
23,116,216
23,361,625
24,639,653
24,392,568
25,26,227
25,215,259
25,719,922
26,394,705
26,896,357
26,502,841
27,929,68
27,72,265
27,561,851
27,244,393
27,584,785
28,779,371
28,515,675
28,871,8
28,527,929
29,794,811
29,855,807
29,410,426
29,607,929
29,643,788
30,356,121
30,968,6
30,173,655
30,590,949
30,26,87
31,439,404
31,845,618
32,219,682
32,974,330
32,547,506
32,521,127
33,406,286
33,412,851
34,972,639
34,314,679
34,152,364
34,167,24
34,213,831
34,655,688
34,121,862
34,125,350
34,418,126
35,825,513
35,512,998
35,592,32
35,635,11
36,198,431
36,404,138
36,623,175
37,988,833
37,698,72
37,353,838
37,558,723
37,191,338
37,950,782
38,330,198
38,866,25
39,775,137
39,73,402
39,586,984
39,316,549
39,421,969
40,610,423
40,839,218
40,635,485
40,345,617
40,537,456
40,552,816
40,76,0
41,104,545
41,437,433
41,308,490
41,806,779
42,570,363
43,557,179
43,45,130
43,152,955
44,873,925
44,445,628
44,999,230
44,689,910
45,675,826
45,427,899
45,574,487
45,29,555
46,75,696
46,281,143
46,408,319
46,200,244
47,703,793
47,95,522
47,588,326
47,950,45
48,57,849
48,963,6
48,952,127
49,465,738
49,374,455
50,92,408
51,66,816
51,201,881
51,546,611
51,863,510
51,854,662
51,134,235
51,345,317
52,304,932
52,907,857
52,80,602
52,104,215
52,782,930
53,488,94
53,353,683
53,846,223
53,164,435
53,989,996
53,722,651
53,176,470
54,80,796
54,18,976
54,272,3
54,60,327
54,561,948
55,718,54
55,896,140
55,542,750
56,13,451
56,81,922
57,778,417
57,569,322
57,596,504
57,744,229
58,236,222
58,475,796
58,574,773
58,273,355
58,386,844
58,707,667
58,365,716
59,96,92
59,146,240
59,126,822
59,191,959
60,38,752
60,617,365
60,319,685
61,608,653
61,160,929
61,931,705
61,656,839
62,578,54
62,47,996
64,173,463
64,865,560
64,61,194
65,143,914
65,635,20
65,659,115
65,554,285
65,897,195
65,133,878
65,291,100
65,182,735
66,516,472
66,247,493
66,242,667
66,184,100
66,331,478
66,93,441
66,249,247
67,529,109
67,15,872
67,200,344
67,861,962
67,760,221
67,533,559
68,449,935
68,570,255
68,891,222
68,429,605
68,471,987
68,62,657
68,677,339
68,421,497
68,618,987
69,56,140
69,76,968
69,133,129
70,934,617
70,593,772
70,281,9
70,847,167
70,176,26
70,346,19
70,659,841
71,546,746
71,480,199
72,999,159
72,580,85
72,158,751
73,846,406
73,810,758
74,819,842
74,767,913
74,370,37
75,995,210
75,905,116
75,748,342
75,56,712
75,800,232
75,719,780
75,959,381
76,521,824
76,540,268
76,106,791
76,102,420
77,760,949
77,602,246
78,409,672
78,622,908
78,872,377
78,167,544
79,206,282
79,516,917
79,495,874
79,236,230
80,208,546
80,721,328
80,762,934
80,673,571
80,593,554
81,479,279
81,984,490
81,108,808
81,896,802
81,922,576
82,456,412
82,721,782
82,121,542
82,311,558
82,824,956
83,777,891
83,677,691
83,674,995
83,183,265
83,890,353
84,709,449
84,146,775
85,700,80
85,26,516
85,530,526
85,444,563
85,521,508
86,320,38
87,778,548
87,336,822
87,906,0
87,84,197
87,676,766
87,409,461
87,417,854
87,468,140
87,679,163
88,869,623
88,594,665
89,729,797
89,995,951
89,198,794
90,382,268
90,621,752
91,783,629
91,259,814
91,212,223
91,411,514
91,327,163
91,794,649
91,729,958
91,973,668
91,378,3
91,800,964
92,20,122
92,167,189
92,59,761
93,882,183
93,901,666
94,855,278
94,287,478
94,964,157
94,633,107
95,666,616
96,349,406
96,803,312
96,997,112
96,809,933
97,569,564
98,293,457
98,555,172
98,393,302
99,883,642
99,290,72
99,346,409
99,29,586
100,101,914
100,70,860
100,608,463
100,119,33
101,507,530
101,425,608
101,398,52
101,645,146
101,787,163
101,675,673
102,766,806
102,349,270
102,180,847
102,161,602
102,183,680
102,682,84
102,66,217
103,520,142
103,885,694
103,716,792
103,310,921
103,55,34
103,930,90
104,827,815
104,995,173
105,432,988
105,416,649
105,627,713
106,679,562
106,712,641
106,831,940
106,224,833
107,477,307
107,331,895
107,622,499
107,840,877
108,244,93
108,215,870
108,212,439
109,164,287
109,739,429
109,614,568
110,137,754
110,533,835
110,834,83
111,914,797
111,259,964
112,239,11
112,250,288
112,84,32
113,926,796
114,350,655
114,421,450
114,524,102
114,752,383
114,209,298
114,214,700
115,644,478
115,721,801
115,687,857
115,320,736
116,851,522
116,767,107
116,396,219
116,825,89
117,174,510
117,731,188
117,469,68
117,719,517
117,319,36
117,183,560
118,930,542
118,827,229
118,685,950
118,621,686
119,996,496
119,265,135
119,393,594
119,596,548
119,527,946
119,663,220
120,515,907
121,636,566
121,613,176
121,146,218
122,212,140
122,464,763
122,688,915
122,843,944
123,945,655
123,653,158
123,726,918
123,524,200
124,522,611
124,720,742
124,713,552
124,962,323
124,780,903
124,527,388
124,289,585
124,630,748
124,78,341
124,751,216
125,274,257
125,585,297
125,792,995
126,618,40
126,185,703
126,201,590
126,717,860
126,393,219
127,217,582
127,731,375
127,406,103
128,356,336
128,618,835
129,900,146
129,906,300
130,672,872
130,979,304
130,877,919
130,364,146
131,689,300
131,935,286
131,866,492
131,598,552
131,615,346
132,48,705
132,245,232
132,498,153
132,438,493
132,910,300
132,485,836
133,535,754
133,85,434
133,359,893
133,760,28
134,788,430
135,602,49
135,205,279
135,133,374
135,556,56
135,460,552
136,253,789
136,89,497
136,538,398
136,536,181
137,327,722
137,868,244
137,548,45
137,121,292
138,186,763
138,513,201
138,949,931
139,204,103
139,125,87
139,385,284
139,267,109
139,1,529
140,825,836
140,550,446
141,569,18
141,467,793
141,342,513
142,62,517
142,180,121
142,265,273
143,388,15
143,423,868
143,943,299
143,460,605
143,648,274
143,400,440
143,556,553
144,889,280
145,571,569
145,343,766
145,546,764
145,898,614
146,964,983
146,543,104
147,656,302
147,225,41
147,644,739
148,848,939
148,424,341
148,721,214
149,667,581
149,675,820
149,562,229
149,558,372
150,28,454
150,825,295
151,717,775
151,670,290
151,50,896
151,342,579
151,513,602
151,970,259
151,775,889
152,818,610
152,999,884
152,854,746
152,100,326
153,22,690
153,666,20
153,36,102
153,491,302
153,65,608
153,619,453
154,56,714
154,282,570
154,596,311
155,28,73
155,654,516
155,928,274
155,643,59
155,235,961
156,785,876
156,443,790
156,330,454
156,234,134
156,50,851
156,388,411
156,450,948
157,591,347
157,420,7
157,624,20
157,544,422
159,19,794
159,231,331
159,54,376
160,469,802
160,924,689
160,511,890
161,595,123
161,12,752
162,322,486
162,814,14
162,384,94
162,881,749
162,973,304
163,897,896
163,205,423
164,815,97
164,130,517
164,949,810
164,525,604
165,165,535
165,21,21
166,81,259
166,898,201
166,641,681
166,788,898
168,58,491
168,339,122
168,708,517
168,793,323
168,775,822
169,429,567
169,674,970
169,170,983
170,55,505
170,550,38
170,73,457
170,32,455
170,607,938
170,623,262
170,575,152
171,106,554
171,218,147
171,777,594
171,339,227
171,632,559
171,569,394
172,662,472
172,693,359
173,619,884
173,688,921
173,721,982
173,567,626
174,257,187
174,209,628
174,13,983
175,445,12
175,726,677
175,733,681
175,384,670
175,229,569
175,728,545
176,108,852
176,917,341
176,982,506
177,52,15
177,97,48
177,934,559
177,333,552
177,283,948
177,78,869
178,211,579
178,248,959
179,364,546
179,573,992
179,375,740
179,769,473
179,507,252
179,964,632
179,231,833
179,637,55
179,186,899
180,69,243
180,575,815
180,933,262
180,760,675
180,458,246
180,603,966
181,674,42
181,589,404
181,739,571
181,691,118
181,601,217
181,351,88
181,359,831
182,382,950
184,599,36
185,620,199
185,986,115
185,927,757
185,485,727
185,178,654
186,802,219
186,351,177
186,412,227
186,109,609
186,450,523
187,535,796
187,763,175
188,593,600
188,258,474
188,902,854
188,940,762
189,870,394
189,923,464
189,193,267
189,636,378
189,4,921
190,899,302
190,58,913
190,52,265
190,36,485
190,730,60
190,736,757
191,375,451
191,556,714
191,457,10
191,416,420
191,473,417
191,931,797
192,226,917
192,609,669
193,442,842
194,340,514
194,500,952
195,954,360
195,298,518
195,652,803
195,484,388
196,676,123
196,900,760
196,547,868
196,277,334
196,509,668
196,442,5
196,217,508
196,515,993
196,184,269
196,317,197
197,372,459
197,568,9
197,267,800
197,227,190
198,427,331
198,658,415
199,801,397
199,166,160
199,996,149
199,99,524
199,621,777
199,265,280
200,655,106
200,954,241
200,963,225
201,266,485
201,280,946
201,237,843
201,551,937
201,455,605
202,366,521
202,378,795
202,349,66
203,916,455
204,253,369
204,847,32
204,132,503
204,205,322
204,539,817
205,5,53
205,847,940
205,488,487
205,756,369
206,426,68
206,904,223
206,585,894
206,35,852
207,35,35
207,753,220
207,618,517
207,172,203
208,132,987
208,767,216
208,675,492
208,750,711
208,451,31
209,98,587
209,957,614
209,527,585
209,471,43
209,176,594
209,6,668
210,804,582
210,343,755
210,128,684
210,157,862
210,804,344
210,736,787
211,230,575
211,69,72
211,410,484
211,508,622
212,317,748
212,650,749
213,115,290
213,91,859
213,616,893
213,751,115
214,902,149
214,24,442
214,208,579
214,850,449
215,168,193
215,751,931
215,782,89
215,862,148
215,103,923
216,392,890
216,424,104
216,970,160
217,249,754
217,98,596
217,538,337
218,160,86
218,798,699
218,379,975
218,210,541
218,953,997
219,445,4
219,667,278
219,222,275
220,939,778
220,695,480
220,361,8
220,456,836
220,481,905
220,125,300
221,334,269
221,691,954
221,898,474
222,761,205
222,845,54
222,841,951
223,684,121
223,736,864
223,434,527
223,6,91
223,644,606
224,700,289
225,304,621
225,50,664
225,750,427
226,786,180
226,513,431
226,688,84
226,144,428
226,297,234
226,869,469
227,80,892
227,654,19
227,850,220
227,92,266
228,946,868
228,585,195
228,11,93
228,157,981
228,147,689
228,795,724
228,951,563
229,456,332
229,829,914
229,473,399
229,924,9
230,71,576
230,157,975
230,365,362
231,183,997
231,712,171
231,170,340
231,425,64
232,373,782
232,463,852
232,989,390
232,116,994
233,124,517
233,237,193
233,162,412
233,360,54
233,342,755
233,620,816
234,853,552
234,232,461
234,994,683
234,1,12
234,948,48
235,380,930
235,496,988
235,590,51
235,951,25
235,160,752
235,804,693
236,313,107
236,795,135
236,747,232
236,516,170
236,428,670
237,734,371
237,878,238
237,503,899
238,198,814
238,752,902
238,890,651
238,525,693
239,329,95
239,903,857
240,236,299
240,51,707
240,338,695
241,761,335
241,488,419
242,986,839
242,776,947
242,502,920
243,4,242
243,817,613
243,53,666
244,975,276
244,157,727
244,78,31
244,972,663
244,611,163
244,638,511
245,62,747
245,108,370
245,548,81
246,761,44
246,77,109
246,365,550
246,171,402
246,917,27
247,55,288
247,968,944
247,174,779
247,432,339
248,395,568
248,293,932
248,525,221
248,456,161
249,416,107
249,425,481
249,805,913
250,551,92
250,208,742
250,69,613
250,734,103
250,374,875
250,871,395
250,167,479
251,145,535
251,480,496
251,97,766
251,539,425
251,0,89
251,493,910
252,638,924
252,471,284
252,143,867
252,768,502
252,789,353
252,970,398
252,145,86
252,887,956
252,193,418
252,504,541
253,559,483
253,699,138
254,205,126
254,869,647
254,393,994
254,210,317
254,974,125
254,56,357
255,516,984
255,286,552
255,985,205
255,780,610
256,449,405
256,110,264
256,530,898
257,384,961
257,730,690
257,480,104
257,518,238
257,233,583
257,401,896
258,379,702
258,806,829
258,885,836
259,764,76
259,269,617
259,957,814
259,423,419
259,45,5
259,189,560
260,356,414
260,254,13
260,580,90
260,870,389
261,73,967
261,158,179
261,395,298
261,67,700
261,624,236
262,277,547
262,738,949
262,707,716
262,285,631
262,842,429
263,487,135
263,751,460
263,323,764
264,76,537
264,801,203
264,676,859
264,988,106
264,671,674
264,711,860
264,930,749
265,520,292
265,459,425
265,963,386
265,771,286
265,759,219
265,218,176
266,341,913
266,205,530
267,44,206
267,618,944
267,765,716
268,197,261
268,455,895
268,341,81
268,775,831
269,636,110
269,526,534
269,755,91
269,724,131
269,471,794
270,260,379
270,663,765
271,31,479
271,435,344
271,792,960
271,734,477
272,532,602
272,550,173
272,67,73
272,671,580
272,703,632
272,782,531
272,688,587
272,520,585
273,669,783
273,482,465
273,482,770
273,78,566
274,745,112
274,253,229
275,500,163
275,20,71
275,941,978
275,984,862
276,362,543
276,509,359
276,827,104
276,785,730
277,922,844
277,100,936
277,394,172
277,613,999
277,442,349
278,113,746
279,691,829
279,440,620
279,333,510
280,529,606
280,385,87
280,5,731
281,759,834
281,112,274
281,183,814
281,270,591
282,908,822
282,188,848
282,301,292
282,304,379
282,809,265
283,180,461
283,170,620
283,945,92
284,477,950
284,319,402
284,254,221
284,483,440
284,320,934
284,283,260
284,179,36
285,420,440
285,755,721
285,424,600
285,792,504
285,876,667
285,228,435
286,627,952
286,357,366
286,91,862
286,417,51
287,924,924
287,781,947
288,441,287
288,24,151
288,604,721
288,773,596
289,724,307
289,906,44
289,503,795
289,264,658
289,676,344
289,144,266
289,132,536
290,590,514
290,717,821
290,627,495
290,731,863
290,818,69
290,605,636
291,738,61
291,294,849
292,622,633
292,594,390
292,905,717
292,914,959
292,36,959
292,903,886
292,448,433
292,596,765
293,263,785
293,138,282
293,733,610
293,272,157
294,725,671
294,689,450
295,73,757
295,433,163
295,887,688
295,562,803
296,557,825
296,303,435
296,922,845
296,818,811
296,998,756
296,498,558
296,533,425
297,555,74
297,242,375
297,9,497
297,169,446
298,124,655
298,674,432
298,358,996
298,994,571
298,121,260
298,22,144
298,53,631
299,929,231
300,152,834
300,71,426
300,47,795
300,973,628
300,76,975
300,467,696
300,895,24
300,760,566
301,166,182
301,44,215
301,999,302
302,811,609
302,922,174
302,715,502
302,123,503
303,262,578
303,650,499
303,862,895
303,917,894
303,403,782
304,431,576
304,770,691
304,329,495
304,205,463
305,739,373
306,172,659
306,746,133
306,674,106
306,376,216
306,369,282
307,447,507
307,317,880
308,691,507
308,324,979
309,801,96
309,61,153
309,993,886
309,7,773
309,466,978
309,313,41
310,886,847
310,642,271
310,840,92
310,232,508
310,108,257
310,751,936
310,614,408
311,746,195
311,253,445
311,471,571
311,424,419
311,48,642
312,564,51
312,714,843
313,335,493
313,217,36
314,632,700
314,249,232
315,866,806
315,174,294
315,350,860
315,295,112
315,319,866
315,474,146
316,64,482
316,544,297
317,959,601
317,427,413
317,187,677
317,232,116
319,309,753
319,297,115
319,668,667
320,12,311
320,275,268
320,836,214
321,14,380
321,800,77
322,841,907
322,363,81
322,263,671
322,551,643
322,479,1
323,23,200
323,381,114
323,164,386
323,197,879
323,799,44
323,218,559
324,353,646
324,735,372
325,47,429
325,564,643
325,872,64
326,326,657
326,675,862
326,815,171
326,606,550
326,687,113
326,893,918
327,674,940
327,464,353
327,470,436
327,819,361
327,390,105
328,22,81
328,200,936
328,455,268
328,134,423
329,245,283
329,409,872
329,202,993
329,503,531
330,555,714
330,54,26
330,894,923
330,835,606
330,555,150
331,364,283
331,77,370
331,340,880
331,927,274
331,706,693
331,594,4
332,328,224
332,698,370
332,350,932
333,288,815
333,189,850
333,641,205
334,535,84
334,121,726
334,372,711
335,554,541
335,942,967
335,671,594
335,8,79
336,735,702
336,302,960
337,440,552
337,434,51
337,34,557
338,967,249
338,121,161
338,954,22
339,721,464
339,19,264
339,318,584
339,610,993
339,331,384
340,235,99
340,738,196
341,539,361
341,993,361
341,349,117
341,791,760
342,27,35
342,259,902
342,324,807
342,688,465
342,165,677
343,387,542
343,382,733
343,94,735
344,379,195
345,59,787
345,273,832
345,525,381
345,538,685
345,80,535
345,820,145
345,701,702
346,896,269
346,974,373
346,944,827
346,800,820
346,143,430
347,113,220
347,362,739
347,397,973
347,913,530
347,298,118
348,692,610
348,335,62
348,791,301
348,520,324
348,430,307
348,552,855
349,627,148
349,749,119
349,282,617
350,630,616
350,872,319
350,148,177
351,624,646
351,965,460
351,57,700
352,995,309
352,846,929
353,723,835
353,649,453
354,951,101
354,539,677
354,753,808
354,986,383
354,990,409
355,173,761
356,536,527
356,686,580
356,306,763
356,131,481
356,562,417
356,618,522
356,442,569
357,478,983
357,402,676
357,238,269
357,631,878
357,17,549
357,777,604
357,682,515
357,870,899
357,67,748
358,335,927
358,925,668
359,509,640
359,431,758
359,791,157
359,931,890
359,460,734
359,100,124
359,811,939
360,537,103
360,749,619
360,601,588
360,208,882
360,769,637
360,198,63
361,477,729
361,101,953
361,264,55
362,595,891
362,842,641
362,429,738
362,294,810
363,891,103
363,860,406
363,99,59
363,63,327
363,195,408
363,689,240
364,353,654
364,355,306
364,110,150
364,566,685
364,427,737
365,351,187
365,551,396
366,504,340
366,767,977
366,317,815
366,694,626
366,117,621
366,620,18
366,53,204
367,563,450
367,697,861
367,394,17
367,375,602
367,1,429
367,316,71
367,566,156
367,521,815
368,386,75
368,319,271
368,411,37
368,635,333
368,617,312
368,61,530
368,248,289
370,420,792
370,370,701
370,827,670
370,815,480
370,303,272
370,840,315
370,443,827
371,613,360
371,734,311
371,789,488
371,793,940
371,596,238
372,624,890
372,236,695
372,205,618
372,625,816
372,178,228
373,793,43
374,448,411
374,7,102
374,515,344
374,888,199
374,542,824
374,510,722
374,551,150
374,51,815
375,74,632
376,445,522
376,651,882
376,786,645
376,811,431
376,325,274
376,704,718
377,813,800
377,581,847
378,979,97
378,206,730
378,537,335
378,722,555
378,246,183
378,271,572
379,324,266
379,742,580
380,612,697
380,395,67
381,657,295
381,675,713
381,94,65
381,990,967
382,211,994
382,684,283
382,889,412
383,298,386
383,212,313
383,912,664
383,150,950
384,47,762
384,370,850
384,366,989
384,197,226
384,564,823
385,392,756
385,102,818
385,50,598
385,466,797
386,960,30
386,637,55
386,846,972
386,218,835
387,812,893
387,66,321
387,685,400
388,379,658
388,709,644
388,856,334
388,9,655
389,35,509
389,898,134
389,569,722
389,935,145
389,649,681
389,787,773
390,591,538
390,605,787
390,854,501
390,945,971
391,725,682
391,16,559
391,974,938
392,414,424
392,475,352
393,994,657
393,71,176
394,268,417
394,726,927
395,485,804
395,295,246
395,271,270
395,367,83
395,927,878
396,72,675
396,350,511
396,550,27
396,234,230
397,934,129
397,325,307
397,302,334
397,432,857
397,944,999
398,995,218
398,506,952
398,239,486
398,830,186
398,886,800
399,505,341
399,509,51
399,801,595
400,728,189
400,934,638
401,898,538
401,163,388
401,234,930
401,741,254
402,831,425
402,686,288
402,884,154
402,645,87
402,519,258
402,884,621
403,478,272
403,489,381
403,972,970
403,665,334
404,910,697
404,34,872
404,432,729
404,709,841
405,125,330
405,173,997
405,205,254
405,300,564
405,985,295
406,988,437
406,430,23
406,911,635
406,443,128
406,270,172
406,942,166
406,953,577
406,120,577
407,973,763
407,432,532
407,31,715
407,638,747
408,892,467
408,714,768
408,403,355
408,705,942
409,988,92
409,755,611
409,446,349
409,992,256
410,921,862
410,890,907
410,913,726
411,71,934
411,992,476
411,550,876
411,961,29
411,800,51
411,287,807
412,873,610
412,501,314
412,149,300
414,26,702
414,928,990
414,725,448
414,655,774
414,310,868
415,983,591
415,338,394
415,980,944
415,362,780
415,131,985
416,135,407
417,502,872
417,908,340
417,12,480
417,734,640
418,531,582
418,486,19
418,923,717
418,545,947
419,508,3
419,95,269
420,985,742
420,321,376
420,781,731
421,951,613
421,161,182
421,262,203
421,273,851
421,650,416
421,307,91
422,718,251
422,711,231
422,775,546
422,891,544
423,730,940
423,693,258
424,442,785
424,460,763
424,2,992
425,178,867
425,258,13
426,115,188
426,6,509
426,67,728
426,825,920
427,230,71
427,632,316
428,87,708
428,964,415
428,464,818
428,152,471
428,666,187
428,257,601
428,662,249
428,840,837
429,37,324
429,779,501
430,820,679
430,258,150
430,730,412
430,307,518
431,921,967
431,548,903
431,548,554
431,295,434
432,529,929
432,403,994
432,259,537
433,87,861
433,471,379
433,86,760
433,453,105
433,653,426
434,391,507
434,199,815
434,726,543
435,785,555
435,296,674
435,992,35
436,173,178
436,270,997
436,717,304
436,91,855
437,867,785
437,665,592
437,698,906
437,321,546
437,879,574
438,282,558
438,421,249
438,103,562
438,97,523
438,407,568
439,185,13
439,13,211
439,788,872
439,308,176
440,697,239
440,874,628
441,322,253
441,13,123
441,452,642
441,297,776
441,305,959
442,652,855
442,111,982
442,980,437
442,909,698
442,520,39
442,362,127
443,961,257
443,892,11
443,740,643
443,258,178
443,415,292
443,569,114
444,267,618
444,571,913
444,38,681
445,360,713
445,788,593
445,652,130
445,91,215
445,996,116
445,273,322
446,759,487
446,114,690
446,449,796
446,834,927
446,6,932
446,518,911
446,175,834
447,991,617
447,635,848
447,222,781
447,339,938
447,647,907
447,267,951
448,649,302
448,388,392
448,96,672
449,807,904
449,947,795
449,506,587
449,678,312
449,559,336
449,319,743
449,330,968
449,698,561
449,867,311
450,950,90
450,671,981
450,35,544
451,675,63
451,753,135
451,374,73
451,697,547
451,249,723
451,127,51
451,161,885
451,378,252
451,190,624
452,65,686
452,733,167
452,724,627
452,909,200
452,210,995
452,24,808
453,217,140
453,353,825
454,943,517
455,752,801
455,62,445
455,1,39
455,176,911
455,628,22
455,977,321
455,814,727
456,205,282
456,316,247
456,577,885
456,450,579
457,402,302
458,23,242
458,409,175
458,198,622
459,431,49
459,464,428
459,765,26
459,83,719
459,725,947
459,425,423
459,791,236
459,655,605
459,106,155
459,253,445
460,363,225
460,654,594
460,262,854
460,974,494
461,42,834
461,268,255
461,588,841
462,370,479
462,382,599
462,475,505
462,35,923
463,608,306
463,698,339
463,321,89
464,232,657
464,180,78
464,973,38
465,830,398
465,799,354
465,316,249
466,731,95
467,429,198
467,502,47
467,51,935
467,242,11
467,898,586
467,225,160
467,821,861
468,861,503
468,135,810
469,578,472
469,332,602
469,415,727
470,434,387
470,948,275
470,81,544
470,57,214
471,486,532
471,773,577
471,43,506
471,585,700
471,772,797
471,332,787
472,957,281
472,516,977
472,543,497
472,160,374
473,412,756
473,8,569
474,29,869
475,406,748
475,64,285
475,525,463
475,863,580
475,685,114
475,889,254
475,226,728
475,970,717
476,75,891
476,895,593
476,478,597
477,486,602
477,826,300
477,425,419
477,797,38
478,68,958
478,72,877
479,783,331
479,507,525
479,174,122
479,325,846
479,162,343
479,392,307
479,123,606
479,849,357
480,204,70
480,480,62
480,883,143
480,249,518
480,800,910
481,638,372
481,163,388
481,376,767
481,730,33
481,791,365
481,537,835
481,817,158
482,812,127
482,289,6
482,936,683
482,490,957
483,550,764
483,248,817
483,238,834
483,577,578
483,69,622
483,97,255
483,114,913
483,849,379
483,302,420
483,474,371
483,357,637
484,668,555
484,132,485
485,572,843
485,587,435
485,932,0
486,14,475
486,149,806
486,188,217
486,668,576
487,881,120
487,576,442
487,552,215
487,226,810
488,767,658
488,951,602
488,962,165
488,225,454
488,765,860
488,351,139
488,28,871
488,867,36
489,501,388
489,825,607
489,970,188
489,101,124
489,116,60
489,637,509
490,301,861
490,156,343
490,363,565
491,113,511
491,913,697
491,751,557
491,661,449
491,4,949
492,23,316
492,479,738
493,591,812
493,72,240
493,229,677
494,52,258
494,748,480
494,802,914
494,854,873
494,103,606
495,97,819
495,227,876
495,758,182
496,940,186
496,575,426
496,55,545
496,516,803
496,502,819
496,12,825
497,272,180
497,565,471
497,372,254
497,657,789
497,685,601
498,584,999
498,770,742
498,945,242
498,237,994
499,670,719
499,223,282
499,870,208
499,180,195
499,814,87
499,549,739
499,461,249
499,49,931
499,662,275
501,432,454
502,402,56
502,960,996
502,488,225
502,767,861
503,886,42
503,176,248
503,964,890
503,100,876
503,517,586
503,605,697
503,877,634
503,317,874
503,367,393
504,590,812
504,29,49
504,874,769
504,201,380
504,929,732
504,693,6
504,574,243
504,792,28
505,458,796
505,984,689
506,133,237
506,987,408
507,164,766
507,908,902
507,302,174
507,983,332
508,530,422
508,716,937
508,518,0
509,119,773
509,512,702
509,288,91
509,513,841
510,735,903
510,733,131
510,135,558
510,813,379
510,50,283
510,84,68
511,53,275
511,7,29
511,705,847
511,287,232
511,476,782
512,499,615
512,263,703
512,253,110
513,158,773
513,450,645
513,489,719
513,101,598
513,624,850
514,667,550
514,855,111
514,951,507
514,401,624
515,316,383
515,265,132
515,929,757
515,923,677
516,647,935
516,772,421
516,312,77
516,717,829
516,951,341
517,986,123
517,849,139
518,247,402
518,616,261
518,478,975
518,981,745
519,459,267
519,645,553
520,708,305
521,628,600
521,343,108
521,143,948
521,96,649
521,891,727
521,566,447
521,62,899
522,609,164
522,127,444
522,210,526
523,342,845
523,742,46
523,767,708
524,979,492
524,573,568
524,195,813
524,292,824
524,861,16
524,250,983
524,227,533
524,486,514
525,921,473
525,24,472
526,836,588
526,922,579
526,243,985
526,638,973
527,209,866
527,993,32
527,839,366
527,177,332
527,377,718
528,307,447
528,761,234
529,205,912
529,722,216
529,37,51
529,995,550
529,841,23
529,359,821
530,833,799
530,131,906
530,789,710
531,442,323
531,864,422
531,795,324
531,432,904
531,597,872
531,84,233
531,39,650
532,427,846
532,496,697
532,921,999
532,494,122
532,987,926
533,740,16
533,618,209
533,865,378
534,700,906
534,134,735
534,376,145
534,920,950
535,179,532
535,79,696
535,111,877
535,676,975
536,553,634
536,182,421
536,603,150
536,374,31
536,249,726
536,887,750
537,21,219
538,960,941
538,847,186
538,661,191
538,582,457
539,342,100
539,710,458
539,856,129
540,430,863
540,179,445
540,569,932
540,101,962
540,820,239
540,931,77
541,439,732
542,836,761
542,403,42
542,511,220
542,867,759
543,132,8
544,832,395
544,30,472
544,773,676
544,303,169
544,478,854
545,815,867
545,648,919
545,775,240
545,540,637
545,375,295
545,553,304
545,942,925
546,104,416
546,895,995
546,494,139
546,580,365
546,470,359
546,573,473
547,740,17
547,878,582
547,683,754
547,23,791
548,382,152
548,105,200
548,431,648
549,977,840
549,945,900
550,549,872
550,61,426
550,435,436
550,567,320
551,356,240
551,107,21
551,428,277
551,467,687
551,260,404
551,74,632
551,796,39
551,86,887
551,363,198
551,94,96
552,232,20
552,252,565
553,256,764
553,872,371
553,616,139
553,524,110
554,270,643
554,273,396
554,941,497
554,608,419
554,187,235
557,609,177
557,551,803
557,684,929
557,623,705
557,238,440
557,245,383
558,415,115
558,22,833
559,800,741
559,948,208
559,382,843
560,189,775
560,795,327
560,495,398
561,153,595
561,576,89
562,922,748
562,302,405
562,226,370
562,378,131
562,626,108
562,780,803
562,623,770
563,83,561
563,855,86
563,251,632
563,656,860
563,752,256
563,676,413
563,282,881
564,846,114
564,322,552
564,470,747
564,320,404
564,295,399
564,89,851
565,82,177
565,210,586
566,683,4
566,775,702
567,450,150
567,666,150
567,425,819
568,606,143
568,447,265
568,44,533
569,3,270
569,901,505
570,891,510
570,984,230
570,208,100
570,719,569
571,693,837
571,901,31
571,243,912
572,932,841
572,228,822
572,712,478
572,390,710
572,900,777
572,654,79
572,184,268
573,517,792
573,924,853
573,532,758
573,737,165
574,725,893
574,333,531
574,766,357
574,268,600
574,826,347
574,400,925
574,73,269
574,404,432
575,414,314
575,793,781
575,77,13
575,201,24
575,348,913
575,757,878
576,255,705
576,239,254
576,468,474
576,4,427
576,135,959
577,903,142
577,991,354
578,25,718
578,853,690
578,601,672
578,774,857
578,867,599
578,281,194
579,933,744
579,177,116
579,860,82
580,927,117
580,137,604
580,808,88
580,393,905
580,680,512
581,35,368
582,167,568
583,57,48
583,364,453
583,521,567
583,714,46
584,789,938
584,736,670
584,752,882
585,366,567
585,653,763
586,59,211
586,381,165
586,681,95
586,255,863
587,876,608
587,721,733
587,826,96
587,246,131
587,355,768
587,712,126
587,143,470
588,702,105
588,662,703
589,60,827
589,618,96
589,545,526
589,270,226
589,334,886
590,66,929
590,195,59
590,989,573
590,592,634
591,569,869
591,825,706
591,634,585
592,15,605
592,250,1
592,910,287
592,790,699
593,201,652
593,32,365
593,158,862
593,90,866
594,353,25
594,360,468
594,427,843
595,219,589
595,460,517
595,74,387
596,620,425
596,901,963
597,367,78
597,692,845
597,145,265
597,601,321
598,2,941
598,53,756
598,173,43
598,18,331
598,846,338
598,187,134
599,717,686
599,185,107
600,367,90
600,195,217
600,827,604
600,673,221
600,865,937
600,490,472
601,73,690
602,312,300
602,439,952
602,577,743
603,537,423
603,812,575
603,202,527
603,110,899
603,403,263
604,845,219
604,412,969
604,999,50
604,307,659
604,711,869
604,16,743
605,223,621
605,411,318
605,516,597
606,931,206
606,701,802
606,42,3
607,829,808
607,574,870
607,630,230
607,711,36
607,616,291
608,593,113
608,978,358
609,160,221
610,964,585
610,906,789
610,558,152
610,155,842
610,742,731
611,422,553
611,81,394
611,945,513
612,126,180
612,978,140
612,194,899
612,588,656
614,478,326
614,148,839
615,362,521
615,80,3
615,581,111
615,234,68
616,647,515
616,957,35
616,292,901
616,194,454
616,757,339
617,410,6
617,88,520
618,68,729
618,874,404
618,595,124
618,942,526
618,980,625
618,66,626
619,655,798
619,393,72
620,591,330
620,149,406
620,591,694
621,539,845
621,900,759
621,8,168
621,824,245
622,805,373
622,580,325
622,517,168
622,282,622
623,368,722
623,307,963
623,283,420
624,830,260
624,435,458
624,838,510
624,79,942
624,326,813
625,796,318
625,758,608
625,260,308
625,341,261
626,104,274
626,275,848
626,989,734
626,924,143
626,561,819
626,962,547
626,227,987
626,794,683
627,960,64
627,809,596
627,471,428
627,352,546
627,37,652
628,193,19
628,905,139
628,739,55
628,348,81
628,480,764
628,226,637
628,937,13
629,271,425
629,543,690
629,705,532
630,438,155
630,143,248
631,0,934
631,255,937
631,990,487
632,39,269
632,407,728
632,91,755
632,41,955
633,49,831
633,866,173
633,3,5
634,437,340
634,307,425
634,935,436
634,143,363
634,732,688
635,889,92
635,263,957
635,967,640
635,520,661
635,240,361
635,980,91
636,55,706
636,441,145
636,854,286
637,671,967
637,871,128
637,588,539
637,617,584
638,252,383
639,642,245
639,876,115
639,589,933
640,598,128
640,809,434
640,114,592
640,995,406
640,386,770
640,310,247
640,767,911
640,807,674
641,26,797
642,885,906
642,728,372
642,682,691
642,36,882
643,760,924
643,257,282
643,642,402
643,55,268
643,145,62
643,955,751
643,125,226
643,671,452
644,940,319
644,792,299
644,749,531
645,899,405
645,768,134
645,761,329
646,63,622
646,659,580
646,854,81
647,804,270
648,822,991
648,860,716
648,888,451
648,293,443
648,469,788
649,349,564
650,189,858
650,282,193
650,278,895
651,735,216
651,307,306
651,162,226
651,790,982
651,532,660
651,77,703
652,137,14
652,209,829
652,197,443
653,90,65
653,801,987
653,347,164
654,296,934
654,997,181
654,883,784
654,643,148
655,108,839
655,856,526
655,997,924
655,94,989
655,512,639
655,913,552
655,988,692
655,535,245
656,9,144
656,499,697
657,499,517
657,513,117
657,10,849
657,557,100
657,890,615
657,43,363
657,19,237
658,989,139
658,996,310
658,312,455
658,661,262
658,95,191
658,653,133
658,714,657
658,559,335
658,211,494
659,621,588
659,262,968
659,538,626
659,631,234
659,272,75
659,21,799
660,752,874
660,487,46
660,227,777
660,335,577
660,402,46
660,977,145
660,777,284
661,723,957
661,343,404
661,504,702
661,51,743
662,778,684
662,557,254
662,894,791
663,887,833
663,865,438
663,386,774
663,912,326
664,168,639
664,218,364
664,596,870
665,480,438
665,597,800
665,599,834
665,391,0
665,845,704
666,426,518
667,40,188
667,733,732
667,70,177
668,302,802
668,368,366
668,852,329
669,505,861
669,454,687
669,27,511
669,175,391
669,759,233
669,529,479
669,711,347
669,895,576
670,116,749
671,956,259
671,807,360
671,134,589
672,226,178
672,743,455
672,698,863
672,358,116
673,767,60
673,480,586
673,676,170
673,104,805
673,560,523
674,987,241
674,298,389
674,520,714
674,645,281
674,646,619
674,939,114
674,998,618
674,71,136
674,156,418
674,578,218
675,575,597
675,873,923
675,120,720
675,899,266
675,712,987
675,980,686
675,12,809
675,465,974
676,721,567
676,412,411
676,756,268
677,320,47
677,783,250
677,498,994
677,47,485
678,55,507
678,201,334
678,653,158
678,768,678
679,555,339
679,639,351
679,326,680
679,681,907
679,207,308
679,296,71
680,767,533
680,298,844
680,541,509
680,623,376
681,35,570
681,553,283
682,667,909
682,488,896
682,0,123
682,938,682
682,934,63
683,93,698
683,498,836
683,943,979
683,683,553
683,413,951
683,79,724
683,630,373
684,883,261
684,798,171
685,938,3
685,682,138
685,284,789
686,740,559
686,916,38
686,709,402
686,814,950
687,402,211
687,179,113
688,869,71
688,565,78
689,720,80
689,355,77
689,438,350
689,642,559
690,600,418
690,982,765
690,314,870
690,778,732
690,851,234
691,314,226
691,120,553
691,50,864
691,408,815
692,842,811
692,36,677
692,212,568
692,723,345
692,175,931
693,130,719
693,867,441
693,573,688
693,693,409
693,127,147
694,33,912
694,940,5
694,950,535
694,337,443
694,60,577
694,311,726
694,826,344
694,77,375
694,262,888
695,313,138
695,666,843
695,367,118
696,118,85
696,228,634
696,178,846
697,126,682
697,202,479
697,590,947
697,403,498
697,772,509
697,110,432
698,269,559
698,426,571
699,93,546
699,369,575
699,418,835
699,859,367
700,290,254
700,433,834
700,601,368
700,117,616
701,474,570
702,340,245
702,912,482
702,919,33
702,121,927
703,779,665
703,864,559
703,403,645
704,438,630
704,151,569
704,282,18
705,668,248
705,301,194
705,136,665
705,245,328
705,996,562
705,314,535
706,481,641
706,841,551
706,391,804
706,587,757
706,693,313
706,841,120
706,89,493
707,250,295
707,205,527
708,865,20
708,652,234
708,872,384
708,389,158
709,632,134
709,927,757
709,298,412
709,699,533
710,236,93
710,442,267
710,141,354
710,268,967
710,723,178
710,103,473
710,486,290
711,953,46
711,625,743
712,152,692
712,574,259
713,866,461
713,225,664
713,99,120
713,410,381
713,333,715
713,947,172
713,539,288
713,419,72
713,908,706
713,64,279
714,600,140
714,863,151
714,302,427
714,796,592
714,772,649
714,122,736
715,252,738
715,496,708
715,386,361
715,681,601
715,976,511
715,662,899
716,524,328
716,379,770
716,794,294
716,437,661
716,998,778
716,4,181
716,836,37
717,352,957
717,654,942
717,938,797
718,758,525
718,825,218
719,665,408
719,849,743
719,988,60
720,972,652
720,28,243
721,293,108
721,504,607
722,111,228
722,580,583
722,759,584
722,215,973
722,366,672
722,239,889
722,861,520
723,712,363
725,560,223
725,211,34
725,626,889
725,873,57
726,478,724
726,400,833
727,686,801
727,63,767
727,6,549
727,538,659
727,39,49
727,418,65
727,387,417
728,695,825
728,562,675
728,724,687
728,478,454
729,710,90
729,859,802
729,655,232
729,38,979
729,298,534
730,374,692
730,390,990
730,328,741
730,24,227
730,83,26
730,642,954
731,666,515
731,971,600
732,575,401
732,959,130
732,440,851
732,44,983
733,33,578
733,346,569
734,267,82
734,897,462
734,485,174
734,374,522
735,19,371
735,234,577
736,417,313
736,479,48
736,864,789
736,771,653
736,92,265
736,818,957
736,37,695
737,551,369
737,382,295
737,771,727
737,918,630
738,253,416
738,578,898
738,515,945
738,889,940
738,967,254
738,395,584
738,644,311
739,50,475
739,857,587
739,700,618
739,447,454
740,839,400
740,139,884
740,256,495
740,132,583
740,158,421
740,86,807
741,685,102
741,355,957
741,660,165
742,609,731
742,247,819
742,730,731
742,481,531
742,357,316
743,263,571
743,392,778
743,692,344
743,399,783
743,627,914
744,220,308
744,27,383
745,948,481
745,459,647
745,325,980
745,777,773
746,482,337
746,310,699
746,828,36
746,263,366
747,308,53
747,290,645
747,704,265
747,693,364
747,635,467
748,227,5
748,372,38
748,77,571
749,447,701
749,410,958
749,80,544
749,489,113
749,517,280
749,77,309
750,371,983
750,459,872
750,607,626
751,225,595
751,168,409
751,110,323
751,561,444
751,613,5
751,43,394
752,518,486
752,829,257
753,204,786
753,680,64
753,131,30
754,201,398
754,322,764
754,575,301
754,205,213
754,490,544
754,269,336
755,854,873
756,386,325
756,482,314
756,332,444
756,697,959
757,644,875
757,524,465
757,27,976
757,919,166
757,549,349
757,590,902
758,298,804
758,817,392
758,257,857
758,155,866
758,132,873
758,720,774
758,535,775
759,610,493
760,378,687
760,690,31
760,402,153
760,56,80
760,695,347
761,424,248
761,782,119
761,665,258
761,451,547
762,726,510
763,577,903
763,109,113
763,488,575
763,851,160
763,567,638
763,755,393
763,154,234
764,530,854
764,25,953
764,936,369
764,955,430
764,970,404
764,866,466
764,372,288
764,803,898
765,685,581
765,634,694
765,157,250
766,738,547
766,954,427
766,151,689
766,35,254
766,100,510
767,835,275
767,204,621
767,533,900
768,791,242
768,822,496
768,886,894
768,823,951
768,258,272
769,87,588
769,479,109
769,648,409
769,543,181
769,356,327
770,334,672
770,179,990
770,604,975
770,110,583
771,411,219
771,920,70
771,903,656
771,239,143
771,316,372
772,103,34
772,757,856
772,993,813
772,35,647
772,643,563
773,635,721
773,374,827
773,952,927
773,495,959
773,488,279
773,695,101
773,379,881
774,551,226
774,100,905
774,466,390
775,50,476
775,366,799
775,354,446
776,65,232
776,700,710
776,822,858
776,724,254
776,762,966
776,327,325
776,321,853
776,829,826
776,929,102
776,302,94
777,932,670
777,582,109
777,962,822
777,549,207
777,832,113
777,115,451
777,910,858
777,104,37
777,910,310
778,584,585
778,74,179
778,841,608
778,654,310
779,730,180
779,897,628
779,908,911
779,948,801
780,170,940
780,480,494
781,987,99
781,616,604
781,260,414
781,398,411
782,732,588
783,159,791
783,232,243
783,206,918
783,478,898
783,900,676
783,262,640
783,573,36
784,707,922
784,807,565
784,37,839
784,555,149
784,8,71
784,602,407
784,218,850
784,97,40
785,839,506
785,387,794
786,241,238
786,554,865
786,618,605
787,939,630
787,844,433
787,552,960
787,210,899
788,944,519
788,859,166
788,431,869
788,857,657
788,399,473
788,737,98
789,965,477
789,351,981
789,194,444
789,862,155
789,148,534
789,845,720
789,781,136
789,804,190
789,614,338
789,430,223
790,328,623
790,135,760
790,457,256
790,384,402
790,151,832
790,189,292
790,544,126
791,397,431
791,724,107
791,197,945
791,317,758
792,914,828
792,620,482
792,595,710
792,947,171
793,702,80
793,724,183
793,197,579
793,801,147
793,655,351
794,507,231
794,883,574
794,817,995
794,203,30
794,35,501
794,587,403
795,311,319
796,314,291
796,916,658
796,143,495
796,920,491
797,455,885
797,811,3
797,499,218
797,754,131
798,413,763
798,238,49
798,34,132
799,227,918
799,489,434
799,5,445
799,458,147
799,335,883
800,905,632
800,559,585
800,193,367
800,117,71
800,494,781
800,486,617
801,743,403
802,870,744
802,360,981
802,792,84
802,417,905
802,305,554
803,300,807
803,249,816
803,618,138
804,721,673
804,926,476
805,735,867
805,484,816
805,415,488
805,826,358
805,232,820
806,518,464
806,930,317
806,633,904
806,778,960
806,887,913
807,502,177
807,278,548
807,97,211
807,487,933
808,907,960
808,849,931
808,750,803
809,998,150
809,2,154
809,116,322
810,880,275
810,117,481
810,770,580
810,963,872
811,597,651
811,3,355
812,674,274
812,21,627
812,180,588
812,162,399
812,818,553
813,33,996
813,916,939
813,596,546
813,449,605
813,553,558
814,419,921
814,583,471
814,650,648
814,340,741
814,858,984
816,593,834
816,942,223
816,134,124
817,415,291
817,996,864
817,591,22
817,414,297
817,337,501
818,603,196
818,380,54
818,314,853
818,49,390
818,741,426
818,142,921
818,123,143
819,379,45
819,385,764
820,19,306
820,386,65
821,358,131
821,11,715
821,287,454
821,532,7
821,235,31
822,580,559
822,992,350
822,689,910
822,289,663
822,745,747
822,1,794
823,368,249
823,304,264
823,706,398
823,943,191
824,823,363
824,814,580
824,803,291
824,330,444
824,426,936
825,501,350
826,500,611
827,632,447
827,387,801
827,615,536
827,87,973
827,211,697
827,132,968
827,727,11
827,241,898
827,2,954
828,726,172
828,182,905
828,433,840
828,904,755
829,483,134
829,254,799
829,874,660
829,305,466
829,951,621
830,49,509
830,8,344
830,612,661
830,814,809
831,980,875
831,775,853
831,445,35
832,537,629
832,807,990
832,468,884
832,369,918
832,174,969
832,452,319
833,958,418
833,293,266
833,116,765
833,109,6
833,267,451
834,539,215
834,789,551
834,754,166
834,266,242
834,762,634
835,851,484
835,730,866
835,927,662
835,673,435
836,533,631
836,221,293
836,42,388
836,937,782
836,811,707
836,455,297
836,748,829
837,535,704
837,373,743
837,681,910
837,72,537
837,3,918
837,422,256
838,853,474
838,69,429
838,509,534
838,33,768
839,977,380
839,366,347
840,208,111
840,259,947
840,373,935
840,487,800
840,911,574
841,511,711
842,780,144
842,411,206
842,145,464
842,446,53
842,331,428
843,145,256
843,724,679
843,730,855
843,250,909
844,687,283
844,81,517
844,910,661
845,183,117
845,514,424
845,595,479
845,902,476
845,310,843
846,792,501
847,214,275
847,26,554
847,4,429
847,699,956
847,83,63
847,814,252
848,638,664
848,324,430
848,693,484
848,71,541
848,930,121
848,450,43
849,845,786
849,763,33
849,946,848
849,116,828
849,957,384
849,307,24
850,706,579
850,355,831
851,225,72
851,899,4
851,911,338
851,916,785
852,40,705
852,352,910
852,766,245
852,733,396
853,6,500
853,606,885
853,6,418
853,739,313
853,120,945
854,550,649
854,937,57
854,237,376
855,804,788
855,605,191
855,337,612
856,937,49
856,106,31
856,909,597
857,808,23
857,861,159
857,837,951
857,114,190
857,717,772
857,89,981
858,951,91
858,599,767
858,813,603
858,780,32
858,739,121
859,772,212
859,799,506
859,271,449
860,833,890
860,769,832
860,473,7
861,129,610
861,573,869
861,428,504
861,64,72
861,579,102
862,164,544
862,520,810
862,661,230
862,856,632
863,828,473
863,327,431
863,100,572
864,874,501
865,767,431
865,871,267
866,106,921
866,898,42
866,553,570
866,987,242
867,225,937
867,240,554
867,122,975
867,25,570
868,482,871
868,654,962
868,617,640
868,194,378
869,577,130
869,124,276
869,732,759
869,754,430
869,72,510
869,163,81
869,421,410
869,765,136
870,563,44
870,673,340
870,830,606
870,626,695
870,17,313
870,291,651
870,387,929
871,794,141
871,683,408
871,916,331
871,127,924
872,705,653
872,627,789
872,41,921
872,195,574
872,2,719
872,359,9
873,632,883
873,716,531
873,587,760
874,170,938
875,225,695
875,672,195
875,473,995
876,233,941
876,144,657
876,945,875
876,914,342
877,663,778
877,827,370
877,815,167
877,337,647
877,885,777
877,483,301
878,763,693
878,781,103
878,936,884
878,304,661
879,619,684
879,102,103
879,561,17
879,420,686
880,685,159
880,873,647
880,248,534
881,58,761
881,775,484
881,679,148
881,46,940
882,372,260
882,619,40
882,722,405
882,239,105
882,538,507
883,625,263
883,51,44
883,898,784
883,31,903
884,252,750
884,269,352
884,967,137
884,76,282
884,318,39
884,919,943
884,627,416
885,490,736
885,128,144
885,307,961
887,514,762
887,917,572
887,427,588
887,51,282
888,155,736
888,258,987
888,255,298
888,311,175
888,678,746
888,999,648
889,462,818
889,100,389
889,861,653
890,725,853
890,450,474
890,635,238
890,985,14
890,563,775
891,232,57
892,904,520
892,556,485
892,227,43
892,763,742
892,19,602
892,286,480
892,360,603
892,653,335
893,705,695
893,572,819
894,226,569
894,927,92
894,463,273
894,208,768
895,25,360
895,175,112
895,927,948
896,108,528
896,409,834
896,784,577
896,239,818
896,30,811
896,984,479
896,108,242
897,4,241
897,932,317
897,407,581
897,500,504
897,324,273
898,833,96
898,256,731
898,371,95
899,711,84
899,901,228
899,625,135
899,813,556
899,910,277
900,710,703
900,673,157
900,689,772
901,184,155
901,308,489
901,656,379
901,55,228
902,830,702
902,306,455
902,806,667
902,646,733
902,468,761
903,561,689
903,566,321
903,601,720
904,268,827
904,966,825
904,448,472
904,370,784
905,197,450
905,329,227
905,275,53
905,692,980
905,259,241
905,305,508
905,637,141
905,261,54
905,804,220
906,456,669
907,396,200
907,363,979
907,579,967
907,996,414
907,758,188
907,150,758
907,675,106
907,914,187
908,276,33
908,508,951
909,507,675
909,726,305
909,246,240
910,705,705
910,467,341
910,729,724
910,483,558
910,243,798
911,595,247
911,407,534
912,639,67
912,937,571
912,523,927
912,648,815
912,410,40
912,134,104
913,741,48
913,807,200
914,986,412
914,269,511
914,729,24
915,232,406
915,908,713
915,179,916
915,509,506
915,748,150
916,645,355
916,512,247
916,197,71
916,851,37
916,476,545
917,162,851
917,689,472
917,718,430
917,74,0
917,892,259
917,122,895
917,733,436
918,738,74
918,93,125
918,879,578
918,86,238
918,340,77
918,205,455
918,103,335
919,594,427
919,244,387
919,532,770
919,638,384
919,405,10
920,517,328
920,389,546
920,772,309
920,908,83
920,32,169
922,632,243
922,186,664
922,961,411
923,4,730
923,574,655
923,447,534
923,106,496
923,26,563
923,701,421
923,248,387
924,194,823
924,308,351
924,663,74
924,969,164
924,770,1
924,628,201
924,927,469
924,595,964
925,475,283
925,560,559
925,963,789
925,789,859
926,759,621
926,625,142
926,941,410
926,486,308
927,183,451
928,864,937
929,777,936
929,875,213
929,99,764
929,142,80
929,305,605
929,117,777
930,684,793
930,455,179
930,775,971
930,460,281
931,67,800
932,109,444
932,693,676
932,453,318
932,85,209
933,274,410
933,812,921
934,994,41
934,255,192
934,347,324
935,643,86
935,854,909
935,381,521
935,39,117
935,42,335
936,617,577
936,932,139
936,931,546
937,44,228
938,459,500
938,339,963
938,214,861
939,706,973
939,831,960
939,497,904
940,422,364
940,323,273
940,845,402
940,767,546
940,806,28
941,819,447
941,16,249
941,350,728
941,648,89
941,198,252
942,533,120
942,748,392
942,261,849
942,327,341
943,181,940
943,176,926
943,168,970
943,717,505
943,239,436
944,778,123
944,387,617
945,721,596
945,693,282
945,376,207
945,469,437
945,636,336
946,489,318
946,652,619
946,305,885
947,144,373
947,330,64
947,448,117
947,159,243
947,991,100
947,433,544
948,496,537
948,944,958
949,587,247
949,100,941
950,763,782
950,128,184
950,639,263
950,819,975
951,26,629
951,842,755
951,629,48
952,565,489
952,67,290
952,849,808
952,794,453
952,829,350
952,101,380
953,60,460
953,95,640
953,600,657
953,765,978
953,204,779
953,715,124
953,644,21
954,509,206
954,640,53
954,530,577
954,183,649
954,695,644
955,913,445
955,245,33
955,672,433
955,777,669
955,521,843
955,870,125
955,147,353
956,921,672
956,878,955
956,749,378
956,934,55
957,746,554
957,640,449
957,618,377
958,786,377
958,642,717
958,532,802
959,662,47
960,955,740
960,167,899
960,550,16
960,304,452
961,684,964
961,659,72
962,879,622
962,460,618
962,505,25
962,140,500
962,819,159
962,84,885
963,979,947
963,537,976
963,523,16
963,901,481
963,747,541
964,177,378
964,566,861
964,653,978
965,811,272
965,967,689
966,275,286
966,540,173
966,366,480
966,982,602
966,973,749
966,70,940
967,340,967
968,739,927
969,898,703
969,20,654
969,415,486
969,639,579
969,550,518
970,808,491
970,92,750
971,6,532
971,805,548
971,484,503
971,418,781
971,297,118
971,495,21
971,151,224
971,493,913
971,280,660
972,135,677
972,986,392
972,910,565
972,534,748
972,76,393
972,163,307
972,867,118
973,612,740
973,275,380
973,955,420
973,535,254
973,285,635
973,235,561
973,769,244
974,382,228
974,99,828
974,200,819
974,968,465
975,444,715
975,190,288
975,310,147
976,386,7
976,161,642
976,929,201
976,471,377
977,996,276
977,446,279
977,915,637
977,352,963
977,986,122
977,260,132
977,837,616
978,399,787
978,162,917
978,721,622
978,539,506
978,530,514
978,334,378
978,574,544
979,287,545
979,546,988
979,720,321
979,723,961
979,641,823
980,198,2
980,595,75
980,409,916
980,702,374
981,807,19
981,503,165
981,518,100
981,486,582
981,897,696
981,878,643
981,483,709
981,950,773
982,213,425
982,929,147
982,675,177
982,184,822
983,460,238
984,860,919
984,366,303
986,101,191
987,592,523
987,706,587
987,538,620
987,860,15
988,963,917
988,400,640
988,675,612
988,616,362
988,852,680
988,809,987
989,501,547
989,512,574
989,33,766
990,512,534
990,548,364
990,802,868
990,656,191
990,831,868
991,926,467
991,83,875
991,201,75
991,772,469
992,632,459
992,101,77
993,631,849
993,964,315
993,832,991
993,384,199
994,760,2
994,570,370
994,743,641
994,439,5
994,580,537
995,329,870
995,228,831
995,641,983
996,370,8
996,214,166
996,327,853
996,366,370
996,547,345
996,495,322
996,867,219
996,820,237
996,859,891
996,356,353
997,658,528
997,770,885
997,677,683
997,802,289
998,19,755
998,668,677
998,547,321
998,527,725
999,533,693
999,70,173
999,598,767
999,931,563
