803,130,0
51,826,2
403,4,2
604,887,3
861,653,3
505,870,3
942,635,3
556,497,4
634,521,4
218,702,5
445,41,5
109,630,5
37,876,5
713,537,6
623,254,7
50,815,7
419,542,7
340,36,7
971,650,8
430,762,8
616,758,9
302,572,9
249,748,10
338,176,11
596,907,11
921,392,11
774,985,12
938,752,13
434,341,13
765,615,14
77,848,15
812,484,16
770,527,16
233,3,17
846,702,18
625,348,18
859,79,20
218,727,21
334,148,21
387,390,22
941,303,22
727,107,23
616,787,24
468,915,24
245,505,24
702,338,26
269,556,26
810,414,26
523,7,27
897,926,27
985,171,27
818,669,27
877,432,28
971,381,28
418,401,29
684,976,29
718,724,29
784,9,29
659,772,30
970,896,31
806,775,31
63,909,31
635,109,34
223,242,34
496,201,34
306,661,35
826,624,35
352,470,35
444,878,36
73,604,36
810,153,37
619,111,37
863,740,37
459,179,37
536,540,38
614,886,38
33,198,38
833,219,39
770,470,39
954,251,40
7,940,40
663,139,41
751,659,42
884,805,44
583,330,44
204,882,44
138,163,45
314,144,46
737,646,47
901,2,47
623,868,48
389,655,49
496,424,49
982,574,49
921,175,51
566,348,51
937,55,53
431,644,53
637,935,54
315,497,54
928,254,54
583,258,55
84,215,55
428,308,55
642,525,55
518,447,57
623,944,57
427,957,58
656,527,58
575,725,58
671,266,59
29,489,59
930,226,60
505,716,60
747,375,61
122,731,61
610,57,62
116,403,62
219,794,62
923,336,63
242,168,64
422,284,64
670,284,65
833,33,65
636,411,65
596,979,65
75,222,65
180,725,66
543,426,67
530,311,67
612,606,68
438,135,69
994,173,69
69,40,70
226,421,70
44,979,70
178,764,71
826,429,71
628,560,72
878,442,72
359,513,73
759,531,73
929,394,73
615,258,74
884,56,74
180,3,75
846,308,75
945,288,75
636,836,76
614,181,77
200,106,78
953,516,79
450,908,79
68,125,79
854,91,80
154,825,80
847,591,80
970,282,80
711,505,81
595,559,81
720,910,81
968,459,82
783,377,82
370,776,84
217,105,84
745,64,85
116,399,85
159,129,86
499,764,86
863,457,86
215,781,89
811,749,89
944,185,90
282,159,92
312,480,92
989,185,92
31,315,92
161,494,92
880,930,92
813,912,93
747,312,93
310,705,93
73,439,93
994,944,94
120,245,95
542,111,96
205,399,96
825,662,96
157,117,96
788,416,97
92,746,97
442,315,97
509,901,98
815,366,100
654,946,101
18,115,101
458,943,101
205,874,101
56,491,102
81,291,102
81,660,102
524,117,102
769,246,102
369,270,103
854,910,104
119,285,104
879,337,104
309,342,104
741,931,105
658,596,105
455,214,105
870,415,105
535,449,105
244,803,105
186,820,106
291,801,107
263,77,107
913,161,107
566,806,107
500,256,108
551,396,108
467,725,109
155,317,109
36,477,110
396,731,110
300,711,110
839,396,110
176,784,111
175,133,112
433,508,112
67,620,112
199,257,112
789,748,113
245,157,113
791,789,113
832,56,113
922,596,113
203,129,114
982,816,114
101,705,114
312,404,114
13,631,115
875,410,116
564,603,116
70,764,118
930,903,118
729,307,118
660,989,118
266,512,120
546,248,120
57,889,121
198,707,121
593,957,121
681,348,121
516,358,122
20,472,122
107,335,122
219,255,122
930,353,123
340,42,123
98,627,125
216,78,125
896,20,127
42,765,127
588,835,127
81,179,128
26,149,128
370,371,128
412,31,128
645,366,128
305,193,129
540,629,129
904,829,129
943,241,130
170,102,130
0,360,130
452,321,131
283,642,132
287,434,133
174,127,134
840,673,134
269,696,134
209,434,134
13,295,135
399,208,135
411,114,136
97,247,137
116,277,138
151,448,138
562,250,138
529,142,138
562,940,139
771,759,139
330,657,139
282,323,141
414,303,142
233,82,142
826,764,144
731,295,145
524,110,146
21,553,146
409,446,146
869,221,148
897,752,149
19,594,149
780,520,150
622,26,151
138,219,151
237,784,152
35,877,152
562,216,152
837,448,152
435,436,152
419,390,153
676,913,153
903,758,154
510,347,154
174,151,155
974,139,155
892,284,156
916,755,156
820,837,157
667,295,157
261,683,157
456,968,157
700,10,158
423,381,158
320,595,159
912,969,159
705,268,159
289,772,160
851,169,160
508,300,162
895,479,162
546,65,164
935,135,164
18,451,165
757,127,165
452,259,165
193,261,166
776,390,166
870,450,166
680,20,166
325,420,167
451,346,168
872,109,168
546,614,170
389,307,170
623,240,170
88,757,171
802,860,171
473,124,173
685,886,174
24,635,175
381,829,176
712,602,176
192,89,177
746,904,178
925,751,179
459,964,180
56,739,181
292,828,181
349,200,182
651,989,182
530,972,183
391,994,184
544,784,184
497,953,184
150,960,184
55,51,184
510,794,185
252,687,186
820,444,186
947,954,186
710,312,186
227,713,186
724,725,186
196,74,187
154,369,187
767,633,187
130,523,187
476,376,189
70,988,190
14,865,190
153,188,190
777,787,190
193,183,190
533,479,190
307,463,191
194,550,192
787,836,192
423,176,193
136,362,193
514,143,193
384,18,193
98,70,193
412,774,194
668,553,194
552,385,194
675,213,195
120,935,196
509,117,196
790,536,197
179,352,198
223,219,199
745,66,199
93,464,200
54,34,200
645,620,202
29,129,202
45,405,203
536,388,203
11,218,203
289,59,205
172,731,205
73,394,205
990,780,205
528,936,205
753,469,206
812,70,206
934,230,206
71,767,207
738,418,207
778,403,208
122,73,208
74,443,209
668,699,211
855,279,211
316,388,212
729,818,212
677,369,213
972,552,214
849,601,214
116,400,215
706,930,216
372,120,216
756,330,216
304,411,216
506,362,216
330,245,216
186,737,217
95,344,217
135,349,218
368,406,218
304,920,219
160,81,219
396,578,219
459,940,220
297,115,221
85,89,222
33,707,222
428,722,224
401,923,224
851,963,224
573,610,225
287,878,225
935,535,226
666,734,227
453,953,227
158,16,228
722,875,228
594,548,228
398,548,228
987,428,229
166,903,229
492,70,230
228,316,230
194,377,230
642,995,231
500,25,231
660,384,232
114,985,232
194,676,234
195,554,234
743,517,235
407,838,235
658,762,236
479,445,236
507,695,238
610,225,239
523,509,239
817,872,240
32,728,241
590,891,241
906,451,241
968,259,242
913,453,242
483,174,242
630,884,242
711,980,243
614,989,243
51,743,243
917,473,243
4,315,244
454,835,244
457,344,244
428,785,245
761,365,245
873,323,246
801,343,246
477,300,246
28,904,246
92,855,246
511,456,246
68,319,247
365,720,247
905,217,247
371,468,247
76,881,247
219,552,248
588,432,248
187,830,249
594,184,249
460,79,252
513,84,253
318,59,253
214,389,253
372,819,254
479,286,255
613,284,255
909,809,255
780,174,256
533,603,257
89,919,257
16,348,257
755,927,258
740,107,258
363,320,259
373,241,259
194,477,260
915,454,260
283,235,260
32,941,260
464,720,260
778,117,261
201,944,261
776,639,261
103,311,261
901,289,262
198,767,264
203,130,265
830,400,265
417,596,265
324,455,266
898,204,267
662,249,267
878,472,267
219,431,267
93,146,268
996,588,268
667,202,268
643,644,269
559,826,269
993,909,269
537,568,270
123,18,270
176,918,270
96,371,270
778,847,270
829,320,271
429,619,272
594,187,272
320,914,272
202,795,272
499,991,273
548,375,273
280,511,274
25,539,274
14,385,274
286,548,275
100,812,277
933,197,277
251,539,277
1,638,278
378,59,278
668,583,278
16,941,279
994,946,279
365,24,280
497,496,280
698,63,280
674,43,281
908,110,281
686,143,283
53,312,283
746,858,284
196,139,286
443,97,286
53,165,287
965,208,288
97,71,289
465,413,289
154,179,289
39,6,290
274,416,291
567,831,291
943,340,292
9,935,293
31,733,294
20,956,295
90,184,295
998,561,295
223,953,295
983,134,295
756,772,295
401,784,295
802,664,295
689,358,296
603,55,296
325,832,300
770,900,301
514,154,301
338,308,301
822,283,301
163,410,301
249,142,301
230,287,303
961,690,304
79,772,304
100,961,304
651,843,304
969,268,305
353,537,305
531,203,306
123,753,306
579,777,307
824,657,308
793,28,309
285,643,309
39,126,309
86,968,309
640,105,310
609,137,310
662,450,311
655,986,311
910,49,311
346,528,312
675,11,312
268,458,313
916,897,313
821,570,313
524,734,313
821,632,315
690,41,315
199,256,315
285,230,315
187,914,316
597,82,317
590,841,317
194,64,317
924,465,317
216,87,317
155,40,317
615,437,318
729,445,319
722,735,320
881,830,320
687,264,321
68,793,321
711,409,321
327,685,322
34,696,322
139,649,322
243,363,323
325,257,323
236,87,323
147,196,324
680,145,324
657,449,324
571,377,325
262,759,326
880,976,326
170,541,326
864,94,326
132,317,327
19,530,328
792,60,328
441,433,328
640,640,329
171,175,329
404,218,330
925,155,330
919,270,331
176,389,331
94,400,332
705,5,333
153,625,333
496,372,333
567,822,333
353,443,334
788,67,335
126,879,335
210,782,336
70,730,336
936,348,337
249,51,338
795,718,339
597,691,339
288,764,340
600,824,340
928,92,341
198,911,342
879,870,343
946,492,343
302,87,344
33,912,346
859,62,347
663,773,348
350,984,348
485,974,348
274,487,349
666,903,350
218,698,350
66,988,351
257,940,352
19,393,353
618,235,353
285,343,353
731,298,354
404,830,354
861,183,354
758,54,355
103,854,355
575,454,356
889,711,357
200,451,358
214,654,358
69,223,358
981,421,359
899,761,359
392,146,360
985,942,362
205,548,362
306,750,362
269,18,363
451,142,364
496,580,364
294,937,365
768,424,365
312,535,365
871,757,365
149,696,366
339,580,366
866,558,366
234,392,367
583,818,367
494,315,368
881,659,368
271,795,370
273,292,370
99,822,371
786,949,371
133,360,372
612,268,372
745,738,372
480,82,372
317,816,372
542,649,373
557,722,373
746,447,374
141,530,374
689,807,374
720,907,374
944,253,375
436,27,377
353,767,378
257,104,381
313,204,382
776,416,383
571,289,383
731,45,384
869,607,384
920,624,385
984,183,385
372,900,385
519,948,386
559,580,386
152,877,386
692,932,386
997,269,387
120,83,387
114,671,387
281,322,388
128,676,388
515,511,389
995,758,389
676,251,390
494,438,390
666,661,391
691,256,391
908,109,391
93,729,392
589,487,393
638,203,394
811,264,394
858,756,395
601,556,395
770,361,396
333,147,396
268,594,397
887,113,397
755,97,397
43,362,398
862,242,399
615,174,399
855,343,399
564,621,400
562,958,400
268,216,400
640,468,401
124,634,402
170,244,403
468,183,403
327,462,404
383,282,405
515,347,405
280,189,405
205,875,405
65,827,405
75,951,406
280,859,408
924,633,408
36,8,408
109,937,408
757,401,408
316,707,409
847,739,409
297,706,410
8,602,410
413,177,411
818,718,413
146,533,413
983,996,413
457,720,414
890,700,415
846,306,415
91,438,415
309,311,415
973,897,415
907,121,415
447,442,416
305,473,416
728,2,416
823,123,416
989,632,418
405,357,420
23,725,420
241,39,420
880,658,421
415,415,421
804,604,422
348,15,423
711,433,424
267,390,424
70,466,425
751,55,425
841,234,426
111,369,426
435,588,426
813,475,427
233,28,427
145,376,427
773,763,429
873,969,429
84,662,430
463,198,431
170,434,431
549,407,432
173,156,432
358,97,432
705,249,432
22,196,433
265,348,433
870,596,433
866,319,435
140,4,435
30,693,436
92,394,436
740,764,436
156,586,436
827,722,437
981,245,437
504,161,438
588,863,439
921,1,440
186,640,442
22,969,444
542,501,444
15,807,444
213,133,444
366,765,445
720,34,446
20,950,449
836,10,450
706,582,450
574,437,451
809,947,451
349,759,451
375,139,452
112,61,452
989,683,452
232,26,452
564,551,453
700,809,454
588,653,454
415,468,455
389,393,455
459,925,455
795,435,455
293,424,456
200,54,457
412,620,457
91,93,458
803,105,458
399,455,458
700,826,458
925,134,459
266,574,459
823,626,459
51,116,460
476,306,460
138,780,461
827,66,461
161,150,462
546,272,462
807,754,463
218,456,464
676,373,464
719,713,465
376,364,466
592,72,466
576,782,466
72,109,467
439,332,468
722,871,468
242,48,468
658,535,468
369,406,469
848,398,471
171,725,471
431,628,473
971,271,474
230,859,474
820,511,474
126,151,475
169,133,477
566,180,477
936,314,477
590,95,479
623,895,480
973,455,480
624,543,480
803,182,480
740,6,481
289,130,481
571,28,481
279,529,481
798,258,482
783,362,483
677,207,483
608,427,484
300,930,484
693,975,485
306,111,485
646,829,486
253,869,486
841,265,486
282,80,487
979,800,487
5,948,487
778,248,487
415,967,488
937,834,489
635,272,490
627,686,490
207,847,492
350,608,492
743,800,493
818,749,494
550,598,494
999,514,496
981,790,496
989,82,497
374,184,498
717,423,498
468,624,499
596,91,499
304,142,500
98,642,501
813,366,501
740,388,501
709,145,501
877,695,502
204,23,502
644,250,503
820,48,503
879,320,503
442,402,503
852,633,503
285,673,504
105,581,505
184,626,506
646,779,507
106,183,508
758,339,508
200,56,509
79,337,510
581,451,511
600,516,511
937,826,513
764,402,515
382,240,515
296,470,515
769,340,516
237,632,516
507,444,516
189,51,516
763,84,517
891,376,517
374,109,517
797,899,517
795,758,517
28,783,518
706,964,519
560,950,519
135,954,520
783,305,521
209,668,521
458,407,521
540,654,522
991,245,523
660,112,523
989,912,524
350,431,525
807,386,525
262,26,526
568,852,527
894,821,528
159,349,528
460,715,528
504,656,529
64,227,529
595,393,530
759,944,530
316,331,530
419,383,530
525,414,530
805,255,531
942,24,532
380,251,532
781,817,532
881,491,533
214,238,534
664,489,535
94,743,535
974,543,536
468,308,537
81,339,537
987,52,537
89,8,538
592,69,538
183,638,539
385,354,539
126,650,540
372,325,540
776,650,540
198,20,540
505,845,540
680,737,540
3,286,540
640,675,541
216,447,541
34,426,541
305,249,541
60,855,542
901,838,542
365,184,542
647,163,543
171,584,543
669,779,544
341,314,546
516,641,546
851,412,546
470,484,546
574,951,546
831,685,546
543,267,547
289,988,547
652,49,549
33,152,549
206,618,549
294,380,550
586,528,550
282,408,551
388,706,552
767,402,552
418,286,553
311,345,553
155,858,553
828,96,554
30,754,555
745,260,555
746,322,556
623,753,556
204,807,556
163,687,556
99,717,557
233,646,557
865,848,559
295,36,560
553,58,561
211,34,562
35,376,563
638,998,563
323,472,564
969,637,564
47,746,565
632,602,565
850,712,566
438,13,566
782,294,567
299,44,567
59,631,568
625,193,569
900,351,569
709,194,570
413,166,570
896,527,570
640,810,572
212,773,572
413,671,572
27,187,573
760,940,573
478,201,573
54,27,574
770,310,574
847,350,575
897,989,575
647,907,575
810,399,575
394,754,576
976,442,576
745,684,577
247,60,578
950,296,578
663,555,578
214,827,579
259,968,580
530,361,580
969,231,580
927,234,582
4,356,582
952,914,582
739,472,583
836,761,583
754,261,583
476,558,584
694,900,584
466,844,585
38,400,585
704,475,585
59,660,585
924,126,587
580,67,587
352,886,587
154,492,588
128,304,588
708,74,588
678,718,588
146,786,589
963,90,590
510,488,590
505,114,591
716,467,592
346,125,593
648,619,593
12,247,593
164,817,593
849,731,593
690,494,595
404,141,595
394,983,595
152,532,595
264,558,595
888,571,596
758,974,596
60,921,598
42,65,598
901,162,598
885,834,600
430,433,600
584,331,601
30,918,602
10,830,603
362,545,605
296,959,605
110,15,606
988,872,606
774,608,606
567,417,607
594,108,607
725,281,608
940,991,608
471,768,608
85,376,609
232,132,609
866,914,609
288,127,610
19,938,610
17,448,610
580,874,611
235,150,611
534,357,611
432,973,612
649,860,612
461,889,613
60,303,614
744,550,614
187,164,614
675,3,615
125,574,615
457,83,615
941,171,616
633,865,616
640,203,616
225,433,616
877,901,616
170,925,616
505,559,617
353,654,617
564,747,618
741,723,618
476,167,618
655,319,618
114,965,620
90,213,620
8,30,621
174,548,621
999,734,621
213,566,621
369,881,622
140,608,622
273,687,623
172,461,623
472,70,624
266,156,624
831,381,625
925,734,626
186,32,626
522,965,626
37,191,627
824,77,627
438,551,627
210,726,628
600,670,628
645,773,628
441,324,629
844,71,629
885,173,629
70,878,629
652,761,630
606,945,630
539,917,630
29,157,630
722,334,630
52,83,631
123,37,631
548,288,632
245,802,633
150,696,634
965,455,634
619,482,635
277,618,635
156,231,636
407,166,637
452,98,637
607,873,637
356,916,637
141,159,637
591,930,638
572,359,638
246,908,639
826,578,640
121,786,640
939,842,641
375,71,642
946,740,644
376,746,644
760,78,645
175,424,645
725,7,645
338,663,645
817,631,645
827,750,645
897,714,646
212,87,646
63,296,646
135,201,646
515,278,647
942,879,647
569,145,647
250,718,648
506,895,648
877,769,649
873,487,649
849,286,649
161,933,649
577,436,649
882,636,651
201,748,651
452,966,651
14,905,652
179,722,653
628,594,653
529,995,653
194,494,654
353,357,654
992,135,655
389,17,655
361,617,656
873,773,656
327,875,657
799,157,657
540,104,657
871,467,657
80,274,658
431,322,658
566,344,658
418,110,659
471,87,660
27,490,660
520,168,660
309,462,660
645,814,661
241,634,661
971,567,661
693,627,662
672,290,662
795,245,662
537,382,663
415,372,665
557,793,665
900,284,665
97,215,665
187,114,665
368,291,665
164,771,667
155,996,668
350,552,668
803,139,668
474,990,668
695,379,669
938,145,669
988,978,669
21,597,669
392,50,670
437,996,670
283,658,670
455,352,670
576,17,670
833,947,670
24,628,671
776,706,671
27,685,671
499,475,672
200,354,674
16,637,677
20,492,677
920,313,678
171,19,679
20,236,679
166,72,680
241,798,680
624,631,680
324,125,682
976,158,683
426,132,683
728,925,683
541,384,683
686,438,684
220,879,684
267,451,684
713,207,685
562,193,686
519,939,686
735,82,687
303,651,688
436,412,688
257,423,688
551,45,689
69,806,689
877,10,689
317,106,690
106,351,690
113,834,691
24,823,693
401,282,693
489,429,693
402,893,693
321,95,694
183,183,695
860,541,695
869,848,696
494,296,696
275,236,697
458,624,697
22,519,698
217,393,698
39,697,699
833,518,699
38,843,700
723,514,700
366,105,701
343,694,701
247,910,701
958,543,702
855,572,703
317,293,703
70,890,703
737,651,704
297,314,704
421,575,705
638,440,705
69,839,706
569,696,706
188,433,706
47,419,706
129,393,706
769,930,706
248,740,707
778,943,707
126,861,707
800,745,707
96,459,707
698,498,707
355,786,707
199,210,708
511,439,709
195,120,709
272,756,710
928,14,711
277,828,711
939,149,711
818,338,711
229,572,711
771,649,712
414,838,713
76,405,714
742,678,714
508,359,714
403,794,715
348,677,716
719,879,716
54,150,716
974,733,716
818,495,717
210,606,717
0,819,717
289,610,718
447,210,719
647,348,719
826,184,719
59,321,720
320,79,721
603,186,721
35,647,721
102,127,722
514,222,722
495,540,722
808,750,724
502,828,724
533,233,724
754,146,725
53,94,725
415,727,726
395,204,727
239,243,728
900,825,728
99,893,729
555,404,729
897,806,729
875,246,732
678,507,732
113,902,733
744,109,733
288,37,734
370,138,734
823,348,735
820,724,735
590,851,735
950,638,735
423,668,735
84,401,735
570,537,735
873,959,736
408,296,736
468,927,736
532,982,736
392,804,737
816,744,738
387,897,738
725,958,739
247,153,739
40,377,739
663,553,740
279,954,740
360,724,740
440,560,740
29,303,741
847,282,741
59,898,742
335,864,742
321,144,742
799,184,743
178,419,743
575,668,743
948,584,744
292,458,746
84,236,747
533,127,747
578,897,748
4,95,748
512,496,748
911,27,748
118,529,748
417,220,749
910,862,749
204,500,749
936,114,750
897,422,750
790,146,750
799,926,751
927,530,751
4,371,753
687,759,753
374,477,754
414,384,754
448,439,754
312,520,754
599,988,755
234,328,756
710,17,756
639,72,756
201,330,757
545,770,758
658,780,759
362,625,760
909,589,760
353,977,761
957,492,761
448,345,761
942,393,761
205,632,761
453,159,762
415,810,763
815,972,764
860,997,764
225,710,764
428,497,765
333,81,765
303,785,766
705,990,766
179,130,766
616,729,766
85,542,767
653,530,769
122,622,770
465,707,771
925,815,772
297,891,772
116,393,773
240,922,774
694,44,775
190,1,776
491,581,777
887,888,779
911,539,779
103,733,780
650,295,781
250,331,781
733,876,781
60,432,783
64,533,783
749,413,783
828,847,785
204,626,785
467,409,785
294,561,786
499,977,786
533,0,787
567,326,787
899,582,788
497,602,788
987,969,788
372,206,790
44,68,790
868,756,791
616,311,791
48,346,792
483,461,792
312,682,792
487,658,792
448,140,793
346,15,793
571,657,793
102,360,793
681,309,794
591,194,794
347,694,795
838,947,799
671,861,799
754,809,799
345,624,802
390,63,802
972,410,803
503,136,804
338,177,804
676,414,806
271,651,806
561,603,806
823,864,807
786,170,807
5,958,808
449,389,808
57,395,808
822,84,808
24,516,811
472,320,811
264,579,811
248,646,811
771,425,812
837,521,812
189,202,812
956,226,813
777,459,813
530,924,813
135,273,813
876,897,814
848,736,814
257,135,814
83,156,815
484,682,816
138,139,817
924,888,817
323,482,817
506,980,817
449,368,818
384,284,818
34,989,819
693,662,819
262,415,819
416,445,820
132,310,820
299,338,820
687,389,820
756,62,821
326,447,821
575,415,822
408,934,822
775,32,823
906,177,823
705,696,825
304,389,825
869,27,825
901,402,825
816,147,826
363,899,827
860,814,827
158,801,827
845,73,828
907,507,828
385,149,829
961,245,829
290,217,830
70,797,831
453,17,832
450,572,832
427,70,833
400,939,833
989,475,833
589,624,833
91,448,834
28,656,834
891,1,835
660,949,835
439,140,836
227,808,836
30,355,836
143,935,837
514,608,837
637,319,837
660,576,837
167,832,837
715,869,838
456,653,838
835,154,839
374,66,839
156,771,839
703,729,839
139,119,840
536,778,841
693,521,841
438,962,841
384,674,841
2,534,842
717,164,842
51,723,842
679,592,844
71,147,845
197,920,845
505,1,845
245,106,845
271,747,845
806,848,846
367,425,847
28,633,847
86,428,847
272,739,848
401,54,848
307,780,849
681,733,849
426,7,849
993,165,850
521,781,850
902,606,851
679,247,851
585,612,851
99,711,851
490,834,852
986,709,852
249,16,853
421,576,854
459,809,854
669,786,854
70,233,854
549,277,855
362,446,856
595,562,857
630,158,858
162,665,858
139,496,859
86,174,859
926,601,859
517,612,859
967,724,860
832,606,860
294,181,861
588,506,861
393,59,862
528,632,862
879,678,862
408,343,862
620,718,863
551,700,864
677,147,864
251,475,864
381,267,865
63,548,865
654,424,866
215,424,867
185,258,867
576,301,867
5,192,869
866,565,869
132,386,870
667,26,870
656,786,870
857,732,870
134,569,870
217,590,870
178,277,870
817,493,871
175,479,871
44,270,873
219,849,874
73,327,874
166,806,874
936,743,875
919,550,875
477,957,876
131,877,877
268,202,878
247,279,878
692,940,879
136,875,880
574,106,881
314,982,881
445,699,882
717,965,882
17,237,883
184,400,883
723,970,884
329,304,884
361,883,884
776,399,884
105,481,885
913,421,886
33,741,887
55,115,887
284,854,887
522,659,888
187,648,888
45,953,888
953,471,888
861,890,888
386,559,888
583,358,889
152,563,889
491,803,890
435,834,892
379,676,893
402,472,893
389,450,893
655,923,894
495,756,895
366,329,897
983,771,898
138,310,899
910,325,900
226,246,900
205,951,901
34,542,901
654,834,902
364,678,902
742,445,903
820,325,903
990,467,903
811,761,903
918,569,903
121,413,903
517,667,904
478,861,904
590,524,904
280,715,905
755,978,905
698,872,905
140,430,907
38,652,908
299,558,909
439,222,910
922,75,910
591,605,910
597,357,910
563,54,910
922,939,912
570,720,912
142,351,912
991,264,912
772,250,913
974,49,913
371,831,914
16,685,914
220,800,914
534,330,915
0,306,915
745,798,915
51,59,915
533,703,916
879,546,916
139,289,917
931,670,917
235,408,917
879,758,917
225,879,918
297,123,918
879,442,919
446,705,920
765,303,921
656,651,922
530,369,922
492,120,923
639,314,923
675,433,923
803,835,923
484,501,923
651,153,924
877,638,926
405,874,926
103,831,929
577,980,929
140,374,929
175,713,930
126,403,930
151,796,930
884,997,931
445,953,931
595,768,931
623,382,931
782,63,931
671,695,932
984,718,932
501,149,932
882,297,932
424,92,932
631,366,933
24,786,933
470,521,933
785,101,933
390,384,933
519,445,934
374,222,935
941,87,937
790,802,937
496,500,937
130,957,938
690,98,939
916,763,940
366,39,941
499,756,943
101,371,943
451,546,944
807,708,945
453,70,945
403,866,945
514,330,946
462,166,946
934,577,947
936,874,947
937,174,947
91,498,947
729,522,947
455,71,947
602,89,948
77,35,948
422,355,948
363,180,949
152,779,949
454,800,949
501,251,949
899,922,949
347,926,949
962,395,949
433,148,949
374,863,949
579,583,949
888,427,949
173,491,949
892,922,950
61,956,950
277,443,950
131,301,951
623,999,951
714,731,951
303,307,951
442,702,951
280,96,951
14,549,952
455,763,952
563,254,954
491,287,954
446,950,954
743,535,954
474,426,954
798,103,955
325,474,955
840,229,955
690,891,956
635,678,956
466,391,956
224,628,957
698,76,957
137,561,957
547,93,957
69,131,957
445,288,958
321,469,958
99,456,959
361,269,959
223,518,959
974,612,960
326,31,960
298,4,960
20,763,964
374,462,966
850,1,966
543,519,966
330,544,966
492,633,967
344,919,967
245,475,967
347,178,968
973,624,968
572,842,968
60,574,969
421,812,969
419,85,970
621,705,972
247,929,972
225,590,972
192,320,973
637,36,973
462,670,974
463,454,975
182,469,975
971,742,975
662,707,976
611,412,978
263,670,978
286,557,978
487,749,980
299,751,980
358,240,980
567,895,981
856,536,981
473,265,981
888,76,981
817,125,981
511,212,981
433,897,982
764,777,982
639,118,982
533,862,983
987,682,984
860,823,985
20,472,985
159,353,985
373,398,985
703,210,985
939,513,987
28,258,988
622,724,989
508,685,989
455,655,991
638,494,991
172,239,992
530,693,992
837,37,992
580,795,993
455,135,993
545,653,993
803,761,995
561,719,995
529,109,995
200,856,995
808,734,995
82,698,996
503,996,997
938,156,997
518,900,998
646,600,998
578,489,1
307,147,1
370,289,2
301,843,3
38,468,3
453,329,6
126,581,7
148,912,7
456,645,9
521,813,10
230,531,10
374,341,12
737,891,12
732,311,13
197,100,14
645,572,14
250,84,15
977,201,17
623,31,18
880,445,19
692,778,20
867,475,20
573,568,24
26,820,27
612,712,30
529,775,32
748,97,33
474,72,33
366,909,37
798,382,39
91,752,40
578,857,40
572,499,45
112,827,47
844,568,49
739,856,50
613,112,51
618,383,51
63,733,52
887,632,55
696,225,55
994,273,56
164,793,56
339,626,58
720,748,60
878,940,61
630,290,62
461,469,62
214,383,62
301,676,62
2,516,63
657,403,63
41,741,70
814,735,71
662,603,71
470,500,72
669,282,72
443,920,72
888,134,72
883,863,74
45,597,75
75,104,80
997,601,81
589,497,82
371,61,83
797,338,84
531,655,86
534,422,86
131,919,86
764,614,87
580,404,89
646,394,90
931,847,90
334,566,92
899,87,96
663,477,101
318,560,102
983,391,102
41,96,104
671,616,104
958,367,105
397,622,106
78,812,106
552,388,107
349,82,107
853,436,109
720,635,109
112,698,110
6,222,111
612,496,111
475,211,112
777,641,113
564,315,113
766,153,114
113,728,115
852,303,115
181,731,115
126,376,116
692,845,116
109,736,117
154,638,117
224,853,117
677,162,120
638,344,120
495,787,124
286,313,124
374,948,125
98,64,127
695,863,130
201,522,130
935,30,131
293,506,133
80,773,133
319,270,133
763,771,140
687,539,140
820,221,141
396,642,142
661,141,143
894,400,144
504,391,150
677,157,150
561,227,152
695,673,153
988,108,155
475,686,156
120,870,158
568,752,159
851,776,159
168,533,161
541,678,161
25,950,162
649,855,163
126,756,164
178,565,164
203,966,164
42,131,165
779,299,167
709,570,167
948,165,169
634,376,170
845,366,170
333,13,175
557,965,176
657,123,176
83,980,176
454,410,176
975,407,178
96,874,180
16,210,181
555,445,191
284,824,193
487,656,194
189,876,195
170,547,195
309,560,196
918,307,198
334,214,198
491,425,202
410,384,202
790,676,202
102,750,202
418,599,202
130,889,205
295,831,206
255,426,207
63,991,207
217,653,207
433,545,209
886,240,210
877,658,210
452,735,211
829,144,211
249,681,211
457,856,214
133,812,219
635,192,219
102,792,219
616,332,220
789,830,220
551,219,223
182,532,224
989,318,224
126,272,230
748,964,231
478,64,232
965,889,234
651,323,235
248,502,236
226,101,236
179,143,239
686,869,239
272,252,242
592,832,244
243,367,244
481,63,248
836,569,251
765,854,253
684,751,255
405,263,256
87,182,256
91,797,257
945,71,259
948,402,260
926,998,260
78,144,266
977,411,267
587,543,271
205,813,274
666,52,275
415,598,275
308,223,277
999,894,281
629,191,284
14,433,286
602,874,287
595,16,287
208,571,289
896,639,291
455,893,292
73,946,293
1,761,298
350,567,299
953,352,303
395,642,303
296,268,309
260,886,311
178,973,314
576,471,314
374,21,316
677,995,320
480,174,321
219,586,322
582,702,322
214,840,322
559,280,323
674,247,323
76,561,323
765,766,324
404,63,324
506,331,324
846,437,325
241,857,326
471,541,328
332,495,328
504,993,332
545,669,332
799,878,333
201,399,333
763,220,336
638,841,336
864,304,337
687,413,337
145,682,338
247,696,340
272,613,340
906,126,341
197,923,342
993,384,345
416,589,345
845,52,346
467,882,346
121,893,350
785,294,353
465,903,355
343,233,355
887,253,358
819,15,358
582,123,360
728,370,360
80,965,362
883,716,362
193,994,365
238,409,365
891,998,365
112,80,368
980,158,368
422,451,373
260,58,373
602,721,376
546,87,376
609,648,377
252,48,378
534,95,379
602,417,379
659,833,380
281,4,381
398,619,382
156,723,383
671,279,388
166,466,390
732,308,391
305,335,394
439,487,395
403,500,396
207,621,398
92,179,398
377,648,398
618,360,399
961,618,399
57,444,399
50,88,400
787,393,401
161,15,403
669,882,404
360,715,404
268,34,407
631,190,408
391,469,409
377,304,409
427,750,409
593,99,409
855,363,409
108,897,410
937,79,410
93,198,412
195,782,413
899,993,416
392,420,416
34,71,418
183,181,418
740,103,418
573,755,420
680,907,430
61,647,432
29,920,433
887,296,435
350,508,436
337,175,438
87,887,440
610,952,442
569,955,444
208,299,445
975,798,448
247,514,449
180,352,449
68,693,449
443,202,452
186,226,453
801,999,455
121,954,457
63,38,457
409,23,460
481,277,461
249,353,463
576,760,464
655,941,464
192,226,465
141,478,466
833,30,470
126,348,475
214,348,476
515,66,476
639,176,478
35,506,479
563,270,479
764,189,479
517,231,480
833,586,484
178,410,484
153,938,487
513,306,490
771,668,491
356,507,492
390,234,492
656,655,493
640,402,493
603,248,493
23,888,494
66,304,495
643,59,499
591,356,502
938,824,503
37,288,503
105,406,507
405,480,507
451,776,508
670,863,509
749,297,509
398,781,511
124,171,511
585,241,512
753,300,512
265,997,515
345,363,519
763,848,520
545,145,521
93,981,521
747,26,523
641,444,523
380,326,524
557,52,528
451,12,529
226,108,530
651,770,532
541,617,534
119,55,534
951,789,534
197,895,535
213,353,536
628,115,537
22,463,537
359,620,537
352,597,537
139,165,539
715,845,541
197,473,542
176,628,543
125,517,545
740,171,545
760,702,547
367,154,548
435,551,548
412,153,548
98,448,549
527,486,549
360,585,549
495,863,554
904,590,554
344,397,560
949,723,561
485,4,561
739,300,563
267,182,564
135,393,565
844,270,565
555,551,565
560,351,570
37,318,570
562,405,571
161,364,573
988,312,574
151,637,574
452,652,576
812,205,577
38,615,577
727,406,578
537,241,578
93,658,579
911,236,580
530,147,582
45,144,583
71,78,584
648,833,584
178,284,586
874,688,587
671,574,588
893,987,588
368,453,588
773,322,588
283,440,589
303,38,592
795,764,593
866,269,593
484,296,597
99,387,597
645,266,599
258,307,600
168,339,600
807,363,601
802,843,602
293,251,603
131,416,603
67,823,604
249,317,610
56,371,613
772,483,613
489,97,615
963,409,615
702,791,619
691,16,619
69,803,620
370,617,622
443,435,623
205,360,623
477,674,623
741,145,625
303,365,626
254,614,627
266,636,629
31,941,631
937,148,634
703,218,636
867,330,641
764,628,641
3,635,642
871,775,646
828,165,646
535,559,646
582,848,648
112,821,649
65,920,649
424,680,650
938,164,650
139,748,652
434,533,652
859,458,653
568,282,654
19,137,655
865,340,656
14,473,656
131,238,656
154,281,657
984,319,657
803,493,659
661,124,659
62,254,659
194,310,659
155,12,661
545,602,664
369,880,666
216,423,666
927,819,668
133,199,669
689,159,669
292,858,670
587,865,671
764,31,672
213,911,673
926,683,674
890,67,675
287,631,676
970,868,676
412,447,678
459,465,679
298,757,679
75,349,680
545,66,680
506,648,680
667,251,680
826,885,682
616,545,683
721,510,687
566,836,692
842,650,693
953,54,696
569,992,696
621,607,697
494,141,699
324,125,700
513,930,700
277,938,701
966,894,702
92,567,703
1,57,704
597,773,704
759,698,707
56,584,707
269,389,708
482,852,708
725,3,709
351,120,712
74,793,713
231,240,714
619,890,714
232,577,714
156,717,715
278,946,715
651,423,716
341,372,717
756,149,720
782,684,722
709,408,722
32,157,726
920,47,726
781,992,727
802,69,727
509,799,728
505,546,728
35,714,729
839,587,729
911,462,731
428,46,731
871,370,732
404,810,733
222,104,734
128,968,735
921,83,736
426,645,737
311,432,738
88,907,739
180,893,739
442,85,740
319,414,740
602,434,740
485,183,744
117,13,748
341,174,750
629,815,751
183,941,751
987,416,751
567,932,752
791,16,755
871,596,755
241,564,760
996,788,766
628,571,769
37,3,772
841,880,773
73,770,775
188,966,775
621,316,776
986,926,777
864,783,777
38,429,778
589,678,778
567,109,781
531,143,782
784,138,783
940,998,783
289,447,785
186,408,790
313,777,790
168,915,790
493,913,792
413,488,792
642,177,793
374,723,797
98,767,797
29,119,799
582,935,800
86,625,801
468,108,802
948,4,804
108,809,806
268,432,806
162,224,807
621,668,807
885,724,810
206,926,811
285,83,811
378,548,813
761,792,813
922,961,813
937,753,816
232,993,817
665,149,817
672,197,820
361,637,822
447,340,822
630,600,825
209,279,827
913,886,830
394,715,831
263,454,832
608,147,832
172,67,833
39,107,834
449,159,835
922,310,836
325,603,837
886,785,838
231,542,841
149,30,841
836,635,842
12,326,844
838,475,845
468,810,848
844,681,849
134,713,850
849,575,850
515,808,851
475,182,852
402,971,853
469,343,854
784,339,855
830,692,856
496,40,857
441,57,857
506,268,859
689,243,859
557,445,860
829,990,863
304,653,865
944,515,866
369,678,866
513,815,869
426,435,869
707,836,870
957,808,870
658,362,871
908,807,871
219,950,871
733,307,873
757,66,875
641,569,876
619,802,876
116,691,877
695,129,878
50,29,879
655,81,880
40,208,880
691,260,881
140,512,881
693,31,881
892,342,881
36,204,881
950,935,881
798,518,882
902,486,882
40,672,882
644,733,885
302,157,887
453,783,889
595,843,889
943,691,890
453,372,890
729,988,893
783,731,895
223,628,897
368,697,898
282,340,898
893,284,899
89,792,901
877,557,902
488,738,904
369,128,907
780,279,907
106,490,911
315,312,912
492,279,915
98,359,915
544,7,918
173,568,919
24,379,921
115,517,922
33,606,922
152,528,925
582,432,926
180,706,926
410,334,929
727,796,929
365,809,930
728,757,930
58,790,931
688,389,934
569,576,941
57,286,941
425,851,941
975,424,941
153,580,942
682,307,942
848,265,944
292,363,948
810,456,950
266,958,950
410,811,953
794,944,954
3,469,955
646,866,958
427,204,960
836,646,960
911,232,962
911,61,963
424,849,964
489,93,967
959,106,968
393,500,968
302,951,968
563,172,968
265,201,969
823,159,969
984,215,972
859,631,973
190,288,975
254,63,977
507,994,979
499,191,980
820,868,981
578,47,984
329,744,985
231,567,985
510,880,985
725,299,985
323,58,986
948,446,989
866,187,989
343,558,990
542,319,992
379,389,994
605,590,995
552,415,996
659,319,997
1,738,998
986,922,998
280,242,999
233,963,999
694,417,4
495,275,4
357,824,4
711,981,5
33,620,6
784,601,7
482,59,8
54,279,9
110,510,10
86,465,12
135,485,12
932,981,12
614,728,13
948,624,14
374,546,14
766,437,14
175,6,15
366,124,16
554,166,16
202,415,17
404,309,17
40,482,18
825,36,18
700,794,19
715,294,21
355,420,22
76,667,23
901,276,24
277,137,24
570,686,25
726,43,25
593,3,26
658,455,27
822,32,29
66,167,30
420,954,34
551,923,35
123,797,36
646,417,37
64,657,38
903,783,39
25,802,39
45,482,41
485,982,42
124,912,43
837,824,44
225,524,44
663,554,46
59,316,46
99,855,47
924,754,48
567,830,48
270,823,49
6,145,51
753,217,51
135,545,54
693,896,54
735,227,55
694,927,55
607,650,58
829,993,60
167,992,64
625,849,64
450,24,64
40,226,66
315,791,66
841,581,67
820,265,67
193,544,67
734,517,67
214,608,67
1,418,68
209,82,69
558,594,70
56,634,72
395,487,76
739,147,76
463,988,77
52,514,77
459,103,77
348,605,79
985,759,79
637,325,81
270,357,82
592,693,84
300,106,84
844,704,85
249,828,85
957,173,88
937,442,89
905,837,89
354,754,90
102,266,91
75,440,92
50,205,94
647,320,96
192,975,98
905,94,100
57,971,100
890,420,100
359,350,101
745,266,104
140,394,104
512,657,105
11,371,106
663,491,106
460,967,106
675,172,106
634,401,109
644,158,109
105,496,109
337,380,111
730,663,113
598,816,113
321,358,114
390,950,115
99,745,115
10,982,116
172,962,116
404,225,116
74,666,120
329,364,120
764,837,121
76,650,121
619,313,124
998,573,126
27,77,127
676,835,127
486,601,129
935,464,129
371,775,129
64,578,130
778,804,131
527,494,131
626,839,133
210,567,134
56,194,136
666,105,136
998,571,137
529,855,139
511,839,140
729,841,141
557,293,142
238,189,142
803,414,144
676,612,145
292,953,145
924,760,147
963,192,147
751,146,150
768,452,150
58,334,151
337,941,151
321,772,152
993,88,153
410,90,153
562,629,153
825,382,153
348,284,154
386,978,155
473,617,156
571,186,160
702,88,161
290,750,162
688,892,163
658,804,163
828,403,164
853,713,165
147,331,165
76,621,165
485,273,167
85,402,167
151,741,169
167,744,169
881,702,169
701,966,169
370,775,170
148,159,172
823,890,173
827,320,173
63,522,173
106,480,173
272,610,175
867,356,175
765,785,177
334,756,179
196,806,180
378,390,182
620,89,183
746,576,187
859,210,188
705,545,192
562,130,192
153,186,193
983,874,193
295,53,194
992,440,196
950,182,199
468,154,202
793,626,204
115,704,204
32,828,205
579,321,207
953,905,209
116,474,211
444,107,211
187,235,211
290,759,212
353,473,212
124,811,218
35,862,221
756,767,221
925,340,221
31,59,225
553,993,225
576,609,226
13,67,226
854,135,230
100,368,233
178,278,235
490,470,235
911,823,236
689,562,236
142,964,237
541,691,239
667,293,239
608,323,241
484,673,243
803,111,243
77,77,244
511,782,245
217,348,247
601,944,249
801,990,250
869,445,251
680,425,252
977,101,252
937,95,252
494,654,255
167,614,257
886,412,259
129,116,261
520,545,261
585,322,261
62,602,262
656,603,262
213,793,266
359,19,267
71,212,267
257,812,269
688,117,269
64,228,271
138,95,272
349,84,273
12,161,273
434,481,274
667,362,274
774,395,275
71,333,275
618,450,278
298,127,279
985,842,280
516,602,280
832,382,281
987,642,281
277,58,282
662,699,282
170,490,285
650,971,287
930,631,287
616,792,287
446,999,288
995,2,290
720,4,291
350,537,292
348,553,293
773,875,293
757,732,296
544,79,296
894,756,297
191,636,299
500,928,299
750,340,300
853,339,302
835,901,302
201,535,302
5,58,302
535,916,303
433,394,304
136,54,306
287,856,306
620,856,306
707,392,307
473,821,307
535,624,308
13,550,309
375,50,309
767,445,310
304,19,311
701,973,315
988,886,317
275,586,317
654,833,318
534,360,319
806,13,320
913,510,321
683,476,321
499,183,321
44,801,322
817,392,323
421,937,323
313,845,323
577,294,323
397,375,323
787,964,323
118,377,326
106,90,327
984,559,328
824,605,328
33,996,328
854,607,329
339,681,329
701,944,330
244,201,331
4,779,332
666,438,332
365,144,333
518,727,333
633,664,335
799,326,335
300,273,337
219,966,337
270,177,337
872,360,338
424,908,338
705,851,338
944,242,338
688,212,339
426,16,344
471,376,345
842,221,345
56,993,346
347,154,346
656,929,347
362,862,348
80,115,349
86,596,350
328,786,351
202,311,353
155,936,355
11,307,357
757,605,357
741,496,359
510,663,360
646,605,360
625,883,360
920,181,361
919,199,363
74,285,363
766,733,363
651,248,363
708,158,365
636,512,365
1,879,365
657,183,366
554,283,366
728,188,367
64,889,369
524,580,369
265,926,369
440,949,369
500,841,372
154,529,373
381,993,374
70,40,374
552,760,374
688,122,374
850,618,375
908,103,376
594,438,376
752,658,377
3,983,380
882,843,382
164,799,383
960,621,383
332,265,383
91,200,384
75,107,385
506,46,387
631,878,388
509,264,388
721,16,388
936,515,389
408,344,390
493,388,390
841,548,391
555,312,393
424,818,394
808,15,395
709,238,396
862,102,397
42,117,397
492,48,397
808,197,401
195,95,401
476,965,402
96,375,402
478,287,403
856,933,403
270,854,403
663,993,403
104,888,404
824,821,404
701,496,405
572,754,405
797,145,405
186,318,406
454,225,407
130,914,408
685,817,409
914,672,410
115,918,410
388,315,411
433,201,412
209,129,413
250,561,413
144,123,413
552,203,414
629,171,415
314,273,416
232,483,416
517,312,417
998,781,418
153,109,419
3,121,420
283,316,420
452,791,420
971,296,421
972,263,422
166,859,422
243,732,425
429,253,425
760,579,425
806,359,425
114,299,426
151,433,430
189,929,430
458,262,430
646,941,430
506,878,430
28,158,430
585,66,430
566,228,435
217,960,435
379,94,437
253,708,437
14,390,438
507,820,438
957,640,439
858,420,439
491,924,439
406,369,439
318,307,440
841,504,440
217,307,441
728,434,441
251,605,442
759,613,444
759,474,444
607,450,445
151,421,445
400,998,447
463,977,449
15,387,449
995,429,451
189,548,454
37,791,456
725,352,457
229,446,462
466,599,463
816,684,463
766,50,465
591,783,466
979,932,466
691,249,468
198,643,468
763,692,469
155,682,469
153,271,470
142,207,472
459,132,473
779,233,474
129,397,474
602,688,476
587,671,476
17,357,476
525,488,478
474,380,478
575,776,480
514,928,480
288,166,480
151,667,482
722,300,483
381,809,483
202,321,486
380,142,487
219,285,487
372,575,488
772,873,490
149,639,491
410,863,492
194,618,492
699,119,493
515,187,494
258,921,495
193,176,496
537,483,496
915,360,497
114,632,497
854,752,499
848,482,501
309,821,501
85,590,502
139,271,504
304,30,506
968,228,508
971,131,509
504,162,509
491,135,509
972,861,510
881,172,511
597,590,514
835,422,515
751,166,518
833,577,519
936,182,520
75,686,521
922,767,521
62,720,522
876,436,522
826,255,523
593,272,524
837,539,525
658,697,525
841,215,526
915,121,526
221,908,526
914,743,529
789,715,531
506,683,532
898,918,535
520,179,537
533,308,537
621,30,538
702,155,541
923,553,542
938,86,542
488,972,544
724,184,544
675,904,547
608,838,547
131,752,547
830,487,549
447,926,550
697,454,550
158,47,550
917,584,552
598,138,556
480,188,559
44,649,560
978,319,560
795,223,563
783,199,569
46,272,569
725,704,569
970,631,570
295,326,570
546,781,572
899,572,574
460,971,574
728,297,575
113,24,576
902,583,577
231,706,580
417,921,581
571,854,582
910,695,582
306,958,583
603,2,584
693,251,584
690,204,585
366,476,587
725,784,587
720,18,590
349,393,590
317,291,592
4,610,592
791,87,594
247,118,594
225,419,595
855,997,595
587,206,596
404,793,599
866,703,599
297,379,602
970,660,602
486,936,602
867,2,602
356,485,603
203,865,603
279,647,603
924,747,604
458,49,607
573,756,610
500,546,611
170,107,611
619,612,612
137,864,613
580,427,614
362,934,616
64,381,617
463,269,618
515,478,619
879,733,622
744,342,623
509,930,624
936,752,626
670,30,628
793,751,628
479,712,629
583,421,629
978,630,630
741,330,630
646,587,631
382,130,632
629,43,633
810,573,633
201,41,633
495,212,635
940,579,636
160,906,638
454,967,639
433,934,640
575,866,640
101,263,640
914,761,640
507,140,641
270,35,641
840,995,641
645,617,643
201,873,644
129,700,644
991,597,644
663,261,647
574,263,650
432,767,652
166,869,653
124,930,653
35,675,653
42,950,654
451,357,654
937,50,656
89,641,658
9,870,660
656,782,660
203,183,661
326,57,661
387,144,662
989,529,662
394,37,663
388,147,663
606,500,665
567,1,665
115,781,667
573,867,668
815,363,669
725,614,670
156,807,673
434,51,673
17,15,674
160,756,674
234,220,674
212,606,674
358,48,675
876,505,675
320,710,675
345,662,676
444,828,676
929,731,678
693,216,679
507,16,681
751,5,681
83,557,683
610,748,684
689,939,684
111,847,685
803,919,685
691,612,685
261,41,686
293,579,688
407,529,688
680,748,690
370,32,691
513,999,694
18,947,695
523,153,695
418,675,697
49,293,700
6,182,702
271,802,703
231,59,704
80,863,705
395,845,706
196,672,707
220,542,709
993,570,709
341,834,710
253,60,712
283,832,712
987,23,713
463,185,715
190,4,715
969,294,716
917,154,719
162,109,720
750,380,721
94,994,721
824,778,725
397,427,726
637,134,726
894,649,728
55,993,729
621,406,730
844,395,731
75,972,731
605,123,732
939,209,736
598,44,736
576,423,737
68,765,737
890,192,738
201,415,739
429,467,740
956,877,740
437,42,740
882,919,741
485,648,745
971,61,746
478,98,748
676,379,751
747,724,752
519,201,753
538,588,754
507,16,756
462,748,756
936,14,759
715,67,761
163,566,761
914,35,763
785,767,764
583,333,764
406,686,765
372,302,765
151,724,765
736,21,767
268,878,767
325,808,768
562,223,768
794,818,768
55,445,769
369,224,770
865,128,773
961,790,773
544,769,774
727,249,776
833,887,776
425,574,777
923,825,777
814,437,778
785,601,778
679,5,778
797,504,778
351,937,781
155,777,781
837,28,782
159,883,784
909,639,789
871,386,790
387,300,792
30,98,793
31,441,794
794,141,796
699,659,797
539,544,797
246,742,799
956,577,800
410,503,801
471,276,803
878,141,803
629,914,804
664,720,804
827,398,805
938,876,807
385,84,807
815,105,808
140,784,809
44,474,812
20,387,813
927,647,813
448,486,815
880,210,815
516,770,815
362,534,816
463,754,817
625,990,817
536,920,817
180,7,819
63,199,819
189,587,822
316,611,822
114,906,822
766,491,823
211,913,824
476,349,827
939,952,829
504,159,829
554,145,829
708,966,830
889,296,831
725,153,832
277,827,832
718,795,832
53,337,833
175,354,834
265,380,835
743,939,835
567,818,836
946,363,836
936,549,837
65,59,838
357,416,839
949,58,839
698,6,839
467,387,839
633,341,840
238,498,840
380,875,841
253,822,841
864,445,842
255,675,842
441,668,843
226,333,844
379,376,844
648,733,845
75,536,846
517,663,847
10,78,847
519,151,849
812,404,849
121,242,850
688,356,852
279,974,852
308,875,854
488,460,856
745,46,858
368,480,860
226,314,861
881,698,862
471,115,863
437,629,864
439,195,868
419,23,868
55,693,868
832,21,868
944,948,871
68,958,872
235,682,874
642,345,876
572,933,876
541,686,876
553,440,877
105,501,878
948,793,879
579,155,880
120,340,880
733,70,881
82,575,883
637,479,883
616,199,883
579,994,884
771,921,885
739,571,885
709,884,885
270,596,886
460,426,886
327,991,888
81,597,889
209,642,889
550,27,889
995,253,889
488,85,891
559,408,891
811,990,892
899,172,892
344,256,893
399,210,894
3,416,896
323,796,897
544,683,898
769,0,898
530,171,899
642,952,900
204,924,901
212,591,902
739,332,902
570,163,903
934,628,903
745,636,905
180,915,905
491,491,906
430,720,907
129,812,907
69,109,908
5,908,908
45,657,908
538,741,909
406,429,910
575,81,911
668,105,911
562,685,911
934,420,912
762,167,914
516,390,914
457,67,915
630,580,915
547,846,916
16,86,917
30,780,917
518,330,917
266,272,918
534,175,919
987,526,919
442,494,920
219,3,921
896,595,921
652,207,922
45,409,922
32,57,923
412,780,923
180,713,924
412,592,924
50,474,925
898,382,926
788,946,928
854,125,928
120,552,928
223,513,929
140,226,930
117,962,931
552,816,931
130,343,931
635,530,936
743,696,936
818,563,936
594,64,939
755,270,939
689,135,939
827,131,942
509,305,942
855,775,943
904,251,944
843,524,945
613,318,946
58,45,947
314,439,947
269,439,948
888,916,951
292,249,951
933,968,952
209,297,955
308,120,956
20,989,958
216,314,959
361,294,960
401,127,960
483,350,960
887,277,961
685,888,961
604,602,963
268,502,964
524,501,966
570,515,970
23,565,971
473,859,973
927,567,973
321,451,973
106,405,974
973,927,974
44,607,974
447,514,976
674,953,976
717,217,976
580,62,977
503,660,977
601,494,978
529,344,979
863,798,980
548,320,980
869,640,981
833,498,984
232,347,985
966,186,987
736,210,987
79,42,988
253,607,988
177,380,991
510,343,993
663,472,993
487,969,994
27,813,995
331,752,995
214,257,1
425,997,3
217,118,4
338,392,4
529,310,7
886,808,7
774,862,8
462,708,9
401,413,10
984,997,11
793,389,12
631,822,12
775,402,12
544,764,14
936,824,19
997,803,20
970,488,20
717,232,20
913,378,21
644,525,22
738,684,23
805,158,29
92,991,30
130,495,30
601,647,30
279,436,31
548,724,32
28,598,32
803,871,33
258,809,33
176,90,38
104,542,39
6,540,40
922,845,41
945,809,41
622,884,42
587,208,43
86,41,44
754,79,46
817,806,47
371,155,47
635,566,47
422,497,48
37,262,48
20,1,48
982,304,49
724,903,51
107,201,51
556,851,52
174,140,53
807,897,53
486,943,53
337,378,54
121,3,55
837,390,55
758,887,55
122,516,56
913,973,58
369,172,59
304,234,63
343,673,63
274,188,64
192,48,64
14,187,66
366,644,68
627,690,68
727,540,69
474,855,69
390,211,71
195,728,72
220,328,73
970,637,75
746,831,75
770,798,78
577,982,78
26,183,78
546,742,79
638,115,80
258,857,82
521,180,82
764,137,82
302,370,83
912,917,83
940,376,84
604,273,85
590,888,85
422,975,85
388,887,86
872,481,86
584,707,88
4,813,88
169,609,89
575,77,91
429,165,92
266,227,94
355,262,95
289,610,95
208,752,97
100,466,99
773,240,101
570,249,102
821,487,103
456,803,104
910,453,105
880,99,105
743,2,107
257,641,109
915,190,110
623,437,110
703,825,111
432,943,113
949,206,113
612,463,113
886,30,114
440,879,115
641,810,115
163,459,116
694,548,119
485,935,120
910,314,120
339,766,124
719,183,125
179,964,126
815,952,127
560,910,127
701,547,129
424,178,132
382,89,132
995,190,132
371,89,132
709,286,134
263,266,135
798,653,138
942,954,138
5,820,139
624,690,140
450,936,140
627,583,141
19,252,142
993,65,142
16,254,143
61,123,144
736,965,144
68,82,145
933,136,147
874,916,148
15,799,148
578,943,149
608,140,149
139,847,149
362,965,151
475,315,151
527,794,152
998,700,152
127,393,155
207,606,156
229,747,158
703,495,158
19,593,158
627,86,160
47,746,161
123,208,161
286,470,163
260,55,164
160,156,164
787,254,165
376,870,165
201,928,167
734,430,167
634,316,167
775,504,168
244,371,168
462,395,169
678,425,169
408,848,169
350,821,169
539,977,171
16,15,177
720,142,177
796,187,177
137,546,177
790,844,178
308,409,179
62,792,179
671,185,179
63,28,180
969,185,181
782,521,181
408,726,182
626,892,182
716,760,183
39,138,186
143,808,187
550,714,187
421,570,188
75,701,188
922,380,188
56,897,188
807,397,189
353,703,190
554,858,193
96,280,194
239,501,196
711,185,196
299,986,196
166,293,199
892,650,199
2,77,200
831,683,200
603,721,202
31,330,202
966,21,205
897,199,207
992,408,208
864,641,208
16,24,208
689,876,208
992,685,209
514,170,209
456,229,211
808,621,212
559,312,213
143,65,214
181,971,214
547,144,216
27,720,217
105,820,217
877,165,217
990,323,219
743,629,219
221,857,219
548,224,220
580,710,220
906,699,221
806,499,221
444,995,223
849,963,224
983,41,227
58,198,227
795,667,228
304,456,228
213,139,228
520,355,229
566,699,232
