625,760,0
500,434,8
258,391,12
585,641,16
492,998,22
55,392,28
764,165,37
559,769,44
99,63,51
657,789,56
860,910,65
865,873,71
933,853,77
835,868,88
878,929,94
973,966,106
61,736,113
256,639,121
788,887,124
329,866,131
935,774,143
717,755,157
402,374,165
116,900,171
262,654,177
48,604,182
440,243,189
718,357,199
391,658,208
585,452,215
210,394,226
98,693,236
114,396,248
807,376,258
217,33,266
309,910,274
916,991,277
302,259,283
804,897,290
668,747,295
785,241,305
394,78,315
3,631,321
323,98,326
174,950,334
20,423,344
591,348,354
191,333,365
643,998,381
923,489,387
150,8,394
386,353,399
121,264,408
348,837,419
560,316,423
293,779,427
71,219,435
0,446,443
981,572,450
655,694,457
179,530,461
594,51,466
507,690,473
991,74,484
878,845,499
996,798,507
806,168,515
738,372,521
282,443,534
331,926,543
889,351,548
553,771,559
797,845,571
511,789,576
319,724,581
622,272,586
444,41,595
18,175,609
279,796,616
358,383,626
470,662,635
110,345,640
541,602,644
918,348,651
429,105,659
285,444,662
768,480,669
326,272,673
824,553,681
526,639,688
340,926,693
652,724,701
821,204,706
259,42,713
256,733,719
148,314,730
331,393,739
426,241,743
571,699,757
169,21,770
876,203,778
93,48,787
960,151,792
776,879,801
854,170,809
205,862,813
633,300,822
440,402,828
135,849,839
608,932,846
206,568,858
503,247,870
872,112,876
648,977,889
422,316,894
543,817,905
244,234,911
456,908,921
101,533,926
347,706,933
483,406,940
611,983,948
740,320,951
607,393,960
637,515,970
250,990,979
336,50,984
811,503,994
983,269,0
281,279,14
237,98,20
127,366,27
503,103,34
410,733,43
311,450,49
175,419,59
715,665,69
354,481,84
831,208,91
257,542,100
458,153,109
474,64,119
50,498,127
770,602,136
74,150,141
762,614,146
537,40,152
744,584,160
543,167,166
960,313,171
600,16,178
275,911,184
356,987,189
201,335,195
585,109,208
862,447,211
112,597,214
30,840,219
9,73,225
560,783,232
28,114,237
465,704,248
671,740,256
893,97,263
242,187,267
867,846,273
20,708,284
148,379,292
559,343,299
465,146,305
835,586,317
877,921,328
911,708,332
635,369,337
373,636,345
835,49,353
578,92,365
742,130,373
408,969,381
768,473,389
878,601,394
499,831,402
110,418,405
721,619,411
602,950,419
82,410,431
239,501,434
284,569,438
238,246,447
719,203,456
771,957,463
565,820,472
627,332,479
230,889,487
221,887,497
230,62,507
583,231,514
737,913,518
484,391,523
802,711,543
47,940,549
852,614,554
131,532,560
834,651,572
505,125,578
642,194,583
688,350,590
741,111,599
919,882,606
19,15,617
725,57,622
712,381,631
570,826,640
367,586,648
731,950,654
848,113,660
149,185,669
858,189,677
530,621,684
320,569,695
13,731,706
244,930,719
780,577,728
55,951,735
544,378,744
251,682,750
673,51,757
664,582,765
192,815,767
819,317,775
235,5,786
92,974,795
747,329,801
613,919,806
312,413,813
719,288,817
865,197,824
287,541,832
619,42,846
814,636,856
466,621,862
861,396,875
605,23,884
501,661,890
256,824,899
915,716,906
172,498,918
513,855,924
193,905,933
671,249,942
696,716,948
139,183,963
138,816,976
14,732,983
120,435,988
184,62,993
772,497,0
610,960,4
736,710,10
636,3,19
27,513,26
793,397,36
507,837,42
798,756,47
590,388,59
26,831,63
114,533,73
763,872,80
663,546,89
343,408,97
402,986,102
979,447,106
959,634,115
902,274,123
346,656,131
483,189,139
503,192,146
651,916,150
888,534,154
899,651,166
564,539,174
738,556,187
862,199,195
278,777,204
489,556,213
613,347,221
774,73,228
166,934,234
891,551,243
313,945,249
245,436,254
689,120,266
923,765,273
509,737,278
59,965,283
823,931,290
334,689,295
315,828,297
7,44,303
962,714,308
581,766,312
122,377,324
112,929,334
535,930,344
249,650,350
335,836,358
719,198,367
22,792,373
735,595,377
132,269,381
748,210,396
351,636,409
80,438,415
789,223,422
116,452,432
668,861,439
134,721,449
884,803,459
734,202,468
919,764,474
664,528,485
489,899,488
694,762,498
405,407,510
809,960,519
355,232,524
564,114,534
705,990,538
761,541,542
913,149,551
958,241,558
830,44,568
553,595,575
869,962,583
639,316,590
775,661,599
474,4,608
650,655,620
571,758,629
940,517,635
862,343,642
29,623,653
340,226,658
369,436,672
833,399,681
672,361,694
27,693,699
714,629,706
122,686,713
816,633,727
225,961,738
272,498,744
510,540,753
407,649,757
512,357,765
186,372,767
658,640,772
641,995,777
445,735,783
789,160,795
343,613,802
78,417,810
480,664,820
584,629,824
999,897,832
86,945,837
887,644,845
923,734,853
289,539,866
122,711,875
407,510,886
449,461,893
515,775,903
26,523,911
796,172,921
591,365,933
882,352,936
431,199,948
877,241,953
608,651,958
987,844,969
301,803,976
24,260,981
213,933,991
620,25,1
848,607,9
906,702,23
766,374,33
932,369,42
187,135,48
257,416,60
297,551,81
846,897,86
471,895,94
961,314,105
322,924,110
215,52,119
790,192,128
133,176,145
322,21,158
45,77,171
65,400,179
117,956,189
989,928,195
277,855,203
89,721,218
558,36,228
323,894,236
332,917,248
212,499,256
658,674,264
642,383,273
72,230,282
390,206,296
257,520,300
336,937,309
578,393,315
869,110,323
247,468,334
92,176,339
990,198,349
792,70,352
854,105,361
835,90,366
826,992,371
884,522,382
995,559,401
787,786,411
575,901,423
247,955,433
157,338,436
756,274,444
345,282,456
996,678,468
712,810,484
777,212,496
175,536,503
968,14,518
398,132,528
866,954,534
640,868,545
755,867,558
655,125,576
709,767,583
895,459,600
908,803,614
855,424,622
62,772,629
37,333,640
215,671,653
233,986,664
613,994,674
120,575,689
185,2,695
592,222,705
629,695,712
764,276,724
466,437,731
224,472,740
835,967,754
759,233,774
762,0,786
119,111,796
576,600,801
278,370,808
160,469,819
73,583,831
670,369,840
325,44,847
619,690,869
447,762,876
839,689,887
13,366,895
502,800,907
485,979,922
602,123,927
461,392,940
184,461,955
129,817,966
315,332,971
8,185,978
828,744,987
