604,887,3
556,497,4
218,702,5
445,41,5
109,630,5
37,876,5
713,537,6
623,254,7
50,815,7
971,650,8
430,762,8
616,758,9
249,748,10
338,176,11
596,907,11
774,985,12
938,752,13
434,341,13
765,615,14
77,848,15
812,484,16
770,527,16
233,3,17
218,727,21
616,787,24
468,915,24
702,338,26
523,7,27
897,926,27
985,171,27
818,669,27
877,432,28
971,381,28
418,401,29
970,896,31
635,109,34
223,242,34
306,661,35
444,878,36
810,153,37
619,111,37
863,740,37
536,540,38
614,886,38
833,219,39
954,251,40
663,139,41
884,805,44
583,330,44
138,163,45
737,646,47
901,2,47
389,655,49
921,175,51
566,348,51
937,55,53
637,935,54
583,258,55
518,447,57
427,957,58
930,226,60
505,716,60
610,57,62
242,168,64
670,284,65
612,606,68
438,135,69
69,40,70
226,421,70
178,764,71
826,429,71
628,560,72
359,513,73
759,531,73
615,258,74
180,3,75
636,836,76
953,516,79
854,91,80
154,825,80
711,505,81
370,776,84
745,64,85
116,399,85
159,129,86
215,781,89
944,185,90
282,159,92
312,480,92
989,185,92
813,912,93
747,312,93
994,944,94
120,245,95
542,111,96
205,399,96
788,416,97
92,746,97
442,315,97
815,366,100
654,946,101
56,491,102
81,291,102
81,660,102
854,910,104
119,285,104
741,931,105
467,725,109
36,477,110
396,731,110
175,133,112
433,508,112
67,620,112
199,257,112
789,748,113
245,157,113
203,129,114
13,631,115
875,410,116
70,764,118
930,903,118
266,512,120
57,889,121
198,707,121
593,957,121
681,348,121
516,358,122
20,472,122
107,335,122
98,627,125
216,78,125
81,179,128
26,149,128
370,371,128
305,193,129
943,241,130
170,102,130
452,321,131
283,642,132
287,434,133
174,127,134
840,673,134
13,295,135
97,247,137
116,277,138
151,448,138
562,250,138
562,940,139
414,303,142
731,295,145
524,110,146
897,752,149
19,594,149
622,26,151
138,219,151
237,784,152
35,877,152
419,390,153
903,758,154
174,151,155
820,837,157
667,295,157
700,10,158
320,595,159
912,969,159
705,268,159
546,65,164
18,451,165
193,261,166
776,390,166
325,420,167
451,346,168
546,614,170
389,307,170
623,240,170
88,757,171
24,635,175
381,829,176
925,751,179
56,739,181
292,828,181
349,200,182
391,994,184
544,784,184
497,953,184
510,794,185
252,687,186
820,444,186
947,954,186
196,74,187
154,369,187
476,376,189
70,988,190
14,865,190
153,188,190
307,463,191
194,550,192
423,176,193
136,362,193
514,143,193
120,935,196
509,117,196
790,536,197
179,352,198
223,219,199
45,405,203
536,388,203
289,59,205
172,731,205
753,469,206
812,70,206
71,767,207
74,443,209
668,699,211
316,388,212
677,369,213
972,552,214
116,400,215
706,930,216
372,120,216
756,330,216
304,411,216
186,737,217
304,920,219
459,940,220
85,89,222
428,722,224
401,923,224
666,734,227
453,953,227
158,16,228
722,875,228
987,428,229
166,903,229
492,70,230
660,384,232
114,985,232
743,517,235
407,838,235
507,695,238
610,225,239
817,872,240
32,728,241
590,891,241
968,259,242
711,980,243
614,989,243
4,315,244
454,835,244
873,323,246
801,343,246
68,319,247
365,720,247
219,552,248
187,830,249
594,184,249
460,79,252
513,84,253
372,819,254
479,286,255
780,174,256
755,927,258
363,320,259
194,477,260
915,454,260
283,235,260
32,941,260
778,117,261
201,944,261
776,639,261
103,311,261
198,767,264
203,130,265
830,400,265
324,455,266
898,204,267
93,146,268
643,644,269
559,826,269
537,568,270
123,18,270
429,619,272
594,187,272
499,991,273
280,511,274
25,539,274
14,385,274
286,548,275
100,812,277
16,941,279
994,946,279
365,24,280
497,496,280
698,63,280
674,43,281
908,110,281
686,143,283
196,139,286
53,165,287
965,208,288
97,71,289
274,416,291
567,831,291
943,340,292
9,935,293
20,956,295
90,184,295
998,561,295
223,953,295
983,134,295
756,772,295
689,358,296
770,900,301
514,154,301
338,308,301
822,283,301
961,690,304
79,772,304
969,268,305
531,203,306
123,753,306
579,777,307
793,28,309
285,643,309
39,126,309
640,105,310
268,458,313
916,897,313
821,632,315
690,41,315
597,82,317
590,841,317
194,64,317
924,465,317
722,735,320
881,830,320
327,685,322
34,696,322
139,649,322
243,363,323
325,257,323
236,87,323
147,196,324
680,145,324
262,759,326
880,976,326
170,541,326
19,530,328
792,60,328
640,640,329
171,175,329
404,218,330
925,155,330
919,270,331
705,5,333
153,625,333
496,372,333
936,348,337
795,718,339
288,764,340
879,870,343
302,87,344
33,912,346
666,903,350
66,988,351
19,393,353
731,298,354
404,830,354
758,54,355
200,451,358
214,654,358
69,223,358
392,146,360
985,942,362
269,18,363
451,142,364
294,937,365
149,696,366
494,315,368
881,659,368
99,822,371
786,949,371
133,360,372
746,447,374
141,530,374
689,807,374
436,27,377
353,767,378
776,416,383
731,45,384
869,607,384
519,948,386
559,580,386
152,877,386
997,269,387
120,83,387
281,322,388
128,676,388
515,511,389
676,251,390
666,661,391
691,256,391
93,729,392
638,203,394
268,594,397
862,242,399
564,621,400
562,958,400
268,216,400
124,634,402
170,244,403
468,183,403
327,462,404
383,282,405
515,347,405
280,189,405
280,859,408
924,633,408
36,8,408
316,707,409
847,739,409
297,706,410
8,602,410
413,177,411
818,718,413
146,533,413
457,720,414
890,700,415
846,306,415
91,438,415
309,311,415
447,442,416
305,473,416
728,2,416
989,632,418
405,357,420
23,725,420
880,658,421
348,15,423
711,433,424
267,390,424
70,466,425
751,55,425
841,234,426
111,369,426
813,475,427
773,763,429
84,662,430
463,198,431
549,407,432
866,319,435
30,693,436
92,394,436
504,161,438
22,969,444
542,501,444
366,765,445
720,34,446
836,10,450
706,582,450
574,437,451
375,139,452
112,61,452
989,683,452
564,551,453
700,809,454
415,468,455
200,54,457
91,93,458
803,105,458
399,455,458
925,134,459
266,574,459
138,780,461
218,456,464
719,713,465
376,364,466
592,72,466
439,332,468
722,871,468
369,406,469
848,398,471
971,271,474
230,859,474
126,151,475
169,133,477
566,180,477
936,314,477
590,95,479
740,6,481
289,130,481
608,427,484
300,930,484
693,975,485
646,829,486
253,869,486
841,265,486
282,80,487
979,800,487
415,967,488
635,272,490
627,686,490
207,847,492
374,184,498
468,624,499
596,91,499
304,142,500
98,642,501
877,695,502
204,23,502
644,250,503
820,48,503
879,320,503
442,402,503
285,673,504
105,581,505
184,626,506
106,183,508
200,56,509
581,451,511
937,826,513
764,402,515
382,240,515
769,340,516
237,632,516
763,84,517
706,964,519
783,305,521
209,668,521
540,654,522
350,431,525
894,821,528
159,349,528
504,656,529
595,393,530
759,944,530
316,331,530
805,255,531
942,24,532
380,251,532
781,817,532
881,491,533
214,238,534
664,489,535
974,543,536
468,308,537
81,339,537
987,52,537
89,8,538
126,650,540
372,325,540
776,650,540
198,20,540
640,675,541
216,447,541
60,855,542
647,163,543
341,314,546
516,641,546
851,412,546
470,484,546
543,267,547
652,49,549
418,286,553
311,345,553
828,96,554
30,754,555
746,322,556
623,753,556
99,717,557
865,848,559
295,36,560
553,58,561
35,376,563
323,472,564
47,746,565
850,712,566
782,294,567
299,44,567
709,194,570
413,166,570
640,810,572
27,187,573
54,27,574
770,310,574
847,350,575
394,754,576
745,684,577
247,60,578
259,968,580
927,234,582
739,472,583
836,761,583
476,558,584
466,844,585
38,400,585
924,126,587
154,492,588
146,786,589
963,90,590
505,114,591
690,494,595
404,141,595
60,921,598
885,834,600
430,433,600
30,918,602
362,545,605
110,15,606
988,872,606
567,417,607
725,281,608
940,991,608
85,376,609
288,127,610
19,938,610
580,874,611
235,150,611
60,303,614
675,3,615
125,574,615
457,83,615
941,171,616
633,865,616
640,203,616
225,433,616
505,559,617
353,654,617
564,747,618
8,30,621
174,548,621
999,734,621
369,881,622
140,608,622
273,687,623
925,734,626
186,32,626
37,191,627
824,77,627
210,726,628
600,670,628
441,324,629
844,71,629
885,173,629
652,761,630
606,945,630
52,83,631
245,802,633
150,696,634
965,455,634
619,482,635
156,231,636
407,166,637
452,98,637
607,873,637
591,930,638
826,578,640
375,71,642
760,78,645
175,424,645
725,7,645
338,663,645
817,631,645
827,750,645
897,714,646
212,87,646
515,278,647
942,879,647
569,145,647
877,769,649
882,636,651
201,748,651
14,905,652
179,722,653
194,494,654
353,357,654
992,135,655
361,617,656
471,87,660
645,814,661
537,382,663
415,372,665
557,793,665
900,284,665
155,996,668
350,552,668
695,379,669
938,145,669
988,978,669
392,50,670
437,996,670
24,628,671
499,475,672
171,19,679
20,236,679
166,72,680
241,798,680
324,125,682
976,158,683
426,132,683
686,438,684
220,879,684
713,207,685
735,82,687
303,651,688
551,45,689
317,106,690
24,823,693
401,282,693
489,429,693
183,183,695
869,848,696
275,236,697
39,697,699
833,518,699
38,843,700
723,514,700
366,105,701
343,694,701
855,572,703
421,575,705
69,839,706
569,696,706
248,740,707
778,943,707
126,861,707
800,745,707
96,459,707
698,498,707
272,756,710
928,14,711
771,649,712
76,405,714
742,678,714
348,677,716
818,495,717
210,606,717
0,819,717
447,210,719
59,321,720
320,79,721
102,127,722
514,222,722
808,750,724
502,828,724
754,146,725
53,94,725
239,243,728
99,893,729
113,902,733
288,37,734
370,138,734
823,348,735
820,724,735
590,851,735
950,638,735
873,959,736
816,744,738
725,958,739
663,553,740
279,954,740
59,898,742
799,184,743
948,584,744
84,236,747
578,897,748
4,95,748
936,114,750
897,422,750
799,926,751
4,371,753
687,759,753
374,477,754
414,384,754
234,328,756
545,770,758
362,625,760
353,977,761
957,492,761
448,345,761
815,972,764
860,997,764
428,497,765
333,81,765
303,785,766
705,990,766
122,622,770
465,707,771
694,44,775
491,581,777
887,888,779
650,295,781
250,331,781
828,847,785
204,626,785
467,409,785
294,561,786
499,977,786
533,0,787
899,582,788
497,602,788
372,206,790
868,756,791
48,346,792
483,461,792
312,682,792
448,140,793
346,15,793
681,309,794
591,194,794
347,694,795
838,947,799
671,861,799
503,136,804
676,414,806
271,651,806
561,603,806
823,864,807
786,170,807
24,516,811
472,320,811
264,579,811
248,646,811
771,425,812
837,521,812
956,226,813
876,897,814
848,736,814
83,156,815
138,139,817
924,888,817
449,368,818
384,284,818
34,989,819
693,662,819
416,445,820
756,62,821
575,415,822
775,32,823
705,696,825
304,389,825
363,899,827
860,814,827
385,149,829
70,797,831
453,17,832
427,70,833
91,448,834
439,140,836
227,808,836
143,935,837
715,869,838
835,154,839
139,119,840
536,778,841
693,521,841
438,962,841
2,534,842
717,164,842
71,147,845
197,920,845
505,1,845
245,106,845
307,780,849
993,165,850
902,606,851
679,247,851
490,834,852
421,576,854
459,809,854
595,562,857
139,496,859
967,724,860
294,181,861
588,506,861
393,59,862
528,632,862
879,678,862
620,718,863
551,700,864
654,424,866
215,424,867
132,386,870
667,26,870
656,786,870
857,732,870
134,569,870
817,493,871
44,270,873
219,849,874
73,327,874
936,743,875
477,957,876
268,202,878
136,875,880
574,106,881
314,982,881
17,237,883
723,970,884
329,304,884
33,741,887
55,115,887
284,854,887
522,659,888
187,648,888
583,358,889
379,676,893
402,472,893
389,450,893
983,771,898
910,325,900
205,951,901
34,542,901
742,445,903
820,325,903
517,667,904
478,861,904
590,524,904
280,715,905
755,978,905
140,430,907
38,652,908
439,222,910
922,939,912
570,720,912
772,250,913
974,49,913
371,831,914
16,685,914
220,800,914
533,703,916
225,879,918
765,303,921
656,651,922
492,120,923
639,314,923
675,433,923
651,153,924
103,831,929
175,713,930
126,403,930
151,796,930
884,997,931
445,953,931
671,695,932
631,366,933
24,786,933
470,521,933
785,101,933
390,384,933
374,222,935
941,87,937
790,802,937
916,763,940
499,756,943
101,371,943
451,546,944
807,708,945
514,330,946
934,577,947
936,874,947
602,89,948
363,180,949
152,779,949
454,800,949
501,251,949
899,922,949
347,926,949
962,395,949
892,922,950
61,956,950
131,301,951
623,999,951
714,731,951
563,254,954
491,287,954
446,950,954
743,535,954
798,103,955
690,891,956
224,628,957
698,76,957
137,561,957
547,93,957
69,131,957
445,288,958
99,456,959
974,612,960
326,31,960
20,763,964
374,462,966
850,1,966
543,519,966
347,178,968
60,574,969
419,85,970
621,705,972
462,670,974
463,454,975
182,469,975
662,707,976
487,749,980
567,895,981
433,897,982
987,682,984
860,823,985
20,472,985
939,513,987
622,724,989
455,655,991
172,239,992
530,693,992
580,795,993
455,135,993
545,653,993
803,761,995
561,719,995
529,109,995
503,996,997
518,900,998
646,600,998
578,489,1
307,147,1
370,289,2
301,843,3
38,468,3
453,329,6
126,581,7
148,912,7
456,645,9
521,813,10
230,531,10
374,341,12
737,891,12
732,311,13
197,100,14
645,572,14
250,84,15
977,201,17
623,31,18
880,445,19
692,778,20
867,475,20
573,568,24
26,820,27
612,712,30
529,775,32
748,97,33
474,72,33
366,909,37
798,382,39
91,752,40
578,857,40
572,499,45
112,827,47
844,568,49
739,856,50
613,112,51
618,383,51
63,733,52
887,632,55
696,225,55
994,273,56
164,793,56
339,626,58
720,748,60
878,940,61
630,290,62
461,469,62
214,383,62
301,676,62
2,516,63
657,403,63
41,741,70
814,735,71
662,603,71
470,500,72
669,282,72
443,920,72
888,134,72
883,863,74
45,597,75
75,104,80
997,601,81
589,497,82
371,61,83
797,338,84
531,655,86
534,422,86
131,919,86
764,614,87
580,404,89
646,394,90
931,847,90
334,566,92
899,87,96
663,477,101
318,560,102
983,391,102
41,96,104
671,616,104
958,367,105
397,622,106
78,812,106
552,388,107
349,82,107
853,436,109
720,635,109
112,698,110
6,222,111
612,496,111
475,211,112
777,641,113
564,315,113
766,153,114
113,728,115
852,303,115
181,731,115
126,376,116
692,845,116
109,736,117
154,638,117
224,853,117
677,162,120
638,344,120
495,787,124
286,313,124
374,948,125
98,64,127
695,863,130
201,522,130
935,30,131
293,506,133
80,773,133
319,270,133
763,771,140
687,539,140
820,221,141
396,642,142
661,141,143
894,400,144
504,391,150
677,157,150
561,227,152
695,673,153
988,108,155
475,686,156
120,870,158
568,752,159
851,776,159
168,533,161
541,678,161
25,950,162
649,855,163
126,756,164
178,565,164
203,966,164
42,131,165
779,299,167
709,570,167
948,165,169
634,376,170
845,366,170
333,13,175
557,965,176
657,123,176
83,980,176
454,410,176
975,407,178
96,874,180
16,210,181
555,445,191
284,824,193
487,656,194
189,876,195
170,547,195
309,560,196
918,307,198
334,214,198
491,425,202
410,384,202
790,676,202
102,750,202
418,599,202
130,889,205
295,831,206
255,426,207
63,991,207
217,653,207
433,545,209
886,240,210
877,658,210
452,735,211
829,144,211
249,681,211
457,856,214
133,812,219
635,192,219
102,792,219
616,332,220
789,830,220
551,219,223
182,532,224
989,318,224
126,272,230
748,964,231
478,64,232
965,889,234
651,323,235
248,502,236
226,101,236
179,143,239
686,869,239
272,252,242
592,832,244
243,367,244
481,63,248
836,569,251
765,854,253
684,751,255
405,263,256
87,182,256
91,797,257
945,71,259
948,402,260
926,998,260
78,144,266
977,411,267
587,543,271
205,813,274
666,52,275
415,598,275
308,223,277
999,894,281
629,191,284
14,433,286
602,874,287
595,16,287
208,571,289
896,639,291
455,893,292
73,946,293
1,761,298
350,567,299
953,352,303
395,642,303
296,268,309
260,886,311
178,973,314
576,471,314
374,21,316
677,995,320
480,174,321
219,586,322
582,702,322
214,840,322
559,280,323
674,247,323
76,561,323
765,766,324
404,63,324
506,331,324
846,437,325
241,857,326
471,541,328
332,495,328
504,993,332
545,669,332
799,878,333
201,399,333
763,220,336
638,841,336
864,304,337
687,413,337
145,682,338
247,696,340
272,613,340
906,126,341
197,923,342
993,384,345
416,589,345
845,52,346
467,882,346
121,893,350
785,294,353
465,903,355
343,233,355
887,253,358
819,15,358
582,123,360
728,370,360
80,965,362
883,716,362
193,994,365
238,409,365
891,998,365
112,80,368
980,158,368
422,451,373
260,58,373
602,721,376
546,87,376
609,648,377
252,48,378
534,95,379
602,417,379
659,833,380
281,4,381
398,619,382
156,723,383
671,279,388
166,466,390
732,308,391
305,335,394
439,487,395
403,500,396
207,621,398
92,179,398
377,648,398
618,360,399
961,618,399
57,444,399
50,88,400
787,393,401
161,15,403
669,882,404
360,715,404
268,34,407
631,190,408
391,469,409
377,304,409
427,750,409
593,99,409
855,363,409
108,897,410
937,79,410
93,198,412
195,782,413
899,993,416
392,420,416
34,71,418
183,181,418
740,103,418
573,755,420
680,907,430
61,647,432
29,920,433
887,296,435
350,508,436
337,175,438
87,887,440
610,952,442
569,955,444
208,299,445
975,798,448
247,514,449
180,352,449
68,693,449
443,202,452
186,226,453
801,999,455
121,954,457
63,38,457
409,23,460
481,277,461
249,353,463
576,760,464
655,941,464
192,226,465
141,478,466
833,30,470
126,348,475
214,348,476
515,66,476
639,176,478
35,506,479
563,270,479
764,189,479
517,231,480
833,586,484
178,410,484
153,938,487
513,306,490
771,668,491
356,507,492
390,234,492
656,655,493
640,402,493
603,248,493
23,888,494
66,304,495
643,59,499
591,356,502
938,824,503
37,288,503
105,406,507
405,480,507
451,776,508
670,863,509
749,297,509
398,781,511
124,171,511
585,241,512
753,300,512
265,997,515
345,363,519
763,848,520
545,145,521
93,981,521
747,26,523
641,444,523
380,326,524
557,52,528
451,12,529
226,108,530
651,770,532
541,617,534
119,55,534
951,789,534
197,895,535
213,353,536
628,115,537
22,463,537
359,620,537
352,597,537
139,165,539
715,845,541
197,473,542
176,628,543
125,517,545
740,171,545
760,702,547
367,154,548
435,551,548
412,153,548
98,448,549
527,486,549
360,585,549
495,863,554
904,590,554
344,397,560
949,723,561
485,4,561
739,300,563
267,182,564
135,393,565
844,270,565
555,551,565
560,351,570
37,318,570
562,405,571
161,364,573
988,312,574
151,637,574
452,652,576
812,205,577
38,615,577
727,406,578
537,241,578
93,658,579
911,236,580
530,147,582
45,144,583
71,78,584
648,833,584
178,284,586
874,688,587
671,574,588
893,987,588
368,453,588
773,322,588
283,440,589
303,38,592
795,764,593
866,269,593
484,296,597
99,387,597
645,266,599
258,307,600
168,339,600
807,363,601
802,843,602
293,251,603
131,416,603
67,823,604
249,317,610
56,371,613
772,483,613
489,97,615
963,409,615
702,791,619
691,16,619
69,803,620
370,617,622
443,435,623
205,360,623
477,674,623
741,145,625
303,365,626
254,614,627
266,636,629
31,941,631
937,148,634
703,218,636
867,330,641
764,628,641
3,635,642
871,775,646
828,165,646
535,559,646
582,848,648
112,821,649
65,920,649
424,680,650
938,164,650
139,748,652
434,533,652
859,458,653
568,282,654
19,137,655
865,340,656
14,473,656
131,238,656
154,281,657
984,319,657
803,493,659
661,124,659
62,254,659
194,310,659
155,12,661
545,602,664
369,880,666
216,423,666
927,819,668
133,199,669
689,159,669
292,858,670
587,865,671
764,31,672
213,911,673
926,683,674
890,67,675
287,631,676
970,868,676
412,447,678
459,465,679
298,757,679
75,349,680
545,66,680
506,648,680
667,251,680
826,885,682
616,545,683
721,510,687
566,836,692
842,650,693
953,54,696
569,992,696
621,607,697
494,141,699
324,125,700
513,930,700
277,938,701
966,894,702
92,567,703
1,57,704
597,773,704
759,698,707
56,584,707
269,389,708
482,852,708
725,3,709
351,120,712
74,793,713
231,240,714
619,890,714
232,577,714
156,717,715
278,946,715
651,423,716
341,372,717
756,149,720
782,684,722
709,408,722
32,157,726
920,47,726
781,992,727
802,69,727
509,799,728
505,546,728
35,714,729
839,587,729
911,462,731
428,46,731
871,370,732
404,810,733
222,104,734
128,968,735
921,83,736
426,645,737
311,432,738
88,907,739
180,893,739
442,85,740
319,414,740
602,434,740
485,183,744
117,13,748
341,174,750
629,815,751
183,941,751
987,416,751
567,932,752
791,16,755
871,596,755
241,564,760
996,788,766
628,571,769
37,3,772
841,880,773
73,770,775
188,966,775
621,316,776
986,926,777
864,783,777
38,429,778
589,678,778
567,109,781
531,143,782
784,138,783
940,998,783
289,447,785
186,408,790
313,777,790
168,915,790
493,913,792
413,488,792
642,177,793
374,723,797
98,767,797
29,119,799
582,935,800
86,625,801
468,108,802
948,4,804
108,809,806
268,432,806
162,224,807
621,668,807
885,724,810
206,926,811
285,83,811
378,548,813
761,792,813
922,961,813
937,753,816
232,993,817
665,149,817
672,197,820
361,637,822
447,340,822
630,600,825
209,279,827
913,886,830
394,715,831
263,454,832
608,147,832
172,67,833
39,107,834
449,159,835
922,310,836
325,603,837
886,785,838
231,542,841
149,30,841
836,635,842
12,326,844
838,475,845
468,810,848
844,681,849
134,713,850
849,575,850
515,808,851
475,182,852
402,971,853
469,343,854
784,339,855
830,692,856
496,40,857
441,57,857
506,268,859
689,243,859
557,445,860
829,990,863
304,653,865
944,515,866
369,678,866
513,815,869
426,435,869
707,836,870
957,808,870
658,362,871
908,807,871
219,950,871
733,307,873
757,66,875
641,569,876
619,802,876
116,691,877
695,129,878
50,29,879
655,81,880
40,208,880
691,260,881
140,512,881
693,31,881
892,342,881
36,204,881
950,935,881
798,518,882
902,486,882
40,672,882
644,733,885
302,157,887
453,783,889
595,843,889
943,691,890
453,372,890
729,988,893
783,731,895
223,628,897
368,697,898
282,340,898
893,284,899
89,792,901
877,557,902
488,738,904
369,128,907
780,279,907
106,490,911
315,312,912
492,279,915
98,359,915
544,7,918
173,568,919
24,379,921
115,517,922
33,606,922
152,528,925
582,432,926
180,706,926
410,334,929
727,796,929
365,809,930
728,757,930
58,790,931
688,389,934
569,576,941
57,286,941
425,851,941
975,424,941
153,580,942
682,307,942
848,265,944
292,363,948
810,456,950
266,958,950
410,811,953
794,944,954
3,469,955
646,866,958
427,204,960
836,646,960
911,232,962
911,61,963
424,849,964
489,93,967
959,106,968
393,500,968
302,951,968
563,172,968
265,201,969
823,159,969
984,215,972
859,631,973
190,288,975
254,63,977
507,994,979
499,191,980
820,868,981
578,47,984
329,744,985
231,567,985
510,880,985
725,299,985
323,58,986
948,446,989
866,187,989
343,558,990
542,319,992
379,389,994
605,590,995
552,415,996
659,319,997
1,738,998
280,242,999
233,963,999
