661,215,0
669,545,2
442,670,2
620,97,2
238,849,3
462,599,3
118,776,4
466,73,6
335,400,11
286,518,12
805,875,12
813,634,12
244,888,14
977,533,15
209,73,17
861,320,19
808,51,19
127,559,19
434,276,23
298,656,24
368,356,28
114,672,29
685,770,31
862,912,31
244,259,35
16,65,37
423,972,39
776,997,48
870,380,52
779,976,52
399,292,54
561,746,54
54,26,54
62,187,55
495,142,56
191,271,57
789,778,58
672,795,62
771,258,62
145,746,63
205,517,67
458,510,69
600,364,69
538,26,70
707,943,71
962,730,72
249,550,74
366,960,74
892,170,74
316,351,76
741,237,78
112,18,78
501,608,79
970,415,79
354,10,81
858,798,82
486,818,85
138,193,86
540,589,88
648,729,93
89,236,95
296,67,97
636,321,98
676,159,98
639,399,100
51,40,100
441,527,100
730,661,103
120,542,108
771,753,109
201,723,109
657,115,109
118,817,110
848,171,110
71,98,111
946,396,114
777,865,115
866,903,116
927,293,116
530,603,120
11,661,120
574,129,122
327,300,124
830,634,130
97,769,130
410,474,131
299,914,132
686,946,132
666,105,133
174,713,136
676,443,136
768,579,136
192,726,136
470,246,136
769,688,137
447,787,139
889,609,139
579,471,139
333,995,140
151,851,144
952,417,144
506,735,147
159,44,148
204,813,149
268,434,152
919,999,152
960,6,156
527,420,156
576,959,159
585,695,161
420,519,163
144,933,165
111,74,165
643,730,166
23,385,167
720,792,167
795,682,167
867,56,169
568,748,171
817,853,171
745,706,171
352,719,173
958,808,173
836,788,174
108,592,176
32,483,176
564,753,179
576,351,179
927,535,179
513,785,180
549,116,184
251,890,186
453,181,188
860,679,188
346,576,189
781,788,189
988,236,192
991,924,192
222,271,193
895,282,193
591,928,195
673,692,197
477,572,198
979,977,199
536,675,201
304,11,203
363,529,205
205,631,205
855,601,206
895,172,206
603,5,209
263,603,210
747,278,212
367,532,213
606,916,217
727,314,218
875,630,221
973,770,225
32,616,225
297,2,225
201,816,226
653,767,227
489,807,227
960,478,228
551,618,229
926,839,230
819,243,230
76,74,232
140,486,234
90,542,234
62,972,236
360,411,237
241,984,237
797,796,239
557,961,242
290,449,244
243,698,246
399,113,248
308,860,248
253,609,249
286,239,250
122,245,252
344,498,256
337,22,257
570,769,261
303,111,261
652,541,264
14,594,265
868,526,267
439,94,268
862,692,269
743,883,270
925,10,271
71,345,275
622,21,276
561,670,279
391,280,279
368,49,280
526,105,281
488,862,282
602,234,282
263,465,283
361,561,286
327,362,286
7,563,287
882,474,288
623,610,289
954,343,291
762,358,293
778,380,294
81,323,295
85,297,298
102,3,300
876,560,301
170,130,302
616,785,304
87,328,304
9,820,311
411,924,312
72,147,313
469,878,313
281,860,314
297,143,316
540,812,317
240,353,318
252,874,321
691,773,325
850,18,327
21,538,328
156,404,330
490,713,331
502,270,332
208,376,332
226,317,336
9,781,336
991,497,336
640,872,337
752,903,338
465,61,339
480,121,342
870,858,347
302,411,348
160,714,348
884,535,352
453,51,356
354,941,358
295,883,358
711,478,361
532,243,361
100,963,364
928,709,367
461,964,373
479,805,374
157,400,375
958,953,378
88,913,380
201,876,381
727,645,383
159,307,383
821,554,388
589,187,389
978,631,390
936,852,392
481,408,393
272,266,394
445,252,394
883,342,395
465,167,399
317,366,401
507,538,403
715,899,405
894,235,407
345,216,407
564,386,408
142,545,410
453,350,412
771,311,413
897,366,415
769,51,415
393,717,416
835,252,418
478,959,419
0,196,420
716,534,420
930,279,421
315,585,422
523,571,429
185,611,429
754,864,430
853,155,430
359,571,432
460,678,433
164,284,434
477,498,436
891,881,436
811,690,438
890,774,438
987,804,441
981,260,442
196,582,443
825,449,444
150,508,447
208,839,447
82,696,448
952,58,448
373,387,450
740,726,450
649,205,453
312,254,454
461,637,455
54,953,456
851,580,457
664,301,457
398,762,458
360,949,460
655,260,462
922,389,462
80,598,463
688,773,464
939,107,465
330,465,467
309,483,467
915,428,467
750,484,469
995,179,472
616,577,472
880,654,472
649,755,473
939,724,473
127,93,476
88,24,477
735,38,482
427,989,483
332,199,483
693,867,485
909,30,487
609,745,487
865,718,487
431,779,490
982,992,492
962,968,493
808,361,494
708,450,497
184,949,497
239,595,497
657,792,498
817,991,499
5,68,501
541,852,506
813,680,507
465,4,508
388,315,509
485,834,512
109,663,514
934,337,515
798,90,517
425,587,517
328,985,518
439,651,519
763,283,520
946,179,522
361,568,523
814,959,523
503,873,524
467,42,524
835,516,525
862,977,525
617,765,527
214,851,528
88,7,529
48,599,529
654,927,530
176,195,531
129,880,532
793,842,533
206,250,534
721,604,534
378,837,535
963,917,537
845,254,539
570,82,539
984,593,543
609,369,544
931,29,548
317,307,550
789,987,552
856,410,552
401,804,553
351,778,554
350,291,558
193,47,560
416,464,563
880,775,564
280,48,568
6,727,568
365,392,569
117,706,569
938,653,570
65,872,570
901,241,571
173,786,572
100,236,574
128,822,576
454,703,582
585,986,583
949,283,583
654,39,585
29,330,586
157,509,587
526,172,587
788,500,588
301,606,589
852,348,590
360,539,591
656,861,592
551,560,594
34,25,594
679,0,594
837,55,595
876,389,596
759,504,596
217,978,597
662,878,597
584,934,598
536,254,598
227,649,599
30,973,601
943,992,601
888,456,602
150,506,602
500,817,603
782,856,603
805,866,604
905,896,604
266,779,604
210,839,604
132,840,606
88,669,607
303,188,607
541,292,609
325,409,610
476,178,611
677,510,611
620,993,615
420,78,616
854,794,618
412,645,619
886,519,622
366,231,622
956,414,625
290,284,628
265,763,630
546,293,639
629,544,639
553,662,640
853,178,641
817,220,641
643,266,642
939,860,645
298,621,650
471,283,651
256,869,651
866,569,654
184,390,655
470,753,657
241,565,658
341,712,659
299,434,659
400,65,661
701,397,661
948,995,661
295,126,663
958,159,663
197,884,663
955,406,665
177,233,666
380,858,669
231,649,669
117,982,671
963,130,673
145,489,681
619,277,684
545,306,685
905,387,685
803,407,690
99,529,690
735,683,691
804,997,691
4,704,693
897,362,695
353,316,695
547,766,695
536,423,696
255,698,699
44,823,701
741,778,703
558,750,703
801,413,705
368,46,705
416,130,711
974,919,711
768,836,711
809,906,712
171,911,716
426,932,717
440,552,721
37,164,722
64,837,722
719,332,724
541,828,727
473,497,729
191,377,731
346,47,733
809,75,735
635,363,735
569,285,735
913,117,739
995,664,743
624,305,743
0,159,744
645,123,745
161,723,746
990,914,746
494,877,746
165,511,750
840,573,751
800,317,752
679,872,752
87,819,752
504,337,756
917,960,758
223,119,759
637,735,762
447,219,763
449,525,767
868,380,767
998,852,768
336,138,770
108,308,770
117,542,770
998,699,771
438,212,773
967,696,776
779,757,778
930,673,781
918,61,783
144,249,785
233,345,786
217,434,787
305,794,788
35,256,793
719,151,793
609,65,797
694,385,797
904,951,800
120,882,800
19,72,801
788,940,804
593,292,809
19,280,811
713,287,812
374,685,816
638,698,816
943,792,817
563,664,818
513,472,819
148,19,820
484,378,820
7,669,821
256,903,827
984,474,827
948,830,828
110,32,828
244,491,829
189,991,830
849,198,830
356,181,833
112,495,833
590,989,838
664,593,841
483,850,842
882,934,842
875,306,843
274,990,845
214,561,846
474,873,848
358,29,850
5,152,850
463,146,851
436,894,852
426,149,857
5,378,858
162,546,861
782,138,861
307,144,863
202,892,864
20,83,866
565,669,866
611,961,867
164,129,867
450,270,870
746,863,871
652,732,872
739,604,873
227,264,874
574,396,876
189,492,878
254,169,880
239,482,881
15,316,883
643,335,884
156,965,885
808,61,885
315,217,885
982,744,886
730,532,889
766,22,889
661,336,891
815,492,892
249,153,893
684,172,893
82,886,894
627,189,895
735,256,897
565,965,898
990,176,901
941,243,901
646,801,902
646,681,902
878,579,904
953,73,904
453,76,904
832,382,905
203,937,906
128,572,906
618,577,908
608,131,911
484,7,912
639,259,912
261,877,912
462,201,914
511,896,915
36,248,915
501,629,917
320,850,919
247,614,919
427,425,919
288,826,924
168,280,928
752,277,929
770,494,929
425,362,930
174,308,934
640,771,941
317,821,942
707,259,943
188,468,945
73,58,946
90,926,947
234,915,947
418,868,949
86,582,949
15,932,950
353,879,954
734,772,955
842,616,964
811,578,965
672,748,966
439,586,968
12,396,972
423,806,977
628,835,977
638,461,978
424,266,978
97,124,984
315,934,985
834,743,993
427,501,995
306,197,996
250,923,998
909,55,0
575,702,0
399,807,1
506,345,2
985,346,2
443,324,5
425,314,6
612,282,8
41,400,13
529,394,15
847,932,15
820,759,15
134,563,18
570,772,18
444,975,19
880,178,21
65,722,23
265,513,23
222,420,24
334,299,26
52,984,28
106,673,30
678,914,32
361,730,32
3,639,33
863,898,33
221,515,35
810,77,37
23,265,37
474,221,39
939,972,40
829,393,41
663,802,43
912,156,45
684,22,49
899,76,52
976,915,55
879,160,59
871,670,59
328,585,60
382,838,60
758,677,63
805,725,68
745,32,69
887,276,71
97,221,72
557,478,72
719,855,73
178,693,76
779,523,76
718,867,78
550,818,79
901,642,80
110,28,80
566,232,81
730,226,87
420,450,87
794,122,88
974,604,89
66,774,90
944,818,91
589,703,91
809,458,91
611,93,94
650,689,94
225,756,95
664,227,97
405,193,99
719,752,100
889,492,101
133,344,102
31,549,102
437,427,102
734,437,105
362,221,108
924,217,111
934,318,114
245,972,119
437,928,121
451,17,122
1,411,129
917,166,130
725,741,133
690,899,133
681,526,133
227,570,134
401,996,135
498,241,135
959,339,135
412,825,136
159,754,136
276,906,137
96,299,140
72,545,140
969,493,142
811,175,142
417,826,143
781,445,146
177,141,147
550,380,147
79,604,149
604,428,150
241,93,153
193,444,155
81,798,156
914,126,156
698,371,156
105,262,156
587,630,157
150,797,163
657,120,165
996,367,166
40,646,166
622,629,167
977,723,169
623,733,171
146,269,172
366,519,173
266,329,174
952,357,176
564,230,177
754,56,177
644,925,177
697,695,177
272,792,178
695,792,178
251,543,180
809,56,182
661,473,185
318,710,185
514,479,187
766,942,188
158,996,191
333,104,192
559,630,193
226,88,195
674,917,196
552,913,204
449,896,206
315,564,206
588,640,207
963,867,207
587,600,207
54,512,209
151,250,212
754,47,212
18,215,214
599,992,215
196,767,217
877,597,219
224,602,223
900,955,224
611,223,225
201,864,228
550,618,228
756,835,228
932,179,229
148,785,230
815,473,231
105,311,231
472,882,232
924,224,233
885,760,235
651,782,236
193,856,238
403,333,240
898,594,241
257,102,244
668,537,244
880,120,245
451,673,250
993,684,252
582,691,253
957,966,257
82,958,257
871,771,262
689,242,262
466,118,265
113,265,266
609,309,274
40,316,278
914,326,279
246,600,280
564,416,280
317,115,281
239,387,281
970,680,283
609,317,286
244,195,286
585,216,287
846,433,287
183,737,287
912,215,288
489,788,288
951,780,290
620,231,294
570,840,294
212,960,295
64,902,295
750,764,299
406,236,299
60,606,300
646,212,300
869,635,301
131,114,303
731,553,303
427,130,306
999,850,308
800,299,310
246,726,310
44,939,311
744,866,311
164,433,313
11,672,317
223,106,319
172,590,320
69,679,321
313,224,321
103,607,321
672,339,326
940,313,327
549,145,328
598,130,330
283,881,333
467,956,334
346,600,336
380,23,338
967,922,339
88,289,342
401,179,343
133,695,343
999,469,344
770,843,344
642,308,349
515,443,351
994,303,351
850,797,352
765,30,352
105,86,354
101,834,354
955,107,365
441,457,366
108,582,366
350,481,366
822,752,367
956,206,373
236,133,373
316,858,377
794,357,380
175,320,380
103,392,381
744,35,383
463,369,384
894,203,385
841,788,386
502,374,386
764,678,387
266,386,388
261,585,388
953,790,388
705,758,391
858,15,392
387,410,394
79,868,394
693,770,395
515,936,397
725,735,398
21,640,403
322,304,406
266,175,408
568,4,409
832,480,412
826,435,413
944,83,413
916,398,416
314,619,416
958,436,417
970,963,419
61,889,420
716,342,420
698,819,420
209,748,421
182,946,423
397,81,427
407,702,428
420,559,429
368,573,431
115,120,433
541,922,434
617,50,438
763,470,439
135,432,440
900,937,444
520,209,445
50,253,445
658,864,445
209,12,446
846,276,448
592,774,451
17,280,452
480,718,453
792,784,455
135,528,457
208,8,458
398,583,458
155,733,458
522,867,460
152,242,460
81,367,460
923,951,460
140,581,461
910,340,467
136,115,468
685,967,468
276,509,470
788,934,480
574,596,483
349,156,488
310,40,490
757,842,494
713,949,497
898,386,505
324,586,505
799,579,506
871,31,508
584,679,510
259,870,512
338,925,513
443,104,513
32,682,516
261,343,517
439,462,517
92,810,519
689,387,519
282,966,520
136,518,521
940,344,521
745,499,522
212,199,523
398,883,525
710,227,525
172,750,526
603,687,526
820,260,528
863,56,530
147,841,531
968,824,534
120,420,534
220,340,535
681,265,539
178,681,540
212,954,541
173,326,545
439,735,547
832,777,548
141,512,549
316,380,551
573,388,552
262,824,557
759,130,559
125,501,562
485,147,564
33,299,564
109,847,564
828,597,564
358,452,568
677,147,569
330,470,569
591,137,570
1,151,571
105,213,571
999,319,574
436,612,575
958,656,577
294,524,578
390,665,579
183,846,580
56,936,581
344,699,582
596,663,582
300,429,583
183,159,584
683,986,585
542,275,586
525,662,590
575,624,593
931,110,593
581,214,594
414,696,598
340,241,601
956,618,602
855,250,604
757,588,606
652,127,606
477,819,607
369,66,608
907,282,608
346,259,609
162,38,615
157,374,617
50,575,619
909,418,620
568,685,620
85,223,620
996,197,621
615,930,622
807,859,622
163,271,625
483,40,625
73,543,628
579,312,632
598,497,633
96,416,634
619,739,641
425,895,643
345,290,643
368,31,643
798,703,645
1,291,646
462,742,646
434,499,646
712,783,647
985,733,648
937,807,649
487,60,652
443,211,655
275,102,656
959,363,657
410,113,660
355,289,661
619,264,661
729,948,661
19,129,662
236,937,666
688,259,670
193,703,671
476,413,671
570,948,674
548,228,675
111,894,678
672,352,680
761,135,681
342,461,681
370,540,682
587,983,685
564,614,686
706,667,686
870,236,689
778,577,690
302,683,692
172,372,695
420,679,697
720,422,703
679,621,703
44,552,707
736,650,708
591,980,709
392,786,712
743,347,713
469,902,716
610,274,718
998,243,719
262,822,720
10,500,721
553,247,723
512,899,725
325,641,725
48,838,728
601,927,728
350,82,730
586,723,730
886,31,731
583,799,733
541,334,737
802,377,739
994,675,740
675,620,740
830,905,742
475,615,742
342,674,745
329,587,746
247,18,746
694,625,748
22,212,748
875,787,750
834,291,751
427,324,754
574,422,757
498,790,759
162,160,760
920,132,762
381,334,764
645,878,764
109,350,764
207,47,766
535,704,768
406,831,769
13,635,770
539,250,773
448,208,773
337,250,776
686,183,777
348,826,777
282,65,778
703,802,778
401,135,779
885,0,780
363,606,781
708,806,783
183,663,785
873,937,786
543,184,791
754,513,791
90,757,792
160,932,793
172,650,793
33,309,794
999,181,794
767,715,796
961,910,797
155,844,797
240,95,797
549,194,798
854,406,799
463,911,800
838,953,802
277,337,808
1,81,808
65,491,810
868,78,811
358,396,812
33,748,813
643,912,813
970,405,817
324,138,818
298,436,818
906,960,821
272,618,822
372,866,824
668,836,824
427,646,824
74,843,825
66,195,827
204,587,827
972,318,827
832,603,828
851,607,829
665,387,830
496,191,831
812,74,832
843,865,832
625,320,835
72,607,835
715,846,836
659,584,838
612,793,839
857,252,839
459,36,839
962,494,840
426,449,843
644,755,843
399,41,845
184,438,846
83,45,848
592,552,849
311,232,849
687,548,850
549,931,851
304,980,851
676,903,851
973,548,853
182,912,854
381,319,854
643,770,855
636,976,855
160,116,856
944,616,859
382,462,862
819,682,867
630,859,872
6,72,872
747,95,873
730,86,873
838,2,874
112,716,875
742,475,875
996,760,876
539,795,877
609,796,880
889,17,880
415,71,881
644,136,881
977,510,882
20,216,884
33,151,886
488,838,890
441,267,891
786,762,892
732,658,893
402,400,893
315,860,896
849,414,897
339,331,898
717,826,899
238,932,900
283,247,900
882,283,905
349,301,906
703,756,907
71,397,908
370,134,908
686,62,909
984,377,910
595,203,912
476,211,913
555,307,913
327,934,916
183,148,917
301,597,919
247,144,921
121,813,921
918,896,923
626,918,923
551,600,926
422,688,927
612,760,929
852,606,929
174,35,930
568,20,931
602,275,932
292,30,932
400,420,933
336,790,933
955,613,937
131,628,940
550,195,940
551,802,941
689,308,941
664,480,944
923,817,947
703,832,952
317,250,953
170,766,954
319,19,954
645,793,955
34,730,956
961,484,957
867,298,960
733,713,960
912,436,960
298,847,961
987,989,963
827,73,963
683,826,963
647,147,965
938,722,966
480,103,967
168,118,968
221,747,970
312,252,971
68,777,973
849,774,974
380,927,975
42,94,975
594,781,976
664,158,976
640,258,977
358,312,982
435,274,983
522,113,983
469,308,986
762,393,989
924,543,990
831,307,993
592,729,994
413,437,995
690,388,995
111,617,996
126,111,997
651,575,997
