974,824,725
281,67,726
192,435,727
741,148,727
34,117,728
844,135,728
932,275,728
777,779,729
522,356,731
813,618,731
154,935,731
868,521,731
886,686,732
700,238,733
924,426,737
418,960,737
248,146,738
215,962,742
245,286,743
92,561,748
805,984,748
620,686,749
110,584,750
141,337,750
226,81,752
946,601,753
472,198,755
2,280,756
351,124,757
685,765,757
970,459,757
950,959,759
943,398,759
994,516,760
110,988,762
810,903,762
642,274,763
237,331,764
392,591,767
840,162,767
295,306,767
563,459,768
200,315,769
711,680,772
113,110,772
535,804,774
195,695,774
358,142,774
984,74,778
982,323,779
516,71,779
756,310,779
932,355,781
101,70,784
617,164,785
47,715,787
780,413,787
64,977,787
814,282,787
123,332,789
583,561,789
251,540,792
693,673,792
123,836,793
536,615,793
182,206,793
964,541,793
145,928,794
693,482,794
128,586,795
999,768,796
971,148,797
204,967,797
397,125,797
348,888,798
226,319,799
609,856,799
691,753,799
823,83,802
641,120,802
922,107,809
961,557,809
260,51,810
830,677,812
689,387,812
256,726,813
772,376,813
122,634,813
472,897,814
516,326,816
417,803,817
661,941,817
80,938,818
217,76,818
42,271,818
137,445,820
956,257,820
569,229,824
369,234,824
644,336,824
739,747,826
146,34,827
527,387,827
200,934,827
69,115,828
946,536,828
947,756,831
918,866,831
679,532,831
524,917,832
193,334,834
466,911,834
558,389,835
316,55,835
695,612,836
20,440,837
980,473,837
170,460,837
827,6,839
639,371,839
813,247,841
354,235,841
231,942,841
727,795,841
614,512,842
527,772,843
617,547,843
315,410,844
672,276,844
795,452,847
589,195,847
533,280,848
389,922,848
366,678,850
298,60,851
848,84,851
366,900,854
509,850,856
66,216,856
986,541,857
476,787,857
112,574,858
893,455,859
136,69,860
65,330,861
105,772,862
490,814,864
565,674,866
95,956,866
240,929,867
351,986,867
85,824,869
540,598,870
42,52,871
566,34,872
451,755,872
207,772,873
862,699,875
718,643,875
552,116,875
664,191,877
193,607,878
820,743,879
268,632,880
516,306,881
256,25,882
606,357,887
192,59,887
250,719,891
406,432,892
215,673,893
215,405,893
148,886,894
286,212,895
849,681,896
642,228,897
681,275,898
548,120,898
784,61,898
443,901,900
314,82,901
278,295,903
713,142,903
599,202,903
868,960,904
808,261,905
513,104,905
228,670,906
292,605,908
795,981,909
947,347,911
987,648,912
777,355,912
888,207,912
100,22,912
884,101,914
486,994,916
901,554,920
344,774,921
264,398,922
649,910,923
994,69,924
402,530,924
368,486,924
215,898,924
282,222,926
709,425,926
94,47,926
854,465,927
442,814,927
527,145,927
880,616,928
205,169,930
991,562,931
144,253,931
935,408,933
91,692,933
512,358,934
147,83,936
849,872,936
574,495,936
37,290,937
562,46,937
437,942,938
784,900,940
396,792,940
432,95,941
264,636,942
672,217,942
793,387,943
863,673,943
827,798,944
842,771,944
771,384,945
293,390,946
204,451,947
254,440,948
935,487,948
901,489,949
442,39,949
270,557,950
686,334,951
593,874,952
472,144,952
991,997,952
427,794,953
1,319,954
461,606,954
422,584,955
907,988,955
147,784,955
953,789,957
505,972,958
956,598,959
583,345,962
316,633,962
382,920,963
126,111,964
355,772,965
193,628,966
201,212,966
695,132,967
776,387,969
935,854,969
475,352,971
912,839,972
734,167,973
816,702,975
290,32,975
436,648,976
562,542,978
897,870,978
284,584,978
704,89,980
524,85,981
361,339,981
153,457,984
977,167,985
895,736,986
568,639,987
392,924,988
483,729,988
689,881,988
397,990,991
440,884,992
318,592,992
989,417,993
910,680,993
483,914,994
350,624,995
366,571,995
847,834,995
491,787,996
52,841,996
293,939,997
754,618,998
561,422,999
250,623,999
301,514,999
762,845,2
63,538,2
573,787,3
159,957,5
945,418,5
65,640,6
687,148,6
616,197,9
728,164,9
817,882,9
240,549,9
977,344,10
199,521,11
877,217,15
496,792,16
966,117,16
494,815,17
681,477,20
894,454,21
868,343,21
259,164,23
462,336,23
167,262,26
678,212,27
85,785,30
984,869,30
818,224,32
828,339,33
622,309,33
377,348,33
151,478,34
860,415,35
924,693,37
567,324,38
814,233,38
905,160,42
208,262,43
213,492,43
442,481,46
145,431,47
768,737,47
516,500,48
424,560,48
661,990,49
14,840,49
637,384,50
952,141,50
483,83,50
173,495,51
825,424,52
745,748,56
79,89,57
241,366,58
228,769,58
955,116,58
769,79,59
486,827,59
44,270,64
543,988,68
828,409,68
709,24,69
693,575,70
925,361,70
356,760,70
643,618,73
664,992,74
958,337,75
142,577,79
804,308,79
353,246,80
353,352,81
522,390,84
905,206,84
624,230,85
133,630,87
45,238,88
400,634,88
255,306,89
47,556,89
980,348,90
976,933,91
960,758,91
951,29,93
904,519,93
91,849,93
628,739,96
686,442,97
124,239,97
455,248,97
764,951,98
119,197,99
214,996,99
729,763,100
101,176,100
118,75,101
143,618,102
387,945,104
391,50,104
245,443,105
726,978,106
13,520,106
943,112,107
108,624,107
140,232,107
946,957,108
635,668,108
391,253,109
930,566,109
15,391,110
364,747,111
200,125,111
615,694,112
152,414,112
313,231,113
151,878,115
96,155,116
585,24,117
554,907,118
54,59,119
532,710,119
760,129,122
233,694,122
290,824,124
757,436,125
787,345,127
549,699,129
811,599,131
472,833,134
138,449,134
980,221,134
338,269,135
86,949,135
872,519,136
22,475,136
110,207,136
32,327,140
52,976,140
729,394,141
765,557,141
131,479,142
161,749,142
152,85,142
272,734,143
512,312,143
211,770,143
916,409,149
867,359,150
337,907,151
425,446,152
135,322,153
423,84,153
773,795,154
250,79,154
687,971,154
762,591,154
644,691,155
104,952,160
182,486,160
331,865,160
2,520,160
502,429,162
966,813,162
526,78,162
798,888,162
831,401,164
792,263,165
781,613,166
947,681,166
764,774,167
281,634,168
352,23,169
436,935,169
515,892,172
705,278,172
544,218,173
191,300,174
395,333,175
500,293,176
655,473,177
877,623,177
504,98,177
594,196,178
595,601,178
336,300,178
849,730,178
226,955,179
345,820,179
550,274,179
122,22,180
223,245,181
986,305,181
121,217,184
352,603,184
930,930,185
579,432,186
65,647,187
604,341,187
45,711,189
974,426,189
962,32,190
937,84,190
838,494,190
506,817,191
235,523,191
998,901,192
834,52,193
125,17,194
714,625,194
310,74,197
760,340,199
960,622,200
562,972,200
18,256,202
403,551,202
793,690,204
582,697,205
109,702,206
840,182,206
804,108,207
153,119,207
145,780,208
744,897,209
355,425,212
567,203,213
898,132,213
861,522,213
758,793,214
30,808,215
338,190,216
138,607,217
749,664,218
531,669,220
222,365,220
493,854,221
583,451,221
768,911,221
843,355,221
60,313,221
352,569,221
648,558,221
649,714,225
593,13,227
490,884,999
648,147,1
771,363,0
452,43,0
582,780,0
569,73,0
860,17,1
805,592,3
818,758,3
912,514,3
104,776,4
781,625,5
596,986,6
651,999,6
59,234,6
156,774,7
37,728,7
642,241,7
630,292,8
959,407,9
439,572,9
109,537,10
140,69,10
59,593,10
31,880,10
898,198,10
336,73,10
816,406,12
117,719,12
145,551,12
534,459,13
455,557,16
406,898,17
94,766,17
973,611,18
398,869,18
264,319,19
711,304,20
746,957,21
906,977,21
574,610,21
636,783,21
557,840,22
42,462,22
90,796,23
843,806,25
176,629,26
719,954,26
443,548,27
213,46,28
649,656,28
904,676,28
610,703,28
368,457,29
96,887,29
629,278,30
380,483,30
521,308,30
434,444,31
475,507,34
899,309,34
559,908,34
447,285,34
187,933,34
345,602,35
685,160,36
768,898,37
440,890,37
279,352,37
133,452,37
255,239,38
145,675,38
585,719,38
589,850,39
457,476,39
545,155,40
608,880,40
464,265,41
899,955,42
989,50,42
486,94,42
826,884,43
24,195,43
494,0,44
8,660,45
759,330,45
373,339,46
470,635,46
659,496,47
310,3,48
140,980,48
325,584,49
903,843,51
912,956,51
608,797,51
79,753,51
265,418,52
458,335,53
864,655,53
537,396,54
702,430,54
654,780,55
776,594,55
211,273,55
222,882,56
634,44,56
383,256,57
279,215,57
294,635,58
785,367,58
505,929,58
891,259,59
560,13,59
704,913,61
908,765,61
395,83,62
397,533,63
226,979,63
112,605,64
378,224,64
650,563,64
553,952,65
680,151,67
503,153,67
53,172,68
221,519,68
973,238,69
463,956,69
635,777,69
506,957,69
583,398,70
976,142,71
612,748,71
874,705,72
46,77,73
508,922,73
665,603,73
215,736,73
930,212,74
384,911,74
84,230,75
466,497,75
547,444,75
44,106,75
437,412,75
694,35,76
985,899,78
867,215,78
713,372,79
287,49,80
304,734,82
612,757,83
870,701,85
29,744,85
499,888,86
998,834,86
847,218,87
902,946,88
675,503,88
674,117,88
663,179,88
542,882,88
353,883,89
914,258,90
90,68,90
344,875,91
972,766,92
86,842,93
612,760,93
176,214,93
247,920,93
39,830,94
137,334,95
694,278,95
569,84,96
37,871,97
417,322,97
571,604,97
23,797,98
726,69,98
78,518,98
317,701,98
503,832,98
564,199,98
175,301,99
379,524,101
906,687,101
737,80,101
931,609,102
439,738,102
882,991,102
481,635,103
581,332,103
418,341,106
623,878,106
30,588,108
361,542,108
793,585,108
253,524,108
614,314,109
11,676,109
992,123,109
360,120,110
476,913,111
760,74,112
308,885,112
682,35,113
601,130,113
314,302,113
443,968,114
633,19,115
938,886,115
64,204,115
31,436,115
977,939,115
892,580,116
38,422,118
143,538,118
606,860,120
46,550,120
119,985,120
208,279,120
240,576,123
722,673,123
859,384,123
584,53,124
773,515,125
426,384,126
469,446,126
444,189,126
45,510,127
443,12,127
47,680,128
533,139,128
424,865,129
755,409,129
541,962,129
451,667,129
841,953,131
684,427,131
365,439,131
931,791,131
193,614,131
348,652,131
362,231,132
25,963,133
761,952,134
790,486,134
815,262,134
128,918,135
211,372,136
590,519,136
51,326,136
634,498,136
682,55,137
323,604,137
176,355,137
891,531,138
660,214,138
931,397,139
603,216,139
595,671,139
789,44,140
685,750,140
558,481,141
356,513,141
399,731,142
270,198,142
461,885,143
72,654,143
664,679,144
583,968,144
758,693,144
805,812,145
372,65,145
555,330,147
7,604,147
435,628,148
57,969,148
286,952,148
205,864,149
504,761,149
891,316,149
240,943,149
286,27,150
145,688,151
117,352,151
59,53,151
844,540,151
648,592,152
110,496,153
939,675,154
620,197,155
171,782,155
742,882,155
67,337,156
596,687,157
73,622,157
595,639,157
572,865,157
374,763,158
307,970,159
813,391,159
960,97,159
988,576,159
253,231,159
120,346,159
695,633,160
723,17,160
400,471,161
859,651,161
433,217,162
752,902,162
357,724,164
994,399,164
144,436,165
399,45,165
82,176,165
908,913,166
240,89,166
784,386,167
874,279,167
987,37,168
150,503,168
814,136,169
240,538,169
346,500,169
865,517,170
52,220,170
397,399,170
538,864,171
665,26,171
901,990,171
842,746,172
487,402,172
991,38,173
752,139,174
250,671,175
16,28,175
802,432,175
379,407,176
87,683,176
982,288,176
955,309,176
453,264,176
726,826,177
589,132,177
332,370,177
933,981,178
13,312,179
471,625,180
973,25,181
570,764,181
450,364,181
54,625,181
827,11,182
358,618,182
694,245,182
338,178,183
192,714,184
233,9,185
250,898,185
555,919,187
497,299,187
415,986,187
250,670,188
354,768,188
794,875,188
892,427,189
707,994,189
123,451,190
518,22,190
192,158,191
44,715,192
165,646,192
368,181,192
530,266,192
116,312,194
176,122,194
145,145,194
969,86,194
898,303,194
848,12,196
757,669,196
351,885,199
751,913,199
699,366,199
487,100,199
488,69,200
29,922,200
241,297,201
322,92,201
596,636,204
597,988,204
853,661,204
10,825,206
115,481,206
127,588,207
297,888,207
556,0,207
949,673,207
889,428,209
837,298,209
868,796,210
880,858,210
788,328,211
536,487,212
458,929,212
450,833,212
405,318,212
525,587,213
90,703,213
498,607,213
276,960,214
716,89,214
359,930,215
103,5,215
641,518,216
964,801,216
717,453,217
301,331,217
46,528,218
621,514,219
471,856,219
667,557,219
736,640,219
843,365,219
699,664,220
723,408,220
902,580,220
252,282,220
286,835,221
392,970,222
843,738,223
380,448,225
388,206,225
271,703,226
851,900,226
402,741,227
842,313,228
145,243,228
988,566,229
468,9,229
955,305,230
811,438,231
108,709,231
231,188,231
872,972,232
846,123,232
535,454,234
680,131,234
300,130,235
770,667,235
283,450,236
259,888,236
400,221,236
683,922,236
283,802,237
289,104,237
588,481,237
116,817,238
448,266,238
893,977,238
491,114,238
94,446,238
794,860,238
608,372,239
620,241,239
100,6,240
171,626,241
84,623,241
354,70,241
396,963,242
958,114,242
658,705,242
441,903,242
499,48,243
439,1,243
659,594,243
226,400,245
252,404,245
305,645,247
332,892,247
735,50,247
546,758,247
518,179,248
355,35,248
682,158,249
12,779,249
610,710,249
3,196,249
404,329,250
78,161,250
712,83,250
578,161,251
196,372,251
931,57,252
661,749,252
573,770,254
232,384,255
193,884,255
598,258,255
824,554,256
319,154,257
371,765,257
165,38,257
199,534,258
793,948,258
391,245,260
722,436,260
333,364,260
198,238,260
26,699,261
469,636,261
137,807,261
16,297,261
534,763,261
827,649,261
79,832,261
994,290,261
869,973,262
581,460,262
30,996,263
668,207,264
718,678,267
228,16,267
622,902,268
321,879,268
679,218,268
92,828,269
534,749,269
598,118,269
638,894,270
138,13,270
40,622,271
668,596,271
584,728,271
674,410,271
969,379,271
673,357,272
94,303,272
566,150,272
110,879,273
918,920,274
228,445,275
84,398,275
357,822,275
101,627,276
71,545,276
525,120,276
497,231,276
670,921,277
359,223,277
655,49,277
236,466,278
852,35,278
826,973,278
10,871,278
181,659,279
737,788,280
88,473,280
29,668,280
268,73,280
224,145,282
596,190,282
735,694,282
709,553,282
141,707,282
840,27,282
785,303,282
48,527,284
526,672,284
596,580,285
546,848,285
381,971,286
946,399,286
222,822,286
87,766,287
218,403,287
745,286,287
809,338,287
686,405,287
834,100,288
881,274,288
74,874,290
141,672,290
1,943,291
640,388,291
637,864,291
613,373,293
77,37,293
663,312,293
682,319,294
405,302,295
409,477,296
998,871,296
111,680,296
919,705,297
933,492,298
639,291,298
933,281,299
985,102,299
853,568,301
592,241,301
200,59,301
136,517,302
661,246,302
7,602,303
989,46,303
614,997,304
342,541,305
819,679,305
749,596,306
397,59,306
483,429,307
777,112,307
429,457,308
565,512,309
981,596,309
875,503,310
284,877,310
442,106,310
575,777,310
160,899,311
367,602,311
513,456,311
106,455,312
501,12,313
512,915,313
769,663,314
177,51,315
362,978,315
846,783,315
469,272,315
12,597,315
729,499,315
854,128,315
300,353,316
371,736,316
26,110,317
362,367,317
818,681,317
760,91,317
699,862,319
693,900,320
995,262,320
599,596,320
78,11,321
882,693,321
74,118,322
643,742,323
942,72,325
649,423,326
521,375,326
762,483,326
447,9,326
322,811,327
337,718,327
927,216,328
234,42,329
118,715,329
392,716,329
426,876,330
13,508,331
457,938,331
868,553,333
506,257,333
387,133,334
82,917,334
696,175,334
152,252,334
264,186,334
761,169,335
973,496,335
389,492,336
408,909,337
799,938,337
335,901,337
281,363,338
16,44,338
901,970,339
147,46,339
506,158,341
121,393,342
545,494,342
846,976,342
508,785,342
164,612,342
6,405,342
498,203,342
971,947,342
156,190,343
186,738,343
263,473,343
613,566,343
352,502,344
469,836,344
903,556,346
783,802,346
549,433,347
963,169,348
349,690,348
773,713,348
519,85,349
755,896,350
166,942,351
832,813,351
958,543,352
790,289,353
408,479,353
361,9,353
227,416,354
486,162,354
432,351,354
933,688,355
406,517,355
509,953,355
456,75,355
328,827,355
0,352,356
611,667,356
235,101,356
671,660,357
528,261,357
353,52,358
303,968,358
75,816,359
505,797,359
304,473,359
387,165,359
306,7,360
473,6,360
689,908,360
594,287,360
231,202,361
590,732,362
609,276,362
838,333,363
787,894,364
62,998,364
375,348,365
446,421,365
111,822,365
734,49,365
344,984,365
692,163,365
98,920,366
598,416,366
794,532,366
611,254,366
103,228,366
359,739,367
587,554,367
816,916,368
366,913,368
312,501,368
833,214,368
614,696,369
282,496,369
714,845,370
625,271,370
290,636,370
49,516,371
808,984,371
188,503,371
424,277,372
603,608,372
126,104,373
88,176,373
798,799,373
293,870,374
898,617,374
802,334,374
788,887,375
132,959,375
915,671,375
736,874,376
992,280,377
185,932,377
194,58,379
124,711,379
996,794,379
634,218,379
897,722,380
956,431,380
682,955,381
316,112,383
145,827,384
759,605,384
525,86,384
682,404,384
108,23,384
54,33,385
601,131,385
633,862,386
670,896,386
627,14,387
778,49,387
488,975,390
748,276,390
23,167,391
557,857,392
39,163,392
208,897,393
478,607,393
997,164,394
995,347,394
290,359,395
22,221,395
397,656,395
748,358,395
270,613,396
669,101,398
107,479,398
270,299,398
832,63,398
389,46,399
661,525,400
896,966,400
47,207,401
117,545,401
623,758,402
187,504,402
105,979,402
880,887,403
632,965,403
37,905,403
498,566,403
326,166,404
187,313,404
227,427,405
471,269,405
707,908,406
432,20,407
143,965,407
229,523,408
775,643,408
529,574,409
685,286,409
454,737,409
908,470,410
673,452,410
357,687,411
672,166,411
403,761,411
311,639,411
23,395,412
199,696,413
903,84,414
587,853,414
9,52,415
230,912,415
15,447,415
200,692,416
11,198,416
536,572,416
32,91,417
13,653,417
59,704,418
758,33,418
114,577,419
630,716,419
531,933,419
408,798,420
673,428,421
145,494,421
602,951,422
671,48,422
915,582,422
341,540,423
233,56,423
77,965,424
762,36,424
701,398,424
553,393,425
639,360,425
815,557,425
415,81,425
313,420,426
435,290,426
574,425,426
675,822,426
526,515,427
765,272,427
827,579,427
504,556,428
21,389,428
915,448,429
210,399,431
313,333,431
161,485,431
258,182,432
576,73,433
243,896,433
65,318,433
466,954,434
910,86,434
398,352,434
115,775,435
550,61,436
340,714,436
505,206,436
162,973,437
735,418,437
343,165,439
444,139,439
609,143,439
453,613,439
244,845,439
674,838,440
555,653,440
835,262,441
308,137,441
758,426,443
467,12,444
232,153,444
554,625,444
12,427,444
581,916,444
104,371,445
714,899,445
523,208,446
13,345,447
985,615,447
135,898,447
933,379,447
661,547,447
814,668,448
807,423,448
685,351,448
291,579,448
52,615,449
148,269,449
389,804,450
387,199,450
818,281,451
770,490,451
205,890,451
843,818,452
696,940,452
294,355,453
210,486,454
130,671,454
502,188,455
997,537,455
229,60,456
231,486,457
650,266,458
18,714,459
446,592,459
728,659,459
835,61,460
487,265,460
160,686,460
921,679,460
603,630,460
377,112,461
727,815,461
355,304,461
93,237,462
357,650,462
438,981,463
405,835,463
335,958,465
457,374,466
734,924,466
246,66,468
81,308,468
952,882,470
502,453,471
383,327,471
381,507,471
618,695,471
808,53,472
439,882,472
315,231,472
861,544,473
883,875,474
208,6,474
512,658,475
185,338,475
7,844,475
285,777,477
289,441,477
109,357,479
198,502,480
865,951,480
858,700,481
117,691,482
689,249,482
418,813,483
1,532,483
317,936,483
176,649,483
457,16,484
606,890,487
903,931,487
32,105,487
881,22,488
744,723,488
495,907,488
208,111,489
909,330,489
141,300,490
332,39,490
417,480,491
843,1,491
845,910,491
63,73,491
463,500,492
164,20,492
451,296,492
331,219,492
63,462,493
778,701,494
28,884,494
868,398,495
446,490,495
273,190,495
615,151,496
76,28,496
642,909,496
954,631,496
510,639,496
522,474,496
89,925,496
271,367,497
680,629,498
579,783,499
789,803,499
452,390,499
997,834,499
68,242,501
698,428,502
44,801,502
248,628,502
143,839,503
683,583,503
962,660,503
33,375,503
476,608,503
203,713,504
635,453,505
365,406,505
220,73,506
987,462,506
2,430,507
606,217,508
421,396,508
617,240,508
427,66,509
725,190,509
942,187,510
429,918,510
485,738,511
317,887,512
687,792,515
275,142,516
808,69,517
720,187,517
361,662,520
925,182,520
428,390,521
339,710,522
940,683,522
896,883,522
511,398,522
972,705,523
899,821,524
559,549,524
943,953,524
658,691,525
177,629,525
921,707,526
562,422,526
121,35,526
125,865,526
250,851,527
729,474,527
898,162,528
669,401,529
718,275,529
375,214,529
648,253,530
345,637,530
810,242,531
70,955,531
778,327,532
856,179,533
624,546,533
787,68,534
121,55,534
783,943,539
107,895,539
481,147,539
301,884,542
533,378,542
807,931,542
361,222,542
91,318,542
809,429,542
285,715,543
280,963,543
810,222,543
102,731,544
934,879,544
664,167,545
664,195,545
191,313,545
428,618,545
602,763,545
232,606,546
837,500,546
848,717,546
854,510,546
90,239,547
748,882,547
672,516,547
235,166,548
516,799,549
58,294,549
616,142,549
442,369,550
364,744,551
471,606,551
835,18,552
641,133,553
834,544,553
520,336,553
96,198,553
856,934,553
107,583,554
872,909,555
306,183,555
158,768,555
848,13,556
524,826,556
168,109,556
547,818,556
674,560,557
812,575,557
307,927,558
539,504,558
365,569,559
886,5,559
587,942,559
215,941,560
875,636,562
895,547,562
215,771,563
171,460,563
694,241,564
221,454,564
236,981,564
247,811,565
884,864,566
451,510,567
635,502,567
686,864,567
3,74,568
779,418,568
450,975,568
754,851,569
972,448,569
6,21,570
281,443,570
961,605,571
644,238,572
905,37,573
32,69,573
347,63,574
416,803,574
351,790,574
186,864,574
81,400,575
97,753,576
235,760,576
321,462,577
984,289,577
329,213,577
11,895,578
498,960,578
180,201,578
951,209,579
494,609,579
842,42,580
921,825,581
626,24,581
211,351,581
465,194,582
14,390,582
739,981,582
497,653,583
206,724,584
178,773,584
654,966,585
594,299,586
363,440,587
746,977,587
909,853,589
580,380,590
240,536,590
688,922,590
266,183,590
516,780,590
526,121,590
369,504,590
615,520,590
193,369,591
552,808,591
516,668,591
703,988,592
574,876,592
634,942,593
935,565,594
654,92,594
724,216,595
329,43,595
772,859,595
814,737,595
325,621,596
509,822,597
729,13,598
793,370,599
813,104,599
410,526,600
33,521,602
40,792,602
863,235,602
411,500,602
674,661,603
643,721,604
175,281,604
333,653,604
360,894,605
37,421,605
448,133,605
931,393,605
512,761,605
183,521,606
89,268,606
486,837,607
994,206,607
850,624,608
366,121,608
701,140,609
640,126,609
146,419,610
832,768,610
261,840,610
54,910,611
372,875,611
628,578,613
336,45,613
896,179,616
477,945,617
50,45,617
716,205,618
785,627,618
602,198,619
450,348,620
244,89,620
761,964,621
977,254,621
680,490,621
0,992,621
