800,988,234
812,209,235
423,821,235
402,20,235
502,161,236
481,989,237
282,98,237
958,983,239
16,933,239
836,552,244
530,1,245
47,100,245
543,774,245
879,543,246
574,26,246
447,669,247
567,392,247
896,396,248
893,732,248
858,353,248
571,185,249
307,976,249
66,361,249
437,158,250
687,686,251
319,761,252
67,576,253
823,284,253
190,840,254
734,33,255
416,543,255
111,821,255
994,769,256
636,647,259
106,6,259
434,67,260
351,926,265
946,462,268
632,190,269
580,881,269
417,907,271
28,650,271
326,772,271
291,391,273
377,23,273
985,987,274
606,53,275
677,792,275
914,523,278
101,226,278
136,786,279
520,414,280
901,637,281
976,650,281
48,126,284
42,594,285
648,191,285
341,993,286
572,828,288
738,628,288
136,335,289
314,260,289
33,327,289
810,913,289
605,207,290
324,487,290
221,990,291
64,861,292
722,77,294
41,174,295
552,242,295
536,485,295
679,509,295
1,800,297
153,280,298
992,85,299
521,295,299
956,179,300
61,741,300
63,167,301
90,208,301
359,827,301
495,794,301
68,293,302
916,351,305
931,840,307
764,195,311
838,698,312
141,256,313
672,15,314
859,131,315
586,396,318
454,573,319
8,364,319
944,682,320
550,259,323
968,857,324
573,884,324
335,499,327
560,661,329
508,821,329
169,920,332
524,706,332
122,168,336
918,808,337
738,73,339
256,875,340
258,401,341
99,336,343
126,956,344
38,139,344
115,864,345
575,257,345
396,500,346
706,300,346
186,759,346
566,947,348
824,326,348
180,553,350
412,780,350
76,269,351
629,174,351
64,163,353
997,272,353
401,129,354
649,425,355
100,120,357
696,720,359
567,755,359
617,239,361
613,177,363
674,259,365
847,795,366
559,971,366
815,701,367
802,891,367
880,558,367
16,0,368
231,110,368
738,402,369
590,227,371
779,517,371
362,929,371
490,301,372
589,544,374
560,980,375
270,423,375
876,270,376
5,625,378
769,467,378
225,815,378
344,704,378
295,670,379
816,534,380
302,712,381
443,810,382
36,477,382
228,366,383
368,619,383
569,689,383
565,562,384
320,189,384
244,225,385
904,647,386
627,147,387
772,19,392
783,764,392
422,122,395
501,911,395
883,553,395
134,410,397
545,794,399
56,396,399
335,308,400
113,898,400
687,402,401
804,963,403
934,562,403
618,588,404
775,451,405
624,226,407
385,74,410
637,460,412
782,938,416
691,738,417
525,467,418
634,628,419
627,729,423
210,471,424
728,430,424
213,808,426
596,996,427
997,655,427
860,531,428
237,696,429
334,20,429
899,294,430
67,502,430
701,127,430
674,860,431
756,800,431
405,69,431
102,458,432
944,808,432
660,124,433
202,718,435
298,269,436
698,468,436
648,831,437
15,880,437
826,192,437
413,740,438
160,655,439
867,408,440
625,505,441
56,631,442
73,171,442
398,641,443
177,301,444
986,695,444
164,80,444
769,642,445
229,895,446
414,164,446
675,26,447
346,407,449
951,393,452
697,386,453
530,71,454
912,524,454
785,285,458
895,967,458
544,948,458
165,752,459
74,24,459
275,555,459
239,95,459
490,742,463
720,987,463
62,399,469
498,573,469
118,816,471
787,18,472
975,898,473
117,202,474
389,948,476
433,844,476
589,239,479
835,878,479
912,558,479
459,895,479
798,140,480
531,765,481
844,669,484
597,493,484
669,503,485
28,78,486
261,295,488
965,158,488
52,135,490
754,768,491
361,890,491
416,869,491
733,749,491
262,710,492
857,520,492
719,605,494
341,931,494
738,663,494
409,54,494
400,69,494
503,214,495
548,508,496
463,378,496
401,863,497
93,539,498
31,476,499
341,796,499
353,833,501
502,397,502
920,304,502
209,838,502
524,499,503
455,159,504
479,855,504
679,733,504
214,318,505
735,685,507
638,794,507
393,664,508
898,973,508
89,628,510
761,705,510
176,685,510
156,511,511
903,720,511
872,405,515
403,566,515
625,834,515
355,313,516
315,910,517
535,355,518
266,804,518
519,593,518
917,258,519
440,24,519
425,149,521
196,206,521
524,174,521
235,339,521
340,696,523
400,907,524
160,650,525
389,349,526
67,406,526
848,243,529
779,926,533
206,255,535
862,153,535
944,695,535
441,162,535
97,646,536
962,137,536
543,161,538
445,476,540
735,369,540
658,975,541
41,511,541
991,397,542
703,657,544
993,909,545
99,210,546
209,869,547
976,976,547
490,179,550
148,79,550
413,763,552
510,955,552
818,864,553
908,294,553
618,269,555
654,985,555
750,155,556
857,562,556
637,479,557
209,827,557
247,128,558
976,113,562
991,966,562
268,883,563
771,368,564
851,569,566
91,961,567
207,57,567
327,9,571
916,742,572
919,762,574
281,747,574
398,151,574
962,860,580
418,583,580
852,126,581
308,681,582
614,271,583
942,642,583
184,916,583
382,30,584
77,887,585
396,423,585
409,544,587
202,9,589
370,986,589
876,238,589
966,683,589
155,752,590
174,325,590
257,963,590
396,783,592
79,768,593
11,178,594
156,841,595
140,110,596
87,584,596
204,494,598
74,543,598
386,75,599
93,691,602
382,524,604
337,711,604
817,742,606
466,559,607
788,880,607
696,534,609
459,757,610
813,390,612
326,380,612
928,324,612
14,260,612
111,393,615
593,723,615
832,394,618
738,10,619
623,853,620
867,846,621
160,644,624
231,386,625
611,443,626
128,414,628
631,280,629
334,464,629
595,401,630
582,438,631
729,574,631
282,549,631
431,249,631
610,330,631
121,74,632
192,576,632
620,447,632
577,279,633
142,860,633
306,418,633
411,312,633
818,895,633
128,931,633
825,848,634
127,944,634
672,162,634
608,166,634
678,295,635
891,532,635
36,504,635
985,393,636
520,866,636
459,587,636
987,912,636
934,365,637
218,753,637
868,676,637
755,404,637
465,872,638
860,137,638
523,625,639
441,85,639
619,692,639
872,46,639
976,123,639
385,896,640
306,682,640
389,647,641
935,973,641
107,14,641
232,489,642
127,79,642
744,668,643
703,470,643
546,325,644
941,769,644
24,725,644
339,481,645
365,273,645
323,680,645
158,534,645
896,94,646
535,983,646
765,500,646
957,32,646
140,211,646
694,746,646
981,731,647
73,98,647
981,761,648
65,131,648
536,289,649
625,281,649
835,244,649
339,506,649
829,957,649
163,173,649
962,363,649
780,898,650
546,812,650
168,386,650
310,597,651
902,990,651
7,414,651
282,45,651
185,969,651
144,222,651
971,503,652
468,728,652
653,952,653
734,913,653
974,401,653
982,33,653
193,851,653
941,890,653
935,85,654
452,662,654
639,234,655
282,321,655
229,208,656
872,725,656
24,201,656
932,29,656
129,528,656
435,128,657
317,983,657
498,827,657
573,837,657
266,360,658
954,615,658
824,626,658
148,558,659
265,891,659
32,208,659
731,704,659
496,1,660
704,957,660
561,117,660
315,751,661
322,136,661
554,477,661
2,44,661
801,327,661
25,977,661
827,727,662
293,148,662
499,566,662
193,423,662
58,953,663
621,920,663
704,876,663
416,702,664
315,43,664
284,852,664
998,273,665
369,821,665
414,199,666
388,777,666
100,415,666
877,685,667
16,188,667
481,968,667
46,876,668
307,431,668
493,313,668
443,652,668
511,630,668
892,198,669
630,383,669
259,876,669
290,143,669
491,489,671
850,439,671
534,263,672
779,371,672
63,263,672
622,387,672
817,672,673
175,977,673
236,184,673
447,95,674
424,441,674
414,426,674
406,962,675
662,306,675
733,620,675
447,14,676
264,975,676
357,51,677
652,158,677
903,954,677
741,53,677
127,761,678
580,494,679
309,659,679
323,287,679
167,329,679
226,363,679
949,94,680
552,421,681
23,329,682
71,381,682
677,269,682
964,475,682
272,458,684
779,337,684
777,43,684
726,468,685
402,813,686
69,266,686
676,331,687
864,13,687
142,70,687
226,655,687
849,400,688
73,395,689
480,836,690
660,283,690
200,178,691
738,657,691
70,532,691
978,115,691
384,991,692
971,907,692
855,632,692
863,161,692
335,912,692
866,781,693
114,491,693
414,891,694
531,591,694
492,810,694
320,654,694
165,519,694
394,838,694
986,743,695
419,371,695
691,786,696
730,168,696
247,93,696
229,193,697
669,278,697
945,400,698
221,391,698
556,684,698
718,463,698
845,614,700
963,641,700
664,63,700
950,240,701
682,887,701
251,786,701
215,913,701
555,128,701
924,75,701
802,526,701
176,105,701
789,831,702
412,549,702
481,226,702
894,918,703
410,598,703
660,865,704
805,925,704
998,666,704
793,879,705
832,847,705
865,351,705
952,974,705
655,38,706
906,383,706
147,80,706
201,763,706
408,737,706
274,718,706
839,375,707
210,798,708
65,867,708
461,127,708
934,407,709
734,222,709
733,328,709
873,212,710
200,451,710
782,561,710
688,477,710
680,718,710
435,538,710
278,633,711
596,766,711
717,712,712
879,191,712
329,949,713
827,488,713
310,798,713
684,923,713
93,765,713
814,173,713
545,136,714
300,583,714
75,492,714
877,575,715
495,65,715
230,625,715
593,647,716
380,570,716
608,611,717
102,45,717
638,957,717
62,972,718
995,142,718
136,66,718
71,297,718
944,808,718
550,914,718
924,115,718
254,449,719
85,997,719
656,548,719
525,903,719
918,218,720
123,356,720
521,438,720
78,925,721
46,767,721
616,180,722
221,652,722
736,670,722
895,90,722
280,182,723
748,737,724
92,870,724
306,749,724
69,472,725
923,829,726
724,477,726
447,5,726
750,128,727
409,237,727
333,568,727
785,428,728
458,210,728
75,357,728
362,253,729
79,528,729
855,243,729
697,802,730
765,274,731
928,212,731
567,213,732
250,17,732
679,513,733
0,187,733
500,263,733
31,878,733
869,918,735
397,178,735
758,284,736
297,717,737
71,586,737
992,993,738
134,90,738
685,737,738
529,48,738
252,524,738
662,973,738
205,240,739
693,408,739
666,979,739
828,541,739
631,6,740
32,169,740
487,489,740
700,705,740
73,773,740
293,840,740
17,877,740
280,343,740
328,885,740
235,232,741
39,702,741
552,277,742
577,21,742
369,140,743
751,158,744
168,195,744
11,808,744
896,456,744
125,257,744
749,519,745
316,129,745
879,200,745
280,11,746
908,990,746
439,293,746
74,321,747
761,943,747
152,304,747
538,326,748
445,41,748
456,899,748
248,717,748
832,688,749
37,376,750
750,207,750
275,743,750
23,896,750
614,889,751
883,488,751
682,406,751
966,76,751
489,436,751
211,793,751
358,481,752
174,530,752
857,80,752
953,812,752
896,44,752
433,239,753
593,669,753
255,978,754
612,218,755
29,385,755
628,868,755
70,505,757
524,357,758
944,524,758
772,473,758
562,660,758
231,926,758
125,524,758
371,130,760
983,64,760
968,353,760
993,836,760
612,708,760
418,919,761
537,76,761
971,590,761
453,47,762
279,930,763
147,692,763
889,484,763
485,829,763
296,544,764
410,954,764
909,124,764
941,659,764
771,602,765
363,982,765
863,540,765
141,924,765
17,65,766
293,298,766
292,946,766
908,296,766
119,694,767
609,884,767
738,362,767
843,804,767
395,541,767
56,711,768
222,598,768
544,958,769
816,143,769
450,531,769
708,181,769
882,951,770
362,916,770
199,250,770
685,761,770
578,898,770
238,588,770
377,295,771
178,471,771
835,707,772
850,467,772
782,985,772
50,201,772
387,24,773
577,397,774
905,145,774
954,563,774
34,158,774
931,210,774
787,633,774
877,26,774
174,187,775
234,910,775
804,422,775
649,507,775
791,839,776
481,417,776
599,688,776
21,768,776
430,394,776
587,167,777
136,173,777
35,593,777
834,422,777
374,47,777
996,238,777
336,398,777
292,113,777
11,173,778
145,888,778
916,551,778
710,216,779
826,816,779
803,707,779
712,801,780
653,758,781
553,143,781
558,430,781
862,945,781
310,776,781
225,610,782
955,72,782
50,812,783
205,16,783
789,922,783
418,289,784
373,807,784
97,202,784
768,800,785
294,998,785
646,533,785
963,464,785
619,519,786
966,137,786
134,736,789
18,386,789
986,547,789
654,262,790
324,848,790
694,694,790
41,399,790
467,522,791
728,625,791
850,431,791
294,351,792
316,322,793
515,588,793
449,748,793
827,581,794
250,980,794
155,900,794
430,112,794
307,899,795
246,230,795
967,362,795
817,345,795
282,213,795
697,363,795
504,231,796
568,337,796
236,114,796
846,532,796
218,969,797
767,76,797
479,335,797
886,856,798
650,501,799
595,769,799
453,211,799
254,39,800
668,672,801
605,112,801
918,519,801
539,70,802
344,222,802
776,973,802
167,971,802
125,319,802
60,661,802
630,34,803
122,185,803
710,796,803
18,44,803
218,986,803
546,955,804
650,475,805
911,390,805
670,171,805
864,165,805
621,925,806
238,141,806
763,170,806
844,889,806
550,316,808
715,830,810
759,57,810
385,508,811
391,937,811
246,923,811
840,292,811
266,317,811
294,600,812
198,183,812
963,91,812
219,514,813
21,762,813
418,654,813
165,767,813
241,96,813
212,700,814
769,201,815
366,75,815
304,701,815
641,477,816
153,57,816
405,861,816
933,711,816
977,911,817
980,366,817
355,737,817
403,161,818
568,627,818
91,315,818
632,983,818
357,13,819
731,95,819
848,454,819
948,725,819
29,606,819
428,992,819
62,900,819
671,543,821
588,159,821
842,585,821
8,496,821
865,184,822
479,380,822
444,354,822
475,689,822
418,887,823
739,976,823
249,742,824
939,521,824
929,787,824
620,50,825
168,906,827
641,97,827
194,359,828
843,466,828
979,341,828
36,971,828
25,971,829
97,607,829
924,175,829
168,849,829
457,828,829
728,106,829
689,806,830
660,458,830
346,461,830
719,556,831
843,813,831
538,901,831
125,92,831
773,86,831
473,373,831
117,320,832
686,319,832
475,751,832
547,376,832
314,250,832
578,788,833
621,124,833
413,669,834
730,374,834
674,442,834
671,579,834
466,871,835
216,116,835
468,660,835
501,762,836
275,752,837
870,205,837
933,747,837
402,914,838
739,101,838
485,339,839
679,331,839
271,594,839
28,454,839
569,219,839
483,785,840
399,934,840
878,287,840
831,957,840
824,261,841
731,77,842
924,806,842
367,910,843
452,790,844
4,12,844
381,522,844
647,177,844
403,134,845
4,214,845
668,948,845
840,23,845
188,855,846
924,469,846
511,186,846
324,135,846
66,801,847
515,581,847
498,887,847
287,377,848
78,849,848
21,289,848
596,661,848
376,679,848
981,963,848
532,231,848
687,217,849
798,245,849
535,662,850
876,931,850
201,690,851
847,820,851
121,180,852
43,265,852
958,755,852
10,0,853
813,556,853
25,665,853
323,692,854
149,554,854
766,159,854
91,566,855
700,811,855
328,226,856
953,805,856
289,262,857
213,65,857
344,33,857
799,928,857
533,828,857
771,368,858
516,602,858
128,21,858
542,26,858
188,47,859
204,830,859
16,851,859
238,595,860
758,876,860
782,494,860
97,373,860
869,875,860
93,433,860
731,846,860
233,262,860
96,745,861
28,617,861
38,75,862
444,510,862
789,184,862
690,533,862
629,933,863
955,180,864
67,548,864
712,468,865
505,575,865
978,281,866
113,890,866
354,994,866
38,876,867
53,889,867
969,482,867
47,325,867
44,819,867
828,934,867
434,976,867
79,575,868
612,433,868
521,206,868
352,561,869
837,205,869
586,404,869
748,432,869
616,902,869
688,803,869
430,881,870
780,144,870
376,749,871
268,474,871
207,440,872
276,225,872
335,254,873
946,16,873
702,547,874
224,272,874
649,935,875
389,231,876
862,197,876
514,704,876
619,494,876
570,822,877
751,697,877
145,555,877
619,144,878
679,180,879
194,679,879
179,127,879
244,143,880
807,950,880
344,745,880
500,356,880
285,490,880
339,968,881
628,511,881
733,0,881
702,49,881
34,1,881
792,918,883
118,264,883
167,993,883
203,17,884
67,227,884
593,781,884
694,902,884
797,730,885
902,141,885
492,818,885
215,455,886
58,189,886
457,841,887
886,472,887
330,248,887
269,820,887
863,590,887
530,876,888
280,403,888
325,535,888
944,67,888
934,180,888
789,392,889
205,478,889
967,312,890
121,740,890
940,210,890
655,979,891
882,739,891
885,573,891
391,982,892
699,974,892
648,448,892
308,93,892
987,73,892
294,353,892
552,817,893
984,145,893
473,397,893
963,110,893
457,695,893
700,21,895
673,505,897
697,401,897
34,58,897
539,577,898
515,494,898
112,434,899
98,777,899
738,900,899
957,194,899
769,326,900
127,485,900
587,379,900
926,987,901
47,50,901
700,919,902
239,481,902
679,698,902
162,594,903
380,820,903
299,567,903
302,396,903
606,394,904
8,386,904
226,66,904
633,934,904
639,111,904
555,533,905
786,287,905
324,247,905
965,501,905
411,427,905
334,507,907
248,427,907
542,285,907
263,577,907
558,606,907
490,797,907
326,788,907
820,388,907
463,359,907
887,517,908
471,502,909
941,538,909
268,122,909
345,204,909
924,750,911
442,634,911
105,324,911
13,950,911
533,565,912
937,939,912
398,657,912
41,196,912
70,551,912
308,381,913
915,716,913
535,302,913
198,677,913
129,834,913
121,81,913
980,806,914
375,271,914
783,49,914
808,696,914
388,422,915
222,353,915
964,84,915
536,972,916
854,885,917
897,138,917
368,552,917
180,361,917
399,647,917
18,356,918
445,495,918
700,243,918
524,392,918
613,577,918
783,170,918
113,362,918
532,349,919
402,994,919
75,905,919
893,820,920
958,325,920
910,365,920
585,12,920
631,388,920
846,241,920
44,57,921
266,738,921
215,99,922
591,570,922
943,678,924
368,439,924
690,920,924
190,771,924
167,486,925
110,160,925
516,697,925
725,485,926
189,718,926
14,411,926
358,205,926
38,883,926
593,44,927
461,802,927
744,601,927
284,270,928
560,378,929
37,405,929
804,507,929
792,405,930
35,942,931
347,250,931
234,700,931
889,284,932
641,862,932
570,847,932
398,502,932
240,528,932
420,814,932
378,647,933
195,958,933
656,378,934
810,638,934
672,569,935
951,875,935
822,404,936
19,390,936
828,561,937
23,883,937
348,138,937
998,2,937
700,903,937
767,643,937
246,859,937
245,585,938
547,493,938
790,582,938
233,339,938
86,282,939
52,175,939
222,234,939
100,718,939
772,109,940
362,716,940
701,194,942
550,251,942
326,958,942
105,333,942
697,679,942
480,953,943
332,866,943
442,509,944
283,0,944
203,766,944
291,901,944
185,894,944
86,178,945
871,887,945
838,129,946
457,131,946
266,450,947
890,627,947
516,322,948
458,415,948
92,894,948
575,160,948
714,15,949
927,83,949
591,418,949
362,232,949
174,725,949
804,98,949
988,168,950
328,981,950
288,483,950
836,85,950
293,787,950
338,506,950
221,945,951
671,578,951
338,126,951
551,437,952
561,354,952
335,490,952
607,709,953
632,301,953
355,536,954
970,88,954
849,806,955
261,657,955
226,166,955
678,722,955
984,929,957
661,436,957
645,482,958
15,574,958
436,443,959
914,640,959
588,463,960
562,997,960
414,83,960
512,897,961
137,863,961
64,562,961
983,530,961
482,171,961
807,677,961
660,856,962
908,230,962
625,188,963
854,575,964
939,335,964
755,827,964
96,617,965
988,843,965
85,814,965
301,628,966
297,507,966
274,569,966
526,27,967
629,493,967
126,900,967
83,537,967
699,389,967
944,963,967
927,304,967
271,468,968
973,595,968
129,890,968
444,63,969
583,177,969
865,741,969
502,547,970
46,603,971
87,613,971
742,236,971
815,950,971
288,270,972
587,469,973
743,689,973
498,802,973
21,869,974
134,184,974
678,157,974
888,424,974
282,415,974
725,337,975
413,863,975
346,269,975
241,835,976
84,533,977
551,961,977
602,376,977
146,711,977
584,741,978
125,138,978
922,452,978
263,618,979
54,407,979
365,359,981
600,268,982
950,751,982
99,706,982
630,111,982
207,222,983
425,269,983
843,200,983
404,907,983
830,549,984
706,472,984
729,166,985
474,269,985
559,625,985
78,472,986
822,776,986
72,91,986
886,122,986
102,708,987
620,603,987
869,543,987
338,649,987
585,299,989
856,658,989
481,954,989
226,86,989
162,894,989
357,719,989
553,189,989
237,826,990
885,466,990
358,825,991
745,872,991
793,511,992
704,278,992
996,965,992
495,255,993
802,648,993
762,567,993
853,23,995
372,211,995
139,519,995
831,393,996
730,281,996
23,19,996
752,792,996
369,33,996
161,335,997
601,940,997
8,47,997
521,486,998
500,931,998
967,889,0
416,582,0
423,290,8
775,127,8
318,996,8
784,187,9
33,235,9
82,615,10
413,484,11
292,519,13
411,197,13
959,572,13
947,205,13
216,826,14
695,71,14
807,736,15
956,12,16
146,689,16
131,92,18
23,625,18
903,777,19
603,228,21
291,799,21
347,357,23
523,448,23
150,362,25
711,430,25
297,622,25
307,213,26
925,385,27
595,75,28
252,703,28
691,919,29
512,846,30
155,264,30
449,985,31
431,205,36
177,565,36
410,636,36
29,153,36
674,745,36
464,511,38
655,729,38
623,852,40
276,665,40
27,423,42
443,8,44
939,459,46
4,526,46
961,32,48
293,804,49
780,289,49
692,15,51
864,1,53
91,117,55
998,429,57
725,130,60
600,11,61
906,67,62
711,628,63
995,752,63
53,400,64
644,726,64
951,855,65
950,806,66
850,269,68
61,973,72
815,23,73
192,287,73
420,755,74
42,304,75
767,452,75
414,758,75
689,0,78
957,397,79
598,209,80
43,418,81
761,453,83
647,586,84
634,106,85
23,883,86
388,323,88
793,636,89
442,150,89
242,761,90
323,704,90
10,489,91
640,821,94
459,409,94
245,868,95
273,522,95
546,144,97
765,818,97
129,661,100
264,384,100
136,281,102
157,72,102
770,845,104
397,731,105
636,586,105
530,92,105
448,782,105
910,983,106
5,713,107
947,544,107
240,425,107
377,222,111
2,634,112
973,570,112
922,488,113
154,320,113
643,575,114
969,257,115
825,623,116
257,186,117
467,779,117
968,686,117
35,769,118
673,159,119
554,564,119
695,708,120
655,15,121
533,504,121
904,397,122
797,295,125
497,168,127
347,931,127
76,544,127
154,218,127
191,504,128
862,896,128
353,659,129
8,672,129
659,537,130
8,297,131
748,547,133
891,674,135
0,62,136
565,551,136
528,432,136
623,236,141
399,536,142
292,6,145
458,111,147
878,467,148
329,663,148
857,887,149
435,383,149
478,464,151
687,988,153
878,112,154
135,178,155
371,941,155
286,417,156
519,600,156
463,478,157
891,801,158
56,119,159
835,690,160
458,570,162
770,675,163
139,665,164
987,211,165
858,119,165
952,831,166
446,14,166
541,511,168
626,366,168
417,214,169
456,869,169
191,740,171
799,250,173
849,267,173
409,484,173
689,640,176
506,544,177
663,58,178
475,471,180
582,854,182
723,662,183
981,154,183
637,651,186
269,477,187
243,541,187
564,824,188
130,989,189
575,766,189
732,539,190
626,296,192
236,209,192
802,130,193
179,121,194
890,157,195
331,631,196
749,896,197
814,249,197
662,554,197
210,435,200
88,298,202
272,664,202
530,751,204
983,718,204
952,705,206
87,68,206
166,164,206
847,836,206
691,327,208
416,251,208
51,152,209
148,41,210
618,204,210
159,659,212
222,816,212
142,392,213
479,980,214
450,859,214
732,919,214
693,524,214
939,18,217
838,9,217
507,881,220
717,995,220
232,275,220
445,235,225
463,919,225
387,706,225
908,797,227
550,539,227
163,576,228
644,386,229
211,543,230
490,994,230
445,873,230
686,627,231
651,32,232
245,457,232
539,826,233
777,950,234
560,311,234
645,654,234
353,559,235
110,880,235
780,225,235
384,791,236
24,774,236
306,298,237
519,111,238
122,820,242
895,977,243
574,703,244
949,291,246
325,506,246
733,696,247
803,258,248
303,402,249
679,730,250
535,472,250
845,103,251
293,538,251
622,954,252
227,527,253
871,676,253
108,924,254
951,744,254
827,250,254
7,357,254
584,445,255
423,605,255
103,719,256
191,670,256
645,668,257
592,268,258
453,893,260
625,242,264
450,424,264
14,514,265
50,888,266
73,679,266
554,588,267
883,840,267
310,437,267
857,584,270
735,243,270
734,393,271
376,327,271
858,230,273
254,161,273
985,972,274
569,219,274
910,199,275
18,726,275
682,862,275
660,164,276
664,710,277
831,951,277
172,272,277
357,130,278
932,292,278
588,531,278
849,332,279
403,6,282
532,131,284
467,77,289
227,262,289
96,981,290
557,904,290
146,613,290
9,435,291
708,319,291
84,894,293
145,150,293
390,179,294
633,41,296
451,725,297
159,389,297
129,815,300
727,684,301
367,354,302
37,25,303
654,900,303
81,164,303
833,393,304
764,470,305
71,956,306
225,105,306
139,80,306
522,477,307
518,704,308
881,814,308
166,159,310
787,255,310
18,176,311
654,194,311
670,905,312
485,170,313
614,704,313
479,200,314
157,365,315
901,790,317
984,642,319
973,787,320
928,673,321
61,772,323
261,733,323
680,946,323
766,736,324
477,765,324
520,367,324
99,637,326
502,940,328
396,473,329
671,679,329
521,325,329
603,99,331
754,641,332
652,995,332
619,22,332
216,418,332
208,561,332
541,259,333
752,765,333
808,915,334
170,295,335
847,430,335
147,449,338
124,412,338
543,726,338
441,785,338
495,567,342
103,16,344
169,603,347
233,406,347
653,12,348
12,656,349
492,324,350
307,758,351
472,326,351
230,669,351
141,570,353
544,597,354
353,436,354
721,570,355
21,846,356
743,650,356
590,443,357
260,337,360
140,576,362
752,660,362
434,124,363
164,257,364
415,584,365
887,336,366
520,669,366
672,604,367
281,878,368
485,682,368
362,321,368
762,429,369
8,486,369
154,242,373
110,749,374
999,839,375
807,109,377
345,534,379
978,965,379
472,393,380
331,638,381
431,436,382
887,149,383
947,678,383
47,516,385
566,47,385
386,916,386
737,285,388
894,734,391
187,622,393
188,948,394
673,524,396
249,985,399
651,133,399
6,832,400
77,445,401
52,49,402
76,52,406
859,725,407
926,227,408
834,628,408
663,791,409
886,929,410
368,809,411
676,580,413
26,587,414
519,641,415
73,177,416
336,451,417
204,423,417
669,951,418
184,569,419
314,103,420
985,536,421
12,59,422
519,818,422
542,433,425
73,952,425
719,222,426
509,617,427
484,792,427
29,466,428
312,365,428
33,213,431
308,615,435
649,607,436
452,838,437
704,12,439
492,966,442
24,360,444
786,922,445
902,745,445
251,641,446
34,518,446
912,93,447
906,936,447
977,582,448
807,281,449
861,770,449
579,679,450
877,181,450
252,665,452
805,695,454
940,291,455
506,699,456
372,379,457
358,261,462
306,997,463
875,851,464
847,460,464
418,91,466
991,317,467
20,859,468
961,458,469
544,299,472
137,338,473
768,630,473
516,900,473
384,10,474
651,665,475
531,608,475
873,37,476
170,407,477
87,156,479
446,298,480
923,100,484
45,59,484
305,433,484
881,428,487
321,755,488
393,637,490
807,979,493
798,929,494
878,902,495
254,472,497
90,128,497
65,739,497
275,688,498
541,618,501
371,124,502
627,911,508
873,838,508
830,179,509
909,888,509
152,772,509
37,155,510
603,127,510
503,734,511
832,894,511
285,479,512
282,118,512
975,710,512
143,358,513
14,726,514
65,478,514
678,224,517
937,991,519
580,384,519
193,891,521
455,611,521
471,130,524
591,577,524
880,551,525
877,721,526
341,182,526
465,908,526
550,501,530
348,284,530
272,806,530
594,35,531
416,908,531
138,16,533
103,416,534
195,806,536
858,7,536
765,214,537
71,852,538
964,542,538
901,756,538
790,820,539
382,146,539
127,492,539
330,564,539
455,391,540
271,44,543
868,439,544
917,566,545
404,560,548
819,779,550
908,396,550
471,92,550
61,850,552
370,928,554
528,967,554
718,984,558
337,382,558
992,682,559
629,834,559
174,886,562
793,873,565
31,245,565
776,13,566
47,749,568
974,58,568
85,777,569
50,817,569
651,582,569
104,222,569
473,355,573
391,985,573
429,378,576
931,921,577
481,664,579
531,767,580
501,929,582
444,472,584
873,767,585
645,340,587
932,398,587
995,289,588
530,864,589
701,423,592
299,608,592
876,955,592
505,73,593
920,304,593
169,811,593
561,787,593
316,362,595
353,132,597
412,736,597
429,910,597
488,389,598
585,633,599
501,839,599
348,122,600
205,293,602
748,867,602
243,826,606
95,936,606
740,892,607
691,768,607
500,190,607
719,879,608
593,320,609
166,126,609
64,588,610
199,285,611
962,35,611
778,393,611
141,801,613
92,659,613
633,737,613
640,615,614
695,27,615
702,288,615
127,452,615
235,130,615
437,959,615
430,921,618
0,70,618
762,154,619
50,848,620
136,734,620
109,459,621
818,964,621
891,603,622
355,923,626
661,308,627
264,658,629
20,389,630
853,481,630
468,411,632
909,796,632
25,807,633
587,592,635
174,112,635
892,382,636
793,310,638
754,253,638
339,822,638
814,368,642
790,599,643
553,900,643
569,942,644
821,650,644
641,340,645
821,111,648
393,488,648
621,203,649
118,649,652
393,989,653
281,875,654
219,579,654
959,711,655
52,105,656
731,706,657
856,830,657
120,205,659
656,290,659
220,231,660
113,145,662
545,958,662
486,807,663
902,686,664
808,473,664
855,462,665
62,228,666
569,912,666
191,96,667
328,915,669
651,535,670
197,117,671
268,55,671
197,801,673
77,591,675
289,45,675
692,978,676
593,38,676
890,383,676
514,368,678
942,681,678
327,997,679
638,505,680
537,53,680
404,82,682
970,881,682
646,195,682
509,584,685
344,529,686
663,612,687
447,547,689
927,490,689
980,285,689
511,936,689
115,428,690
852,892,690
23,416,691
425,934,692
952,740,692
494,913,693
150,369,693
932,964,694
41,945,694
948,280,695
404,477,695
555,915,696
558,738,699
841,780,700
562,807,701
289,38,701
475,656,702
486,262,703
70,58,703
159,901,704
735,645,705
103,116,707
731,634,708
738,429,708
488,319,708
267,921,708
253,491,712
577,888,712
204,203,715
187,764,716
205,137,716
951,986,717
150,685,717
745,770,717
470,877,717
400,229,717
204,42,718
305,368,718
224,689,720
701,367,722
965,846,723
397,253,724
684,961,724
573,84,724
107,272,725
177,690,725
625,404,725
325,39,726
358,83,729
533,990,730
393,913,730
966,495,731
410,452,731
712,821,734
317,379,735
537,87,737
396,612,737
229,292,738
335,206,739
922,404,740
67,908,743
516,107,745
491,393,745
248,987,747
320,165,749
898,987,750
859,523,750
880,690,751
449,866,752
862,961,752
35,698,752
264,654,754
983,989,754
592,138,754
29,703,754
27,909,755
858,568,755
746,216,756
577,476,756
261,357,758
772,781,761
398,143,761
452,420,761
57,109,762
274,786,762
244,748,762
163,888,763
87,626,763
804,403,764
757,813,764
485,613,764
679,320,765
277,117,765
909,576,769
796,913,769
133,932,772
26,877,773
674,28,773
618,573,774
442,319,775
179,673,776
560,921,778
33,82,779
483,185,780
156,953,780
290,281,781
739,399,782
676,277,782
359,252,784
532,553,785
865,554,785
772,45,786
720,368,787
552,649,787
909,108,789
614,361,789
382,566,790
234,431,790
740,70,791
100,173,793
80,85,793
716,573,793
837,77,795
861,971,797
799,995,798
994,791,798
306,464,798
711,737,799
352,951,800
967,328,803
829,516,804
140,742,807
77,238,809
569,992,809
854,162,810
274,387,811
22,417,811
862,789,811
140,502,811
501,806,812
696,366,812
649,235,814
660,660,815
911,453,815
198,688,816
571,713,817
812,918,817
270,299,818
744,292,818
492,148,820
37,164,820
538,846,820
42,974,821
698,662,821
141,128,826
225,724,828
762,715,830
552,88,831
175,320,833
639,46,834
767,480,834
21,25,835
90,661,836
844,867,836
607,487,837
506,191,837
981,334,837
514,572,840
771,835,840
781,219,841
173,988,843
424,704,845
404,255,849
690,656,850
537,369,850
622,719,850
180,108,851
518,668,852
307,975,853
959,766,854
325,460,855
180,396,857
589,455,859
765,318,860
231,759,861
858,153,861
452,990,862
967,354,862
234,56,863
138,939,863
914,736,863
609,46,865
337,916,866
63,930,866
139,60,868
248,550,868
375,897,868
483,941,871
470,643,871
870,973,872
726,972,872
200,446,874
234,606,878
276,940,880
30,148,880
813,206,880
159,664,881
933,346,881
377,859,883
571,680,885
192,355,888
371,287,889
653,705,889
695,756,889
490,558,889
472,164,890
259,707,890
31,601,891
405,275,892
403,947,892
148,101,893
474,18,893
458,653,895
907,226,895
20,31,899
612,539,902
552,234,903
114,945,906
829,502,912
514,781,912
257,817,912
492,802,912
107,342,912
204,766,914
615,855,914
490,364,914
754,469,915
228,502,918
252,821,918
177,272,919
649,277,919
681,630,921
445,277,921
103,497,924
726,256,925
631,132,925
782,688,926
446,31,930
257,243,930
281,927,930
114,674,931
822,734,932
78,118,934
848,249,934
283,307,936
773,83,937
922,293,937
983,832,939
724,707,940
398,974,941
443,607,943
490,425,945
454,358,945
657,828,946
910,358,948
603,99,953
532,67,953
975,353,954
24,531,954
546,659,954
267,164,955
809,719,957
134,782,957
636,819,958
949,525,959
720,618,960
464,56,963
20,46,963
360,885,963
802,164,963
876,311,963
875,944,963
882,94,964
980,42,965
723,59,966
9,77,967
55,165,967
760,364,968
122,461,969
259,173,969
340,393,970
714,693,972
825,270,973
782,317,973
997,825,974
129,461,974
110,988,974
972,603,975
892,272,978
193,730,978
830,666,978
789,118,981
976,706,981
866,652,983
540,993,984
584,295,984
620,403,985
832,136,985
855,872,986
318,553,987
770,943,987
904,253,989
427,58,989
460,77,989
857,647,990
957,65,991
938,542,992
222,114,994
135,339,995
68,184,997
423,326,997
641,415,999
701,207,999
369,884,1
122,853,2
363,732,999
83,379,1
529,743,3
534,929,4
493,734,6
733,876,7
265,938,8
769,668,8
690,371,13
366,498,14
698,840,17
158,278,19
917,47,20
917,653,21
638,624,23
883,965,23
681,56,25
519,886,26
662,890,26
925,472,26
213,196,27
440,619,27
156,732,27
215,81,29
279,863,30
505,254,30
825,537,31
988,417,35
656,974,36
55,957,37
565,89,38
262,546,40
989,729,40
535,760,41
739,41,42
796,196,44
113,972,47
648,804,47
469,685,49
510,961,49
305,381,50
994,319,50
477,777,51
359,567,51
116,262,51
153,31,52
957,452,53
493,860,55
150,704,57
266,472,57
949,586,57
336,589,59
986,522,60
500,523,61
966,694,61
236,320,66
723,58,67
926,727,68
539,931,68
98,185,70
692,842,70
501,64,72
958,255,73
97,614,75
472,390,76
156,922,78
381,678,78
531,789,79
837,202,81
383,29,81
27,577,83
64,693,83
957,289,84
344,140,85
109,594,87
522,286,87
196,175,90
572,911,92
750,206,92
377,461,93
827,234,94
156,733,96
267,848,96
535,65,96
252,524,97
832,848,98
57,34,100
865,853,101
974,28,101
605,460,101
491,921,101
437,461,102
788,833,103
716,210,103
172,4,105
477,729,106
924,529,106
440,546,107
386,766,108
902,528,109
163,988,110
89,652,110
239,221,111
954,788,112
782,782,113
489,892,113
672,620,114
300,810,115
646,37,115
291,516,118
460,580,122
247,289,122
178,716,122
741,627,122
539,746,123
560,695,123
237,709,123
805,78,124
2,879,124
742,687,124
374,996,125
219,636,125
436,918,126
80,632,127
229,384,128
108,992,128
559,38,131
230,406,131
572,995,133
885,967,134
47,424,136
832,645,137
983,931,137
65,903,138
165,862,139
930,767,140
663,30,142
771,536,142
843,521,143
815,313,144
853,382,144
878,113,144
789,878,145
29,73,146
417,414,147
230,271,147
270,941,147
528,978,148
283,902,149
224,985,149
393,196,150
697,291,150
513,894,151
842,559,151
282,632,152
577,809,153
422,767,153
106,683,153
466,13,156
89,235,157
32,965,157
297,488,159
316,395,160
881,402,160
174,375,161
864,342,163
979,342,164
804,418,164
432,455,164
707,768,164
336,16,167
332,364,167
97,834,167
284,421,167
791,607,168
855,616,168
338,943,169
850,417,170
349,177,173
198,220,173
906,665,174
135,90,175
846,864,176
991,148,177
864,260,177
131,347,178
435,429,183
837,487,187
835,985,187
796,592,189
663,145,190
584,132,191
628,276,192
852,283,193
260,123,194
772,622,195
943,584,196
309,228,196
550,426,196
477,19,196
616,486,196
905,257,197
184,260,198
193,408,198
895,621,199
276,683,199
377,74,201
698,440,201
732,906,203
207,765,203
542,371,204
410,957,206
484,568,208
74,304,208
429,505,209
508,668,209
683,3,211
707,315,212
556,663,212
621,490,212
713,799,213
10,19,216
520,200,216
6,60,217
241,325,218
354,49,219
557,81,219
137,900,219
954,82,220
693,673,221
755,605,222
930,791,223
879,322,226
339,744,226
760,148,227
733,518,228
383,131,228
58,962,231
215,632,232
41,938,232
983,494,234
468,838,235
1,529,235
841,35,235
511,739,236
754,638,238
918,231,238
87,253,238
687,454,238
371,834,239
141,346,239
987,277,242
66,74,243
124,430,243
484,275,245
740,374,245
707,385,246
495,882,246
607,511,247
214,665,248
66,263,249
282,283,250
447,37,250
874,1,251
993,519,252
226,764,253
151,867,256
489,928,257
742,816,259
816,162,259
667,858,260
267,483,260
170,715,262
555,212,263
982,901,266
426,365,266
119,621,266
990,606,271
177,115,271
405,825,271
12,872,273
845,709,279
588,990,280
594,627,283
320,114,284
470,431,284
666,798,284
409,90,288
662,891,290
698,232,290
404,899,290
740,607,291
180,17,292
332,933,293
662,686,295
102,868,295
529,378,295
701,443,297
220,814,297
252,877,298
119,316,300
620,431,301
141,476,302
739,44,303
914,650,303
161,688,304
139,41,305
170,594,306
943,304,309
267,485,311
852,233,312
694,797,313
224,166,314
29,400,314
586,367,315
386,61,317
554,193,320
758,488,321
802,526,322
493,247,322
438,746,322
581,208,323
123,264,324
756,294,325
287,110,325
138,345,326
719,260,329
55,48,329
545,791,331
120,343,331
479,770,331
307,239,332
301,162,333
735,168,335
197,153,336
259,169,341
471,117,342
843,323,344
928,175,344
19,873,344
239,211,344
119,545,345
112,703,345
820,671,345
807,518,346
224,686,347
852,373,347
576,562,348
273,525,349
3,237,349
703,299,350
371,516,350
8,974,350
768,369,353
33,201,353
579,67,353
392,820,353
729,999,355
489,489,355
639,814,356
605,196,356
146,141,356
334,283,359
70,770,360
762,712,361
395,707,362
299,573,362
704,45,362
463,571,362
567,775,362
75,903,363
929,47,364
920,735,365
685,818,365
650,92,365
19,500,366
467,34,367
397,59,369
758,752,371
61,419,371
183,691,371
826,968,372
367,795,372
16,284,372
715,367,373
906,148,375
284,292,376
890,583,377
649,603,378
93,154,379
673,906,379
228,670,380
986,322,381
21,795,382
401,337,382
726,263,382
146,477,384
791,114,384
73,507,384
778,38,385
341,417,385
177,271,386
462,328,386
676,514,394
853,233,395
965,595,397
213,902,397
987,500,400
795,42,400
189,87,400
18,66,400
848,424,402
953,44,402
457,849,404
135,298,405
142,623,406
103,671,407
556,424,407
210,31,407
528,178,407
529,623,408
247,762,408
584,592,409
597,110,411
615,359,413
742,275,414
543,246,414
835,68,415
883,378,417
327,392,417
8,358,418
667,173,419
911,786,420
426,438,421
930,982,421
179,375,421
607,305,423
535,633,423
342,477,425
128,637,428
916,683,428
501,924,428
209,540,429
7,207,429
665,748,429
934,407,430
690,99,431
982,458,433
202,258,433
601,424,433
317,293,435
218,938,438
272,455,438
801,725,440
859,929,440
242,692,442
714,833,442
328,635,442
600,505,443
389,725,443
186,62,443
467,593,447
397,644,448
368,212,448
294,210,452
34,509,454
880,722,455
236,387,459
599,652,460
371,444,460
438,747,461
24,606,462
638,987,463
170,640,464
27,997,466
993,596,468
423,706,468
8,847,471
592,685,471
593,111,472
874,826,476
288,972,477
570,793,477
608,230,480
537,651,480
575,991,482
854,643,482
691,915,483
675,95,485
758,602,485
677,88,488
318,741,488
820,453,489
777,863,489
797,408,489
810,236,489
298,353,493
846,616,493
440,940,495
419,655,499
173,813,499
59,894,500
794,321,500
105,78,502
518,672,502
413,750,506
56,442,507
111,925,507
631,662,508
892,422,509
634,169,510
237,877,510
562,263,512
749,410,512
378,902,512
831,89,516
921,368,518
443,22,521
808,553,521
798,287,521
65,792,522
829,856,523
986,770,525
880,705,527
488,559,528
342,342,528
331,133,529
201,652,530
559,457,533
792,83,533
853,913,533
523,132,534
222,88,534
277,859,534
113,959,534
814,808,535
421,19,537
812,122,538
470,27,538
462,672,539
351,470,539
995,432,540
124,256,542
232,251,543
76,615,544
663,336,546
53,197,547
688,877,549
264,162,550
967,134,550
582,737,552
367,728,553
680,735,554
363,928,554
181,524,555
663,455,555
331,883,555
535,565,555
216,418,558
180,210,558
308,678,560
565,961,561
930,553,562
342,628,563
315,389,565
178,675,565
610,322,568
435,523,568
460,697,569
300,69,571
641,281,574
360,840,575
503,22,576
553,515,576
227,503,577
432,810,578
934,998,580
676,849,584
807,642,584
618,969,585
373,191,589
959,431,590
541,406,591
403,621,591
614,179,593
563,540,593
356,57,595
654,999,595
899,103,596
196,423,596
627,108,596
614,342,596
523,928,597
674,952,598
744,155,598
291,789,599
448,337,599
980,463,602
449,761,603
595,534,605
516,620,605
821,915,606
285,321,608
85,631,608
312,945,609
866,443,609
856,791,610
785,456,611
575,989,611
448,315,612
459,504,612
268,789,614
705,223,615
406,725,616
356,402,616
255,527,617
946,391,619
883,854,619
631,301,620
192,772,620
992,88,622
927,778,622
592,867,623
872,487,624
676,728,624
797,91,624
553,293,624
820,252,624
880,653,626
78,221,626
266,713,626
350,814,628
736,71,628
539,693,628
703,337,629
889,423,629
359,832,632
770,757,635
237,54,635
173,225,638
854,900,638
223,863,639
338,562,639
539,496,641
212,415,642
315,550,643
821,30,644
808,277,644
99,923,645
56,465,645
823,256,645
9,721,647
151,783,647
923,749,647
885,898,649
488,255,649
197,935,651
768,203,652
756,63,653
87,814,653
500,720,654
800,592,659
599,368,659
216,120,659
394,728,660
198,160,662
605,847,663
529,556,664
589,552,665
335,181,667
81,991,668
192,373,668
726,120,668
774,935,669
89,970,671
532,313,672
788,164,672
429,297,672
303,573,673
827,455,674
367,919,676
721,715,676
376,906,676
909,169,677
914,333,678
22,552,679
785,421,679
235,239,680
766,699,680
373,812,681
737,126,684
284,259,685
813,372,685
623,75,687
549,351,687
989,134,687
769,948,689
51,70,690
137,952,690
201,562,693
715,556,693
521,621,696
501,1,698
745,881,699
694,308,699
487,215,699
805,87,700
20,204,700
620,390,701
531,999,701
327,738,701
163,938,703
67,283,704
905,305,705
411,301,705
34,110,705
655,242,705
626,354,706
488,774,708
39,191,708
544,423,708
728,63,709
813,509,710
710,301,711
553,67,712
188,42,713
750,208,714
502,915,714
745,749,716
528,9,716
3,622,717
595,316,719
219,621,721
741,302,722
314,658,724
996,250,725
589,286,725
897,728,726
212,891,729
901,156,732
264,454,733
510,150,733
511,702,734
828,622,735
852,352,736
866,141,737
753,42,737
460,462,738
16,884,738
46,916,738
597,659,738
740,586,740
47,831,740
619,556,741
440,486,742
890,25,743
165,312,745
705,636,746
765,543,746
23,136,748
464,314,749
439,29,749
362,867,751
333,796,751
385,864,751
393,927,751
68,681,752
242,80,754
166,299,755
593,98,756
544,400,757
328,934,757
31,240,758
355,395,759
458,518,760
697,149,760
785,654,761
455,256,761
590,562,762
540,139,762
749,737,763
478,791,763
281,443,764
888,371,767
200,876,768
622,103,768
495,430,769
979,6,769
147,638,773
26,665,774
804,934,774
206,959,776
322,629,776
348,388,778
317,174,778
928,22,780
390,492,785
674,557,787
231,438,787
83,796,788
634,309,790
356,980,792
148,73,792
542,410,794
885,377,794
900,556,794
306,118,794
676,965,794
920,697,795
724,677,796
358,677,796
612,343,800
633,861,801
932,677,803
272,534,805
90,111,805
978,467,807
109,71,809
318,846,810
51,688,811
980,223,813
288,792,814
208,13,815
634,304,815
28,690,816
147,749,816
540,168,817
650,785,820
144,109,821
821,546,821
712,13,822
656,679,823
800,91,824
979,517,824
608,674,825
596,617,826
984,652,829
110,496,829
314,54,831
574,294,831
785,459,832
756,245,834
251,761,836
53,517,837
108,826,837
607,164,839
999,484,839
434,782,839
82,522,841
72,381,842
22,382,843
991,173,848
382,674,848
345,86,850
852,41,852
55,807,855
242,774,856
898,115,856
132,680,856
389,313,857
251,227,857
141,97,857
638,890,858
761,633,858
982,180,858
413,494,859
237,99,860
584,819,861
104,668,861
436,10,861
515,413,862
8,184,863
480,232,864
579,802,864
43,720,864
627,528,865
238,475,866
779,815,866
339,233,867
59,615,867
780,813,867
819,649,869
197,312,869
256,142,870
667,866,873
59,522,873
476,851,874
920,723,876
13,900,876
14,97,877
623,41,877
259,882,879
553,233,881
385,518,882
189,465,883
526,399,884
584,448,886
950,114,887
413,769,890
281,369,890
182,832,891
615,331,893
944,804,894
744,155,896
175,726,896
382,367,897
400,607,897
854,42,898
142,471,899
181,871,899
382,521,902
403,759,903
74,984,903
475,355,906
616,9,906
578,800,907
636,651,907
942,762,908
161,194,908
9,152,909
646,509,910
708,475,912
52,120,912
50,649,914
878,523,916
897,880,917
758,262,919
895,297,920
950,684,922
787,308,922
968,445,923
361,90,924
659,332,924
961,404,924
695,280,927
828,620,928
558,611,928
441,580,929
490,855,929
901,362,930
242,460,931
729,957,931
603,922,931
867,419,932
86,193,932
202,791,933
550,684,933
402,776,934
686,395,935
321,716,936
471,261,937
390,386,938
915,606,939
950,521,939
144,680,940
984,811,941
536,242,943
696,605,944
29,789,945
316,341,946
224,670,947
450,83,947
645,932,947
8,303,948
554,55,948
680,673,948
971,302,948
27,159,949
663,634,949
5,595,950
753,377,950
654,985,951
219,900,952
547,361,952
786,786,952
535,415,953
155,869,954
115,743,955
881,733,956
801,130,959
475,859,959
94,66,960
242,620,960
436,523,961
290,182,961
763,742,962
705,119,962
932,13,964
506,800,964
734,180,964
824,574,964
172,577,964
207,376,965
664,127,967
287,873,967
170,719,968
540,966,969
51,969,971
621,648,972
621,455,974
655,885,975
724,969,976
737,206,977
95,126,978
54,930,978
628,819,978
328,496,979
651,3,986
144,147,987
310,114,988
771,561,989
594,910,990
391,113,990
578,347,991
458,785,991
666,372,991
516,980,992
314,275,993
64,310,995
953,320,996
902,274,997
426,790,997
416,13,998
709,188,999
132,550,2
993,783,3
330,561,999
65,389,1
967,217,1
851,333,2
79,551,2
890,11,4
344,900,9
272,314,10
642,653,10
921,224,11
142,151,15
992,545,16
251,457,16
663,39,17
540,186,18
10,250,18
211,698,19
354,374,19
779,768,20
463,547,20
81,830,20
310,27,20
81,905,20
667,571,21
443,83,22
452,533,24
717,871,25
582,732,26
610,329,27
512,830,28
118,16,28
859,187,28
211,169,28
513,362,30
446,109,30
517,207,30
582,964,31
371,705,32
138,538,33
11,222,33
481,471,33
72,897,34
859,665,35
51,940,35
140,289,36
135,861,36
620,652,36
617,998,37
255,985,40
601,245,40
64,509,40
821,882,40
957,533,42
635,187,42
983,240,43
848,248,43
0,286,44
340,54,44
958,24,44
746,734,45
463,875,46
865,305,50
291,858,52
350,134,52
236,320,54
311,663,55
66,911,56
334,95,56
261,260,57
825,395,57
882,459,58
488,216,60
645,70,60
795,751,60
452,336,61
764,238,62
477,847,64
712,765,65
947,843,65
116,377,66
481,326,67
511,512,69
725,395,69
5,657,69
721,279,69
586,885,70
957,807,71
627,652,71
699,248,72
884,586,75
609,732,76
600,349,76
699,382,76
231,73,77
811,790,79
978,577,80
731,208,82
336,602,82
408,67,83
742,418,83
962,906,83
918,357,84
16,318,87
630,92,89
154,669,89
701,433,91
375,390,91
185,790,92
657,655,92
514,519,92
763,719,94
788,410,95
881,985,95
312,249,95
111,776,95
903,521,96
588,825,97
509,438,100
908,886,101
954,786,101
357,998,102
566,424,102
393,368,102
728,593,102
148,627,103
618,285,103
137,54,106
958,325,106
639,24,106
258,671,108
36,657,110
398,681,110
49,191,110
18,16,112
737,817,114
870,139,115
186,316,115
489,491,116
207,303,118
721,141,119
545,374,121
354,474,121
644,806,121
702,764,122
994,53,122
689,84,123
875,702,123
251,372,124
747,489,125
473,424,125
577,146,126
693,812,126
654,233,128
711,213,129
83,592,129
190,683,131
785,493,132
61,948,132
363,702,133
442,332,133
757,375,134
418,550,135
160,520,138
509,535,138
922,975,141
525,765,141
378,543,142
23,538,142
513,618,142
135,902,144
304,304,144
335,98,145
976,264,145
183,661,148
66,770,148
863,760,148
509,324,149
50,177,149
750,418,150
797,332,151
548,915,153
439,410,153
674,351,154
899,919,154
120,688,155
961,831,156
33,735,156
797,730,159
526,583,161
563,497,162
521,23,162
953,178,163
970,822,165
305,211,165
616,434,172
959,657,172
588,833,172
697,795,175
304,86,175
397,459,175
782,85,176
91,85,178
900,582,178
503,796,179
716,786,179
568,522,180
866,273,180
887,312,180
520,828,181
921,498,183
476,716,184
357,396,184
116,592,184
54,979,185
991,783,185
454,102,185
3,408,185
909,818,185
168,866,186
406,75,186
233,629,186
210,130,189
983,742,189
994,406,189
854,533,190
707,176,190
643,597,190
85,640,191
933,568,192
286,101,192
134,107,195
633,803,198
972,52,198
121,342,200
334,554,202
847,719,202
457,771,203
607,635,203
383,340,204
975,684,205
702,341,205
192,547,207
515,243,207
225,825,208
550,578,209
434,905,209
798,318,210
460,442,214
636,209,214
915,611,216
83,167,216
76,342,218
169,174,218
442,250,218
328,791,219
3,678,220
155,438,225
451,124,226
749,878,226
606,348,227
468,504,228
561,31,228
23,180,231
365,203,231
830,697,232
354,314,232
668,26,232
200,951,233
960,775,233
546,137,233
551,255,233
36,659,235
976,200,236
73,688,238
796,562,238
283,602,244
400,900,244
294,938,244
464,212,244
210,93,246
713,910,246
17,202,246
629,861,247
776,131,251
897,155,251
382,981,252
648,6,253
565,230,253
894,511,253
400,86,253
572,69,254
399,169,255
351,592,256
611,432,257
923,894,257
457,261,258
255,554,259
766,24,259
926,904,259
665,32,260
239,623,260
676,581,261
827,916,262
377,436,262
280,82,264
591,210,264
737,623,267
965,692,268
358,506,268
474,917,269
96,775,269
852,375,270
490,317,271
751,177,272
597,910,274
684,315,275
143,829,276
923,548,276
718,331,277
326,77,277
719,982,277
442,270,278
184,576,278
442,309,279
372,1,280
590,548,281
674,303,283
34,413,284
354,649,284
965,630,284
339,197,284
991,760,285
280,962,285
332,224,285
679,533,286
898,743,287
502,986,287
11,884,287
605,277,288
170,472,289
992,640,289
156,256,289
227,263,289
442,365,291
301,306,293
72,897,293
88,181,295
3,80,296
503,34,297
394,31,298
178,666,299
741,848,299
606,658,300
295,489,300
292,947,301
785,8,304
37,375,306
656,803,307
412,240,307
811,737,307
855,479,308
71,251,308
313,263,308
411,195,309
364,979,310
571,985,311
546,983,311
971,274,311
66,770,315
138,469,315
400,59,315
156,523,316
763,740,317
464,334,320
868,540,324
51,570,325
891,365,328
140,123,329
542,760,329
128,401,330
483,564,330
55,612,331
984,205,333
589,369,335
627,590,335
19,216,336
363,329,336
340,181,337
252,990,338
640,908,338
738,573,338
594,71,339
681,105,340
424,176,340
706,285,342
482,867,342
457,601,344
690,296,346
183,251,346
313,822,347
138,887,347
616,669,347
627,108,348
52,755,349
807,287,349
878,599,349
310,40,352
158,668,352
482,220,352
66,848,353
778,140,354
765,127,356
636,268,357
940,445,357
955,780,357
903,212,358
683,517,359
891,57,360
101,937,360
432,817,361
978,904,361
456,701,362
694,599,362
99,897,363
960,119,363
127,175,363
443,174,364
635,974,365
402,547,366
705,838,367
801,919,367
608,987,368
230,971,368
143,796,370
82,766,371
969,332,372
105,21,372
504,315,373
584,383,373
396,476,375
724,276,376
108,991,376
960,504,377
171,867,379
804,394,379
851,269,380
393,988,380
849,647,382
759,31,382
126,894,388
278,402,388
535,433,388
723,694,389
54,929,390
342,673,391
235,326,391
407,337,391
642,411,392
101,190,394
669,18,398
7,856,398
857,433,399
490,232,401
925,432,401
369,42,401
617,725,401
902,695,402
706,165,403
551,165,403
475,608,407
681,452,408
101,569,409
13,733,409
371,759,414
282,583,414
354,338,416
272,561,416
382,775,418
727,905,419
136,717,419
103,588,424
457,29,425
802,507,425
550,359,425
786,502,425
284,772,426
776,479,427
433,563,427
694,360,429
725,486,430
990,758,430
521,507,430
350,488,432
209,473,432
378,184,432
676,941,433
905,122,433
474,580,434
612,119,434
783,767,436
750,869,436
373,389,438
268,122,439
367,917,439
223,698,440
141,952,440
738,671,441
676,183,444
343,757,444
482,398,445
82,338,446
225,126,446
10,794,447
835,644,447
648,245,449
183,337,451
725,10,451
58,69,453
529,15,453
192,416,454
342,725,456
647,567,457
951,46,458
989,837,458
490,122,460
896,636,460
341,652,464
76,30,467
633,554,469
281,116,469
180,979,470
327,504,470
441,165,470
87,95,470
428,796,471
904,973,473
169,940,473
198,693,473
80,391,475
481,213,476
684,428,479
634,340,483
868,972,484
487,724,485
530,399,485
641,486,485
178,600,486
663,982,486
255,158,487
795,685,488
391,213,489
652,758,489
810,966,489
229,985,495
13,468,497
951,325,497
787,36,498
627,281,498
855,834,500
97,343,500
540,537,502
578,330,502
521,521,504
4,537,505
853,722,506
343,557,507
458,508,507
123,689,507
281,604,508
883,789,511
812,808,513
306,194,513
975,893,517
972,335,519
982,277,520
626,587,520
627,33,520
492,359,522
204,747,523
120,919,523
454,879,523
896,901,525
689,167,526
438,481,527
112,227,529
228,869,530
25,621,531
241,345,531
803,130,532
886,333,533
29,557,534
441,591,534
274,657,534
791,464,535
642,777,536
260,418,537
883,20,541
816,814,542
104,405,543
946,974,544
657,6,545
310,532,546
12,478,546
853,776,547
356,647,547
319,433,547
211,118,550
298,744,551
585,654,551
951,439,552
984,275,553
191,441,553
219,770,555
945,515,555
123,774,557
296,583,557
533,215,558
789,2,559
101,5,561
838,10,562
275,591,562
227,288,564
318,855,567
184,508,567
618,132,569
201,593,569
17,417,571
80,423,574
281,918,575
799,224,576
696,297,576
107,151,576
116,597,576
980,868,577
549,196,577
908,634,579
800,600,581
904,381,584
801,354,584
789,485,587
942,662,587
645,385,587
658,943,588
755,564,589
885,1,589
160,505,592
328,645,594
751,648,595
988,589,596
198,131,596
854,971,597
343,286,597
184,581,599
535,747,599
652,478,602
133,889,604
374,531,605
579,927,608
758,185,614
875,858,615
766,802,620
254,457,621
4,320,622
388,502,622
303,156,624
524,597,624
298,70,625
542,93,625
156,358,625
553,513,625
848,650,626
626,91,627
670,836,628
603,331,629
718,633,630
46,653,630
788,680,634
241,443,634
940,844,641
880,909,641
219,736,641
977,261,641
26,915,642
615,795,642
644,580,643
626,597,644
181,252,644
739,328,645
992,680,647
918,949,648
94,204,648
327,698,648
600,813,648
376,812,649
497,941,651
566,986,652
284,444,652
686,594,652
343,943,654
803,964,654
539,332,656
632,4,658
541,271,660
380,617,663
646,911,664
284,798,665
186,351,666
65,432,667
482,49,667
56,377,668
58,171,669
666,706,670
795,385,670
596,484,671
186,268,671
510,895,675
571,845,675
815,353,678
357,43,681
326,241,683
35,230,683
643,899,685
843,957,685
862,215,685
342,823,686
791,759,686
676,196,686
75,668,687
638,53,687
233,636,688
99,591,689
378,933,690
368,914,690
275,395,690
124,474,692
189,485,694
828,364,695
163,796,696
206,841,696
203,864,697
835,362,697
913,906,700
917,780,700
774,369,704
877,70,705
564,977,706
27,306,706
451,157,706
726,215,708
343,265,709
831,910,712
254,53,714
291,493,714
144,177,714
48,689,717
549,998,721
581,806,723
867,890,724
682,354,725
672,479,726
492,684,729
266,918,729
731,251,729
223,950,732
152,545,732
434,13,734
255,310,734
372,127,735
341,670,739
752,942,740
661,543,743
521,397,743
191,652,746
613,278,747
775,647,747
950,332,748
963,343,750
903,962,751
475,428,751
515,935,752
277,299,757
694,129,762
888,686,762
537,585,763
997,640,767
341,567,767
464,672,767
88,504,769
18,260,769
920,14,770
314,192,770
847,355,770
432,296,770
344,551,774
721,299,774
506,256,775
923,906,775
571,253,776
116,658,777
199,567,778
187,789,779
162,887,781
118,87,782
851,524,782
267,857,782
817,307,784
882,834,785
653,566,785
534,117,786
506,241,786
614,256,787
795,480,793
273,462,797
986,245,798
516,491,799
686,634,799
67,806,800
320,839,800
352,179,801
609,387,802
690,612,804
28,130,804
146,997,805
925,962,806
538,674,808
445,435,808
378,129,808
223,131,809
623,381,810
51,633,813
546,751,813
889,574,816
176,47,816
826,929,817
16,966,819
472,578,820
502,543,821
274,58,822
159,779,823
487,188,824
243,781,824
286,590,825
201,814,826
987,455,826
663,812,827
732,605,827
774,687,828
644,816,829
536,154,829
948,788,831
723,754,831
771,264,832
155,610,833
514,33,833
284,228,835
807,628,835
863,435,836
25,137,837
766,407,837
517,824,838
632,729,838
946,881,838
44,523,839
9,74,840
398,969,841
305,258,842
313,699,846
777,116,848
96,302,849
700,944,850
934,241,852
388,667,852
959,129,852
44,837,854
661,736,855
425,8,858
822,736,861
416,873,863
191,674,863
626,439,863
284,820,864
99,791,865
768,142,865
907,308,865
52,930,869
841,657,870
568,422,871
582,179,871
299,881,872
38,329,876
129,944,876
311,113,877
402,874,878
411,254,879
716,826,879
616,695,879
315,901,881
753,305,885
971,189,886
296,344,887
105,145,887
458,543,887
537,220,887
821,365,887
909,752,888
17,535,890
303,364,890
109,381,893
10,185,895
814,993,896
842,680,896
140,482,896
340,604,896
531,820,897
710,252,897
214,826,898
328,468,902
724,569,905
902,832,906
501,792,910
476,182,911
760,677,914
462,991,915
819,373,915
548,563,916
196,839,921
945,870,922
376,369,922
329,711,924
531,203,924
43,863,924
46,479,924
673,645,927
192,888,927
355,946,928
671,405,929
479,620,929
206,420,931
294,191,932
372,785,933
475,486,933
689,463,933
848,484,934
923,855,934
477,501,935
123,32,935
258,731,936
570,421,936
23,266,936
291,88,938
635,455,939
955,473,940
914,329,942
969,671,943
272,926,944
636,556,945
663,302,947
796,398,948
373,681,948
203,96,948
768,123,949
697,387,949
994,714,951
950,94,951
182,238,952
257,298,953
638,538,954
268,430,954
877,562,956
592,470,958
527,289,958
285,964,958
203,166,961
576,405,962
620,566,962
801,134,963
847,524,963
17,53,964
273,869,965
474,400,965
821,90,966
683,700,967
33,225,967
239,515,967
8,169,967
236,813,968
510,42,968
193,262,969
838,657,971
884,624,971
199,571,972
557,463,973
593,518,975
472,923,977
895,377,977
500,565,978
368,715,978
605,892,979
161,702,979
117,482,981
850,319,982
533,243,985
596,376,985
936,462,985
856,232,986
793,416,987
528,337,988
394,224,988
13,613,988
875,449,990
120,747,990
954,66,991
999,81,992
564,241,992
132,45,993
654,33,993
721,678,994
360,236,995
948,688,995
450,276,996
937,697,998
374,0,999
693,325,999
614,104,999
688,828,2
847,210,3
412,262,0
511,77,0
247,466,0
246,222,1
342,591,1
186,455,1
976,473,1
544,351,1
32,135,2
791,202,2
719,877,2
519,457,2
351,498,3
174,990,3
774,835,3
744,829,4
530,374,4
440,182,4
924,124,5
254,386,5
984,769,6
101,542,6
915,737,6
429,920,7
447,719,7
100,377,9
758,200,9
382,103,9
657,780,10
339,491,11
344,516,12
382,444,12
812,998,12
446,536,13
882,5,14
789,776,15
880,192,15
673,441,15
563,512,16
38,70,16
45,231,18
394,966,18
409,242,19
542,172,19
106,518,20
365,327,21
771,603,21
236,628,21
39,492,22
762,606,22
504,348,23
705,70,23
857,859,24
335,879,24
810,861,24
136,349,24
812,508,24
737,40,25
859,128,26
281,873,26
786,99,27
931,401,28
105,297,28
266,737,29
467,910,29
291,717,30
23,875,30
669,78,30
141,94,31
362,626,31
768,988,31
418,322,32
509,163,32
739,537,32
764,27,34
725,795,35
5,171,36
615,507,37
171,933,38
785,570,38
22,459,38
386,892,38
824,932,38
300,210,38
911,532,38
227,506,39
44,47,40
97,55,41
875,474,41
320,221,41
416,80,41
222,408,42
625,382,42
26,632,43
815,813,43
480,678,44
666,179,45
991,971,45
417,833,46
513,2,47
418,903,47
412,581,47
716,44,47
506,452,47
495,648,48
369,705,49
663,504,50
146,238,51
307,0,51
768,492,52
590,731,53
40,7,54
137,790,55
150,187,55
216,52,55
209,883,56
179,200,56
69,440,56
82,760,56
943,246,57
497,221,58
841,840,59
854,763,60
535,336,61
313,791,61
650,883,62
264,607,62
449,720,63
373,588,63
691,37,63
469,768,64
252,648,64
951,68,65
781,214,65
344,592,66
588,932,67
271,764,68
983,211,68
379,88,68
603,704,69
409,564,70
847,721,70
858,288,71
434,329,71
341,58,72
514,73,72
686,317,73
952,817,73
821,890,74
756,826,75
792,600,75
178,633,75
532,591,75
743,1,76
698,790,77
642,841,77
490,19,77
271,316,79
259,196,79
404,377,80
542,314,81
487,143,82
757,958,84
124,101,84
181,595,84
596,440,84
2,567,85
793,206,86
152,540,86
977,306,86
891,292,87
452,918,87
793,231,87
183,228,89
329,576,89
306,377,89
195,96,90
42,338,90
474,669,91
114,677,92
467,985,92
703,269,92
792,151,92
199,808,92
562,848,94
187,438,94
67,189,94
376,417,94
158,536,96
52,158,96
445,923,96
797,679,97
26,51,97
825,61,98
472,818,98
94,906,99
891,553,99
417,445,100
450,714,102
632,710,102
737,517,103
286,92,105
467,497,105
605,728,105
262,874,106
579,718,106
435,408,108
936,314,108
847,231,109
307,944,109
245,750,110
724,667,110
273,142,110
783,298,111
815,149,112
371,550,112
96,608,112
41,767,113
460,507,115
84,987,116
727,283,119
172,108,120
631,925,122
327,659,122
462,926,123
273,937,124
678,95,125
87,732,126
168,531,127
27,431,129
829,209,129
495,634,129
464,884,132
797,439,132
648,614,132
591,962,132
822,104,134
120,489,134
388,281,135
116,120,136
496,865,136
829,77,136
233,789,136
332,940,137
364,865,137
410,40,137
934,976,137
974,412,138
282,491,139
776,721,139
407,941,139
247,46,140
528,51,140
599,559,140
614,771,140
443,630,140
390,419,142
810,653,143
341,105,143
627,669,143
397,208,144
904,639,144
759,854,144
963,383,145
538,321,147
677,59,148
529,308,148
762,818,149
235,396,149
92,56,149
659,298,149
431,950,149
316,31,150
860,950,152
9,530,152
609,695,152
743,665,153
827,338,153
741,360,154
307,580,154
223,367,154
784,9,154
347,973,154
779,871,155
259,84,155
793,575,155
572,997,156
785,498,156
206,226,156
541,885,157
916,212,157
37,525,157
13,548,157
549,648,158
769,252,159
309,555,159
950,610,160
357,955,161
384,156,161
356,208,161
71,148,161
362,25,161
976,48,162
44,82,162
42,820,163
222,55,163
309,861,163
177,43,163
531,83,165
800,377,165
813,462,165
455,546,166
943,715,166
722,78,167
550,467,167
714,999,168
619,370,168
146,440,168
365,699,169
461,367,169
188,290,169
538,168,169
403,165,169
498,586,170
433,905,170
342,241,170
882,231,171
396,93,171
697,164,171
958,58,172
410,515,172
135,792,172
218,610,173
675,497,173
157,165,174
22,183,174
234,58,174
616,972,174
892,375,174
918,623,175
708,780,175
84,47,175
346,783,175
22,562,176
932,729,177
724,112,178
374,340,179
873,54,180
333,804,180
785,387,181
777,946,181
599,377,183
188,40,183
592,744,184
586,689,184
359,295,184
218,859,184
547,520,184
628,311,185
794,582,185
874,205,185
644,24,187
295,845,187
388,62,187
719,187,187
52,500,187
190,531,187
296,729,189
948,682,190
139,966,191
140,177,192
421,189,193
11,964,193
87,998,194
597,497,194
55,333,195
266,657,195
972,121,195
141,688,196
645,618,196
863,54,197
2,134,198
413,424,198
145,881,199
446,464,199
385,385,200
595,211,201
42,237,201
857,748,201
183,169,201
614,159,202
825,245,202
13,315,202
882,621,202
540,534,203
992,728,203
975,551,203
546,184,204
763,400,205
70,283,206
444,279,206
479,63,206
871,952,207
840,880,207
85,945,209
407,450,210
433,383,210
325,978,210
818,961,210
372,771,211
695,935,211
375,857,211
571,953,212
870,806,214
558,24,214
100,514,215
960,571,215
794,618,215
596,855,217
873,425,217
220,262,217
736,791,218
725,913,218
922,630,219
985,452,219
931,736,219
575,26,220
962,372,221
229,164,222
281,111,222
976,873,222
568,13,223
967,418,223
960,668,223
777,827,223
324,784,223
887,464,223
385,154,224
831,756,224
624,443,226
172,244,227
72,311,227
259,598,227
119,265,227
28,661,227
291,621,227
631,197,229
854,658,230
245,929,232
61,779,232
240,373,232
620,251,233
16,55,233
220,596,234
503,930,234
77,158,234
301,150,236
970,957,236
173,244,236
358,131,236
736,685,236
656,665,237
70,956,237
762,942,238
835,740,238
380,507,239
761,817,239
146,238,239
666,285,239
212,65,240
717,517,240
141,511,240
830,52,241
137,516,241
792,442,241
944,617,241
130,329,242
408,306,242
451,929,243
928,105,244
222,683,244
938,711,244
300,211,244
714,797,245
289,905,246
544,409,247
92,173,247
928,360,248
680,339,248
509,262,248
558,933,248
961,357,248
78,851,248
654,22,249
698,785,249
879,740,250
495,288,251
626,647,251
459,14,252
68,87,253
354,112,253
364,357,255
998,754,256
800,838,258
46,723,258
781,768,259
51,919,260
149,892,261
459,13,261
480,861,261
222,78,262
433,929,262
493,339,262
180,155,263
946,836,263
612,16,263
215,765,263
107,178,263
559,824,264
582,470,264
577,703,264
784,963,264
167,967,265
154,462,266
688,797,267
723,33,267
197,618,268
690,18,268
670,150,269
600,686,270
902,58,270
777,773,272
236,461,272
625,909,273
681,261,273
52,557,273
364,535,274
504,326,274
275,181,274
280,368,275
742,865,275
783,257,275
712,828,276
550,455,276
432,508,279
573,51,279
742,179,279
841,505,280
565,889,281
867,904,281
488,771,281
897,263,281
725,341,281
647,436,282
787,207,282
92,316,283
652,983,284
245,690,284
721,389,284
96,50,284
95,864,284
232,46,284
184,964,284
287,293,285
897,845,286
192,509,287
930,904,287
606,698,287
462,162,288
473,166,289
112,482,289
550,248,291
873,231,291
859,863,292
446,833,293
423,532,293
680,77,294
266,213,294
480,439,294
205,431,296
41,524,296
727,371,296
564,601,297
731,583,298
405,404,298
197,958,299
370,698,299
700,99,299
52,422,299
202,645,300
799,718,300
332,578,300
485,16,300
940,801,300
983,280,301
263,864,303
959,461,304
108,869,306
570,251,307
683,653,307
308,168,308
308,825,308
219,459,309
628,461,309
9,378,310
141,210,311
115,8,312
890,315,312
410,554,312
961,244,313
571,803,313
53,363,313
164,505,313
969,288,315
318,350,316
221,61,317
498,322,317
309,246,319
456,912,319
433,74,319
995,655,320
338,726,321
362,3,322
56,801,322
292,795,323
451,54,323
11,381,323
905,962,324
542,341,325
448,710,325
794,11,325
164,92,325
801,449,325
202,804,325
612,829,325
811,800,325
952,860,326
516,5,327
281,810,327
546,101,327
906,927,328
942,674,328
626,530,328
719,849,328
441,832,328
338,179,329
223,742,329
138,201,329
522,377,330
690,23,331
489,822,332
822,267,332
645,788,333
235,623,333
467,552,334
759,379,335
311,563,335
378,469,336
73,961,336
166,816,337
120,652,337
456,456,337
402,328,337
840,651,338
437,867,338
625,945,338
924,392,338
249,868,339
202,113,339
834,686,341
957,74,341
265,335,341
520,143,342
853,717,342
864,844,342
104,961,342
715,316,343
765,91,345
618,473,346
148,726,346
676,573,347
209,58,348
372,581,348
77,556,348
375,743,349
439,99,349
658,207,351
0,80,351
346,799,351
607,866,351
685,460,351
632,739,352
240,145,353
39,429,353
321,773,353
940,473,353
300,34,354
611,571,355
509,782,355
233,708,355
982,587,356
189,95,357
452,923,357
405,108,358
714,671,358
997,354,358
77,974,358
898,580,358
623,500,358
271,580,359
403,387,359
709,111,359
603,820,360
511,283,360
457,938,360
197,574,361
636,682,363
955,398,363
496,613,363
169,133,363
923,666,364
896,760,365
287,176,366
130,898,367
844,121,367
587,798,368
328,222,369
151,315,369
161,528,369
254,506,369
996,850,369
394,411,370
838,7,370
976,390,370
833,610,370
260,79,370
840,799,370
743,692,371
111,692,371
343,605,371
165,198,372
196,229,372
645,865,373
8,158,374
408,441,375
364,178,375
437,6,376
555,489,376
507,421,377
900,927,377
412,999,380
765,280,380
434,847,381
898,294,382
97,46,382
487,470,383
640,326,385
4,778,385
504,34,385
675,836,386
244,286,386
597,824,386
110,421,386
19,18,387
55,415,387
433,819,387
929,506,388
402,166,388
446,659,388
315,607,389
109,675,389
95,621,389
683,769,390
443,325,391
319,800,392
894,401,392
980,771,392
547,416,393
288,432,394
421,160,395
504,146,395
522,900,396
237,680,396
877,609,397
262,594,397
782,66,397
831,716,397
266,405,399
613,455,399
525,291,400
986,821,400
869,907,401
911,309,401
787,356,403
77,317,403
148,979,403
429,944,403
17,645,404
758,342,404
121,245,405
90,879,405
419,849,406
322,836,406
597,374,407
238,442,407
116,305,408
794,157,408
775,45,408
310,811,409
695,10,409
410,967,409
87,245,410
683,688,410
711,971,410
333,431,410
205,273,411
84,453,411
425,204,411
192,755,411
734,672,412
181,234,412
37,788,412
514,832,413
805,382,413
509,182,413
966,464,416
512,370,416
708,666,417
491,68,418
894,181,418
826,344,419
364,734,419
168,827,419
403,680,420
800,176,421
869,821,421
58,844,422
424,201,423
70,304,424
998,517,424
285,968,424
641,630,424
994,371,425
849,891,425
986,408,426
522,119,426
504,367,427
662,964,427
347,462,428
3,941,428
651,211,428
31,399,429
163,186,429
603,837,429
437,903,430
56,550,431
205,256,431
509,691,432
673,615,432
712,581,432
179,204,432
347,233,432
508,814,434
563,849,434
488,237,435
425,262,435
355,720,436
245,42,437
613,445,437
742,418,437
209,202,437
297,958,438
35,666,438
475,727,439
714,386,439
191,203,440
466,660,441
655,376,441
527,255,441
601,159,441
765,345,441
226,235,442
663,814,444
25,253,444
316,972,445
594,240,446
632,204,447
588,841,447
21,12,448
465,672,448
632,860,448
564,775,449
262,616,450
495,763,450
209,394,452
267,658,452
256,17,453
264,372,453
230,966,453
868,179,454
260,107,455
673,701,455
642,679,455
1,427,457
717,579,458
316,717,459
370,217,459
3,298,460
704,327,460
993,150,460
937,671,460
364,113,461
560,148,461
143,696,461
642,593,461
852,718,462
819,825,462
57,785,463
931,70,463
442,967,463
324,779,464
318,986,465
857,489,465
464,461,465
714,859,466
892,888,466
126,558,466
916,61,467
423,19,468
396,69,468
307,862,469
534,47,469
901,812,469
526,329,469
196,514,469
24,577,470
642,391,470
217,320,470
921,610,471
708,685,472
672,653,472
741,349,472
358,833,473
919,339,473
845,562,474
237,265,474
211,190,475
427,961,479
580,576,479
997,494,479
279,562,480
484,706,480
471,888,480
254,121,480
358,924,481
165,63,482
843,10,482
460,372,483
309,506,485
438,109,485
287,138,486
634,849,486
557,757,486
852,223,487
719,150,487
508,802,488
749,949,488
367,76,488
77,515,489
824,812,489
583,240,489
412,691,491
44,105,492
285,426,494
37,361,495
611,706,495
606,287,497
893,730,498
611,849,499
402,856,499
687,325,499
477,977,499
824,763,500
319,385,500
280,620,501
84,838,503
98,180,503
675,683,504
922,705,504
10,427,504
976,903,504
267,818,504
469,758,506
514,721,507
891,518,508
214,948,508
663,232,508
872,433,509
719,943,510
458,752,510
165,122,510
87,195,513
416,334,513
716,531,513
702,255,513
245,400,513
472,680,514
291,43,514
231,850,514
170,353,514
769,426,514
805,476,515
175,566,515
84,610,515
511,899,515
463,306,516
825,448,516
941,394,517
647,130,517
846,423,517
68,554,517
131,869,518
713,365,518
841,211,518
763,301,518
85,31,518
350,942,518
3,552,519
781,209,520
638,135,521
507,778,521
489,575,522
515,57,522
863,763,523
344,261,523
181,434,524
896,729,525
623,69,525
907,867,525
291,811,525
510,335,525
800,918,526
508,152,526
344,675,526
798,611,526
458,844,526
161,84,528
984,298,529
280,382,529
955,559,529
186,356,529
436,910,531
433,444,531
977,626,531
685,556,531
247,758,532
570,606,533
998,278,533
867,659,534
696,724,534
485,904,536
726,375,536
552,406,537
340,304,537
695,763,537
983,808,538
451,853,541
788,904,541
561,364,541
345,271,542
271,473,542
835,258,542
272,454,542
948,369,542
542,725,542
1,263,543
689,687,543
127,346,544
648,848,544
339,397,544
72,400,545
769,488,546
320,675,547
962,790,547
360,254,547
891,414,548
851,435,548
451,271,550
83,932,551
297,36,552
929,189,552
577,88,552
947,416,553
388,736,553
723,716,553
70,839,554
624,781,554
26,57,555
531,973,555
313,324,556
22,312,556
586,725,556
964,676,556
462,801,556
983,5,557
5,1,557
504,728,558
116,422,558
150,30,559
781,307,559
537,477,559
393,255,560
788,802,560
649,766,560
457,696,560
14,556,561
638,149,561
845,502,562
20,157,562
669,179,562
149,321,563
974,186,564
481,516,564
742,701,564
37,545,565
446,636,565
682,452,565
836,338,565
666,404,565
545,452,566
218,900,567
735,234,567
267,420,568
220,671,569
509,782,569
86,573,569
381,103,569
153,858,570
83,252,570
814,550,571
475,755,571
451,949,571
792,398,571
521,839,571
67,396,573
358,984,573
432,150,573
206,650,574
286,873,574
613,647,575
856,688,575
688,45,575
918,335,576
695,544,576
528,193,577
352,376,577
215,551,578
12,964,578
290,460,579
938,690,579
538,651,580
101,408,580
373,139,580
572,236,580
50,842,580
723,179,581
207,597,581
86,931,582
8,930,583
466,838,583
83,505,584
894,579,584
261,839,585
654,195,585
797,511,585
130,186,585
39,924,585
571,764,586
395,559,587
551,383,587
430,656,588
612,668,589
918,205,589
590,109,589
440,305,589
883,568,589
769,342,589
617,497,591
200,417,591
924,394,591
82,910,592
35,7,593
932,766,594
165,568,594
266,106,594
349,598,595
358,606,595
843,907,595
812,753,595
156,89,595
827,103,595
207,148,596
394,872,596
374,24,597
113,902,598
75,80,598
71,788,598
490,25,598
620,882,598
501,859,598
555,110,599
418,382,599
881,601,600
772,778,601
48,272,601
467,75,602
406,48,603
717,618,603
859,696,605
270,593,605
164,216,605
44,10,605
515,520,607
648,532,607
945,127,607
783,315,607
13,535,607
962,295,608
641,650,609
162,937,609
762,478,609
714,257,610
447,569,610
435,312,611
967,30,611
159,725,611
61,52,613
293,135,615
359,959,615
763,337,615
944,438,615
544,2,616
836,351,616
196,346,616
24,798,616
501,330,616
138,943,616
953,611,617
967,200,617
108,664,617
164,462,618
40,169,619
927,205,619
339,438,620
728,505,621
121,383,621
213,666,621
365,135,623
676,8,624
322,557,624
987,987,625
579,850,625
704,638,625
676,633,627
433,619,628
