661,215,0
669,545,2
442,670,2
620,97,2
238,849,3
462,599,3
118,776,4
466,73,6
335,400,11
286,518,12
805,875,12
813,634,12
244,888,14
977,533,15
209,73,17
861,320,19
808,51,19
127,559,19
434,276,23
298,656,24
368,356,28
114,672,29
685,770,31
862,912,31
244,259,35
16,65,37
423,972,39
776,997,48
870,380,52
779,976,52
399,292,54
561,746,54
54,26,54
62,187,55
495,142,56
191,271,57
789,778,58
672,795,62
771,258,62
145,746,63
205,517,67
458,510,69
600,364,69
538,26,70
707,943,71
962,730,72
249,550,74
366,960,74
892,170,74
316,351,76
741,237,78
112,18,78
501,608,79
970,415,79
354,10,81
858,798,82
486,818,85
138,193,86
540,589,88
648,729,93
89,236,95
296,67,97
636,321,98
676,159,98
639,399,100
51,40,100
441,527,100
730,661,103
120,542,108
771,753,109
201,723,109
657,115,109
118,817,110
848,171,110
71,98,111
946,396,114
777,865,115
866,903,116
927,293,116
530,603,120
11,661,120
574,129,122
327,300,124
830,634,130
97,769,130
410,474,131
299,914,132
686,946,132
666,105,133
174,713,136
676,443,136
768,579,136
192,726,136
470,246,136
769,688,137
447,787,139
889,609,139
579,471,139
333,995,140
151,851,144
952,417,144
506,735,147
159,44,148
204,813,149
268,434,152
919,999,152
960,6,156
527,420,156
576,959,159
585,695,161
420,519,163
144,933,165
111,74,165
643,730,166
23,385,167
720,792,167
795,682,167
867,56,169
568,748,171
817,853,171
745,706,171
352,719,173
958,808,173
836,788,174
108,592,176
32,483,176
564,753,179
576,351,179
927,535,179
513,785,180
549,116,184
251,890,186
453,181,188
860,679,188
346,576,189
781,788,189
988,236,192
991,924,192
222,271,193
895,282,193
591,928,195
673,692,197
477,572,198
979,977,199
536,675,201
304,11,203
363,529,205
205,631,205
855,601,206
895,172,206
603,5,209
263,603,210
747,278,212
367,532,213
606,916,217
727,314,218
875,630,221
973,770,225
32,616,225
297,2,225
201,816,226
653,767,227
489,807,227
960,478,228
551,618,229
926,839,230
819,243,230
76,74,232
140,486,234
90,542,234
62,972,236
360,411,237
241,984,237
797,796,239
557,961,242
290,449,244
243,698,246
399,113,248
308,860,248
253,609,249
286,239,250
122,245,252
344,498,256
337,22,257
570,769,261
303,111,261
652,541,264
14,594,265
868,526,267
439,94,268
862,692,269
743,883,270
925,10,271
71,345,275
622,21,276
561,670,279
391,280,279
368,49,280
526,105,281
488,862,282
602,234,282
263,465,283
361,561,286
327,362,286
7,563,287
882,474,288
623,610,289
954,343,291
762,358,293
778,380,294
81,323,295
85,297,298
102,3,300
876,560,301
170,130,302
616,785,304
87,328,304
9,820,311
411,924,312
72,147,313
469,878,313
281,860,314
297,143,316
540,812,317
240,353,318
252,874,321
691,773,325
850,18,327
21,538,328
156,404,330
490,713,331
502,270,332
208,376,332
226,317,336
9,781,336
991,497,336
640,872,337
752,903,338
465,61,339
480,121,342
870,858,347
302,411,348
160,714,348
884,535,352
453,51,356
354,941,358
295,883,358
711,478,361
532,243,361
100,963,364
928,709,367
461,964,373
479,805,374
157,400,375
958,953,378
88,913,380
201,876,381
727,645,383
159,307,383
821,554,388
589,187,389
978,631,390
936,852,392
481,408,393
272,266,394
445,252,394
883,342,395
465,167,399
317,366,401
507,538,403
715,899,405
894,235,407
345,216,407
564,386,408
142,545,410
453,350,412
771,311,413
897,366,415
769,51,415
393,717,416
835,252,418
478,959,419
0,196,420
716,534,420
930,279,421
315,585,422
523,571,429
185,611,429
754,864,430
853,155,430
359,571,432
460,678,433
164,284,434
477,498,436
891,881,436
811,690,438
890,774,438
987,804,441
981,260,442
196,582,443
825,449,444
150,508,447
208,839,447
82,696,448
952,58,448
373,387,450
740,726,450
649,205,453
312,254,454
461,637,455
54,953,456
851,580,457
664,301,457
398,762,458
360,949,460
655,260,462
922,389,462
80,598,463
688,773,464
939,107,465
330,465,467
309,483,467
915,428,467
750,484,469
995,179,472
616,577,472
880,654,472
649,755,473
939,724,473
127,93,476
88,24,477
735,38,482
427,989,483
332,199,483
693,867,485
909,30,487
609,745,487
865,718,487
431,779,490
982,992,492
962,968,493
808,361,494
708,450,497
184,949,497
239,595,497
657,792,498
817,991,499
5,68,501
541,852,506
813,680,507
465,4,508
388,315,509
485,834,512
109,663,514
934,337,515
798,90,517
425,587,517
328,985,518
439,651,519
763,283,520
946,179,522
361,568,523
814,959,523
503,873,524
467,42,524
835,516,525
862,977,525
617,765,527
214,851,528
88,7,529
48,599,529
654,927,530
176,195,531
129,880,532
793,842,533
206,250,534
721,604,534
378,837,535
963,917,537
845,254,539
570,82,539
984,593,543
609,369,544
931,29,548
317,307,550
789,987,552
856,410,552
401,804,553
351,778,554
350,291,558
193,47,560
416,464,563
880,775,564
280,48,568
6,727,568
365,392,569
117,706,569
938,653,570
65,872,570
901,241,571
173,786,572
100,236,574
128,822,576
454,703,582
585,986,583
949,283,583
654,39,585
29,330,586
157,509,587
526,172,587
788,500,588
301,606,589
852,348,590
360,539,591
656,861,592
551,560,594
34,25,594
679,0,594
837,55,595
876,389,596
759,504,596
217,978,597
662,878,597
584,934,598
536,254,598
227,649,599
30,973,601
943,992,601
888,456,602
150,506,602
500,817,603
782,856,603
805,866,604
905,896,604
266,779,604
210,839,604
132,840,606
88,669,607
303,188,607
541,292,609
325,409,610
476,178,611
677,510,611
620,993,615
420,78,616
854,794,618
412,645,619
886,519,622
366,231,622
956,414,625
290,284,628
265,763,630
546,293,639
629,544,639
553,662,640
853,178,641
817,220,641
643,266,642
939,860,645
298,621,650
471,283,651
256,869,651
866,569,654
184,390,655
470,753,657
241,565,658
341,712,659
299,434,659
400,65,661
701,397,661
948,995,661
295,126,663
958,159,663
197,884,663
955,406,665
177,233,666
380,858,669
231,649,669
117,982,671
963,130,673
145,489,681
619,277,684
545,306,685
905,387,685
803,407,690
99,529,690
735,683,691
804,997,691
4,704,693
897,362,695
353,316,695
547,766,695
536,423,696
255,698,699
44,823,701
741,778,703
558,750,703
801,413,705
368,46,705
416,130,711
974,919,711
768,836,711
809,906,712
171,911,716
426,932,717
440,552,721
37,164,722
64,837,722
719,332,724
541,828,727
473,497,729
191,377,731
346,47,733
809,75,735
635,363,735
569,285,735
913,117,739
995,664,743
624,305,743
0,159,744
645,123,745
161,723,746
990,914,746
494,877,746
165,511,750
840,573,751
800,317,752
679,872,752
87,819,752
504,337,756
917,960,758
223,119,759
637,735,762
447,219,763
449,525,767
868,380,767
998,852,768
336,138,770
108,308,770
117,542,770
998,699,771
438,212,773
967,696,776
779,757,778
930,673,781
918,61,783
144,249,785
233,345,786
217,434,787
305,794,788
35,256,793
719,151,793
609,65,797
694,385,797
904,951,800
120,882,800
19,72,801
788,940,804
593,292,809
19,280,811
713,287,812
374,685,816
638,698,816
943,792,817
563,664,818
513,472,819
148,19,820
484,378,820
7,669,821
256,903,827
984,474,827
948,830,828
110,32,828
244,491,829
189,991,830
849,198,830
356,181,833
112,495,833
590,989,838
664,593,841
483,850,842
882,934,842
875,306,843
274,990,845
214,561,846
474,873,848
358,29,850
5,152,850
463,146,851
436,894,852
426,149,857
5,378,858
162,546,861
782,138,861
307,144,863
202,892,864
20,83,866
565,669,866
611,961,867
164,129,867
450,270,870
746,863,871
652,732,872
739,604,873
227,264,874
574,396,876
189,492,878
254,169,880
239,482,881
15,316,883
643,335,884
156,965,885
808,61,885
315,217,885
982,744,886
730,532,889
766,22,889
661,336,891
815,492,892
249,153,893
684,172,893
82,886,894
627,189,895
735,256,897
565,965,898
990,176,901
941,243,901
646,801,902
646,681,902
878,579,904
953,73,904
453,76,904
832,382,905
203,937,906
128,572,906
618,577,908
608,131,911
484,7,912
639,259,912
261,877,912
462,201,914
511,896,915
36,248,915
501,629,917
320,850,919
247,614,919
427,425,919
288,826,924
168,280,928
752,277,929
770,494,929
425,362,930
174,308,934
640,771,941
317,821,942
707,259,943
188,468,945
73,58,946
90,926,947
234,915,947
418,868,949
86,582,949
15,932,950
353,879,954
734,772,955
842,616,964
811,578,965
672,748,966
439,586,968
12,396,972
423,806,977
628,835,977
638,461,978
424,266,978
97,124,984
315,934,985
834,743,993
427,501,995
306,197,996
250,923,998
