83,379,1
529,743,3
534,929,4
493,734,6
733,876,7
265,938,8
769,668,8
690,371,13
366,498,14
698,840,17
158,278,19
917,47,20
917,653,21
638,624,23
883,965,23
681,56,25
519,886,26
662,890,26
925,472,26
213,196,27
440,619,27
156,732,27
215,81,29
279,863,30
505,254,30
825,537,31
988,417,35
656,974,36
55,957,37
565,89,38
262,546,40
989,729,40
535,760,41
739,41,42
796,196,44
113,972,47
648,804,47
469,685,49
510,961,49
305,381,50
994,319,50
477,777,51
359,567,51
116,262,51
153,31,52
957,452,53
493,860,55
150,704,57
266,472,57
949,586,57
336,589,59
986,522,60
500,523,61
966,694,61
236,320,66
723,58,67
926,727,68
539,931,68
98,185,70
692,842,70
501,64,72
958,255,73
97,614,75
472,390,76
156,922,78
381,678,78
531,789,79
837,202,81
383,29,81
27,577,83
64,693,83
957,289,84
344,140,85
109,594,87
522,286,87
196,175,90
572,911,92
750,206,92
377,461,93
827,234,94
156,733,96
267,848,96
535,65,96
252,524,97
832,848,98
57,34,100
865,853,101
974,28,101
605,460,101
491,921,101
437,461,102
788,833,103
716,210,103
172,4,105
477,729,106
924,529,106
440,546,107
386,766,108
902,528,109
163,988,110
89,652,110
239,221,111
954,788,112
782,782,113
489,892,113
672,620,114
300,810,115
646,37,115
291,516,118
460,580,122
247,289,122
178,716,122
741,627,122
539,746,123
560,695,123
237,709,123
805,78,124
2,879,124
742,687,124
374,996,125
219,636,125
436,918,126
80,632,127
229,384,128
108,992,128
559,38,131
230,406,131
572,995,133
885,967,134
47,424,136
832,645,137
983,931,137
65,903,138
165,862,139
930,767,140
663,30,142
771,536,142
843,521,143
815,313,144
853,382,144
878,113,144
789,878,145
29,73,146
417,414,147
230,271,147
270,941,147
528,978,148
283,902,149
224,985,149
393,196,150
697,291,150
513,894,151
842,559,151
282,632,152
577,809,153
422,767,153
106,683,153
466,13,156
89,235,157
32,965,157
297,488,159
316,395,160
881,402,160
174,375,161
864,342,163
979,342,164
804,418,164
432,455,164
707,768,164
336,16,167
332,364,167
97,834,167
284,421,167
791,607,168
855,616,168
338,943,169
850,417,170
349,177,173
198,220,173
906,665,174
135,90,175
846,864,176
991,148,177
864,260,177
131,347,178
435,429,183
837,487,187
835,985,187
796,592,189
663,145,190
584,132,191
628,276,192
852,283,193
260,123,194
772,622,195
943,584,196
309,228,196
550,426,196
477,19,196
616,486,196
905,257,197
184,260,198
193,408,198
895,621,199
276,683,199
377,74,201
698,440,201
732,906,203
207,765,203
542,371,204
410,957,206
484,568,208
74,304,208
429,505,209
508,668,209
683,3,211
707,315,212
556,663,212
621,490,212
713,799,213
10,19,216
520,200,216
6,60,217
241,325,218
354,49,219
557,81,219
137,900,219
954,82,220
693,673,221
755,605,222
930,791,223
879,322,226
339,744,226
760,148,227
733,518,228
383,131,228
58,962,231
215,632,232
41,938,232
983,494,234
468,838,235
1,529,235
841,35,235
511,739,236
754,638,238
918,231,238
87,253,238
687,454,238
371,834,239
141,346,239
987,277,242
66,74,243
124,430,243
484,275,245
740,374,245
707,385,246
495,882,246
607,511,247
214,665,248
66,263,249
282,283,250
447,37,250
874,1,251
993,519,252
226,764,253
151,867,256
489,928,257
742,816,259
816,162,259
667,858,260
267,483,260
170,715,262
555,212,263
982,901,266
426,365,266
119,621,266
990,606,271
177,115,271
405,825,271
12,872,273
845,709,279
588,990,280
594,627,283
320,114,284
470,431,284
666,798,284
409,90,288
662,891,290
698,232,290
404,899,290
740,607,291
180,17,292
332,933,293
662,686,295
102,868,295
529,378,295
701,443,297
220,814,297
252,877,298
119,316,300
620,431,301
141,476,302
739,44,303
914,650,303
161,688,304
139,41,305
170,594,306
943,304,309
267,485,311
852,233,312
694,797,313
224,166,314
29,400,314
586,367,315
386,61,317
554,193,320
758,488,321
802,526,322
493,247,322
438,746,322
581,208,323
123,264,324
756,294,325
287,110,325
138,345,326
719,260,329
55,48,329
545,791,331
120,343,331
479,770,331
307,239,332
301,162,333
735,168,335
197,153,336
259,169,341
471,117,342
843,323,344
928,175,344
19,873,344
239,211,344
119,545,345
112,703,345
820,671,345
807,518,346
224,686,347
852,373,347
576,562,348
273,525,349
3,237,349
703,299,350
371,516,350
8,974,350
768,369,353
33,201,353
579,67,353
392,820,353
729,999,355
489,489,355
639,814,356
605,196,356
146,141,356
334,283,359
70,770,360
762,712,361
395,707,362
299,573,362
704,45,362
463,571,362
567,775,362
75,903,363
929,47,364
920,735,365
685,818,365
650,92,365
19,500,366
467,34,367
397,59,369
758,752,371
61,419,371
183,691,371
826,968,372
367,795,372
16,284,372
715,367,373
906,148,375
284,292,376
890,583,377
649,603,378
93,154,379
673,906,379
228,670,380
986,322,381
21,795,382
401,337,382
726,263,382
146,477,384
791,114,384
73,507,384
778,38,385
341,417,385
177,271,386
462,328,386
676,514,394
853,233,395
965,595,397
213,902,397
987,500,400
795,42,400
189,87,400
18,66,400
848,424,402
953,44,402
457,849,404
135,298,405
142,623,406
103,671,407
556,424,407
210,31,407
528,178,407
529,623,408
247,762,408
584,592,409
597,110,411
615,359,413
742,275,414
543,246,414
835,68,415
883,378,417
327,392,417
8,358,418
667,173,419
911,786,420
426,438,421
930,982,421
179,375,421
607,305,423
535,633,423
342,477,425
128,637,428
916,683,428
501,924,428
209,540,429
7,207,429
665,748,429
934,407,430
690,99,431
982,458,433
202,258,433
601,424,433
317,293,435
218,938,438
272,455,438
801,725,440
859,929,440
242,692,442
714,833,442
328,635,442
600,505,443
389,725,443
186,62,443
467,593,447
397,644,448
368,212,448
294,210,452
34,509,454
880,722,455
236,387,459
599,652,460
371,444,460
438,747,461
24,606,462
638,987,463
170,640,464
27,997,466
993,596,468
423,706,468
8,847,471
592,685,471
593,111,472
874,826,476
288,972,477
570,793,477
608,230,480
537,651,480
575,991,482
854,643,482
691,915,483
675,95,485
758,602,485
677,88,488
318,741,488
820,453,489
777,863,489
797,408,489
810,236,489
298,353,493
846,616,493
440,940,495
419,655,499
173,813,499
59,894,500
794,321,500
105,78,502
518,672,502
413,750,506
56,442,507
111,925,507
631,662,508
892,422,509
634,169,510
237,877,510
562,263,512
749,410,512
378,902,512
831,89,516
921,368,518
443,22,521
808,553,521
798,287,521
65,792,522
829,856,523
986,770,525
880,705,527
488,559,528
342,342,528
331,133,529
201,652,530
559,457,533
792,83,533
853,913,533
523,132,534
222,88,534
277,859,534
113,959,534
814,808,535
421,19,537
812,122,538
470,27,538
462,672,539
351,470,539
995,432,540
124,256,542
232,251,543
76,615,544
663,336,546
53,197,547
688,877,549
264,162,550
967,134,550
582,737,552
367,728,553
680,735,554
363,928,554
181,524,555
663,455,555
331,883,555
535,565,555
216,418,558
180,210,558
308,678,560
565,961,561
930,553,562
342,628,563
315,389,565
178,675,565
610,322,568
435,523,568
460,697,569
300,69,571
641,281,574
360,840,575
503,22,576
553,515,576
227,503,577
432,810,578
934,998,580
676,849,584
807,642,584
618,969,585
373,191,589
959,431,590
541,406,591
403,621,591
614,179,593
563,540,593
356,57,595
654,999,595
899,103,596
196,423,596
627,108,596
614,342,596
523,928,597
674,952,598
744,155,598
291,789,599
448,337,599
980,463,602
449,761,603
595,534,605
516,620,605
821,915,606
285,321,608
85,631,608
312,945,609
866,443,609
856,791,610
785,456,611
575,989,611
448,315,612
459,504,612
268,789,614
705,223,615
406,725,616
356,402,616
255,527,617
946,391,619
883,854,619
631,301,620
192,772,620
992,88,622
927,778,622
592,867,623
872,487,624
676,728,624
797,91,624
553,293,624
820,252,624
880,653,626
78,221,626
266,713,626
350,814,628
736,71,628
539,693,628
703,337,629
889,423,629
359,832,632
770,757,635
237,54,635
173,225,638
854,900,638
223,863,639
338,562,639
539,496,641
212,415,642
315,550,643
821,30,644
808,277,644
99,923,645
56,465,645
823,256,645
9,721,647
151,783,647
923,749,647
885,898,649
488,255,649
197,935,651
768,203,652
756,63,653
87,814,653
500,720,654
800,592,659
599,368,659
216,120,659
394,728,660
198,160,662
605,847,663
529,556,664
589,552,665
335,181,667
81,991,668
192,373,668
726,120,668
774,935,669
89,970,671
532,313,672
788,164,672
429,297,672
303,573,673
827,455,674
367,919,676
721,715,676
376,906,676
909,169,677
914,333,678
22,552,679
785,421,679
235,239,680
766,699,680
373,812,681
737,126,684
284,259,685
813,372,685
623,75,687
549,351,687
989,134,687
769,948,689
51,70,690
137,952,690
201,562,693
715,556,693
521,621,696
501,1,698
745,881,699
694,308,699
487,215,699
805,87,700
20,204,700
620,390,701
531,999,701
327,738,701
163,938,703
67,283,704
905,305,705
411,301,705
34,110,705
655,242,705
626,354,706
488,774,708
39,191,708
544,423,708
728,63,709
813,509,710
710,301,711
553,67,712
188,42,713
750,208,714
502,915,714
745,749,716
528,9,716
3,622,717
595,316,719
219,621,721
741,302,722
314,658,724
996,250,725
589,286,725
897,728,726
212,891,729
901,156,732
264,454,733
510,150,733
511,702,734
828,622,735
852,352,736
866,141,737
753,42,737
460,462,738
16,884,738
46,916,738
597,659,738
740,586,740
47,831,740
619,556,741
440,486,742
890,25,743
165,312,745
705,636,746
765,543,746
23,136,748
464,314,749
439,29,749
362,867,751
333,796,751
385,864,751
393,927,751
68,681,752
242,80,754
166,299,755
593,98,756
544,400,757
328,934,757
31,240,758
355,395,759
458,518,760
697,149,760
785,654,761
455,256,761
590,562,762
540,139,762
749,737,763
478,791,763
281,443,764
888,371,767
200,876,768
622,103,768
495,430,769
979,6,769
147,638,773
26,665,774
804,934,774
206,959,776
322,629,776
348,388,778
317,174,778
928,22,780
390,492,785
674,557,787
231,438,787
83,796,788
634,309,790
356,980,792
148,73,792
542,410,794
885,377,794
900,556,794
306,118,794
676,965,794
920,697,795
724,677,796
358,677,796
612,343,800
633,861,801
932,677,803
272,534,805
90,111,805
978,467,807
109,71,809
318,846,810
51,688,811
980,223,813
288,792,814
208,13,815
634,304,815
28,690,816
147,749,816
540,168,817
650,785,820
144,109,821
821,546,821
712,13,822
656,679,823
800,91,824
979,517,824
608,674,825
596,617,826
984,652,829
110,496,829
314,54,831
574,294,831
785,459,832
756,245,834
251,761,836
53,517,837
108,826,837
607,164,839
999,484,839
434,782,839
82,522,841
72,381,842
22,382,843
991,173,848
382,674,848
345,86,850
852,41,852
55,807,855
242,774,856
898,115,856
132,680,856
389,313,857
251,227,857
141,97,857
638,890,858
761,633,858
982,180,858
413,494,859
237,99,860
584,819,861
104,668,861
436,10,861
515,413,862
8,184,863
480,232,864
579,802,864
43,720,864
627,528,865
238,475,866
779,815,866
339,233,867
59,615,867
780,813,867
819,649,869
197,312,869
256,142,870
667,866,873
59,522,873
476,851,874
920,723,876
13,900,876
14,97,877
623,41,877
259,882,879
553,233,881
385,518,882
189,465,883
526,399,884
584,448,886
950,114,887
413,769,890
281,369,890
182,832,891
615,331,893
944,804,894
744,155,896
175,726,896
382,367,897
400,607,897
854,42,898
142,471,899
181,871,899
382,521,902
403,759,903
74,984,903
475,355,906
616,9,906
578,800,907
636,651,907
942,762,908
161,194,908
9,152,909
646,509,910
708,475,912
52,120,912
50,649,914
878,523,916
897,880,917
758,262,919
895,297,920
950,684,922
787,308,922
968,445,923
361,90,924
659,332,924
961,404,924
695,280,927
828,620,928
558,611,928
441,580,929
490,855,929
901,362,930
242,460,931
729,957,931
603,922,931
867,419,932
86,193,932
202,791,933
550,684,933
402,776,934
686,395,935
321,716,936
471,261,937
390,386,938
915,606,939
950,521,939
144,680,940
984,811,941
536,242,943
696,605,944
29,789,945
316,341,946
224,670,947
450,83,947
645,932,947
8,303,948
554,55,948
680,673,948
971,302,948
27,159,949
663,634,949
5,595,950
753,377,950
654,985,951
219,900,952
547,361,952
786,786,952
535,415,953
155,869,954
115,743,955
881,733,956
801,130,959
475,859,959
94,66,960
242,620,960
436,523,961
290,182,961
763,742,962
705,119,962
932,13,964
506,800,964
734,180,964
824,574,964
172,577,964
207,376,965
664,127,967
287,873,967
170,719,968
540,966,969
51,969,971
621,648,972
621,455,974
655,885,975
724,969,976
737,206,977
95,126,978
54,930,978
628,819,978
328,496,979
651,3,986
144,147,987
310,114,988
771,561,989
594,910,990
391,113,990
578,347,991
458,785,991
666,372,991
516,980,992
314,275,993
64,310,995
953,320,996
902,274,997
426,790,997
416,13,998
709,188,999
