0,903,696
0,829,766
1,421,497
1,745,375
2,750,532
3,853,369
3,58,418
3,483,930
5,676,82
5,953,649
6,930,25
7,425,356
8,270,475
8,247,323
9,322,328
12,72,527
17,782,452
18,374,51
19,267,168
19,217,620
19,792,349
20,215,215
20,921,439
21,22,808
21,863,383
21,859,601
22,261,364
23,72,450
23,906,348
24,681,289
24,406,218
25,153,997
25,662,917
26,837,216
26,709,501
28,40,587
28,404,189
28,724,423
31,177,700
32,636,198
33,65,663
35,483,69
35,75,746
36,281,287
38,419,145
40,615,775
40,643,265
40,540,986
40,966,783
40,960,874
41,671,154
42,156,94
42,688,443
43,770,434
43,899,2
46,309,468
47,770,522
47,895,39
49,385,352
49,100,786
50,876,283
52,229,521
53,692,927
53,287,146
54,89,452
54,314,50
55,467,164
57,855,960
58,313,58
58,16,941
59,352,516
59,944,783
59,531,544
59,384,721
60,121,138
61,187,645
61,611,782
61,639,443
61,507,493
62,873,490
62,104,32
63,963,517
65,422,575
65,849,625
65,124,268
65,423,537
66,526,823
66,786,676
66,413,230
66,274,344
66,479,378
67,53,898
67,627,573
69,339,570
69,955,291
70,261,31
71,673,835
72,967,131
72,55,412
72,473,85
73,601,420
73,440,903
73,92,392
73,827,921
76,110,888
76,841,860
76,709,607
76,875,968
77,858,174
77,453,572
77,15,58
78,683,449
78,682,846
81,956,85
82,573,689
82,55,608
82,990,637
82,452,373
82,743,35
83,995,619
84,82,450
85,992,94
86,688,764
86,489,668
87,194,74
89,596,886
90,478,809
92,420,771
93,485,797
93,299,294
94,469,20
95,815,327
96,147,596
97,38,484
100,351,598
100,814,297
101,944,729
105,628,183
106,945,518
106,56,528
107,184,599
108,226,160
108,857,130
108,140,653
108,704,194
109,251,176
110,705,730
110,584,638
110,600,435
111,818,334
111,178,582
113,711,587
113,751,177
113,866,27
114,923,109
115,141,763
116,784,245
116,821,176
116,877,782
117,35,219
117,463,653
120,956,519
120,723,603
120,329,659
121,414,723
122,46,641
122,628,901
122,643,745
123,818,814
124,658,367
124,649,305
125,108,86
125,686,835
126,84,494
127,64,383
127,721,308
128,495,774
129,278,969
129,493,472
130,506,327
131,664,730
131,673,46
131,138,372
131,984,367
132,229,554
132,34,392
132,262,810
132,496,2
134,466,852
135,549,328
136,226,378
137,580,72
138,272,581
138,78,151
138,332,477
140,647,266
142,755,909
142,24,366
143,571,682
143,11,531
146,957,920
146,28,320
147,617,654
147,384,132
147,552,481
148,544,894
149,371,147
149,211,303
149,999,817
150,847,300
150,914,796
150,113,105
151,347,404
151,157,270
152,305,98
153,534,912
153,804,519
153,520,377
153,294,792
153,794,790
153,519,161
155,337,481
157,435,664
157,297,357
158,56,244
158,596,254
159,311,956
160,538,536
160,307,210
161,795,523
161,260,376
162,363,510
162,6,77
162,375,780
163,675,682
163,357,349
164,558,559
165,346,201
166,255,824
167,761,836
168,821,59
169,391,513
170,369,332
171,609,993
175,222,577
175,781,785
175,660,579
176,907,505
176,729,911
177,764,635
177,703,540
178,2,307
178,203,728
180,184,494
181,795,237
181,214,450
181,300,932
185,118,412
186,369,649
186,696,512
187,585,780
187,229,36
188,407,129
189,123,305
189,608,768
190,796,675
192,874,512
193,645,160
193,483,853
195,25,556
196,569,183
196,624,517
196,494,963
197,303,404
199,412,243
199,201,942
202,594,442
202,162,589
203,539,835
203,225,465
204,491,65
204,320,965
204,748,63
205,328,566
205,212,935
205,438,994
206,938,255
206,502,343
207,854,258
207,23,587
208,265,620
208,100,304
208,481,206
209,120,445
210,98,505
211,157,29
211,303,877
211,568,639
212,398,937
213,963,453
214,628,28
218,291,74
218,561,299
218,531,869
218,808,227
219,946,372
219,375,16
220,497,747
221,533,12
221,864,900
221,526,972
222,965,823
223,114,772
225,464,274
225,377,13
228,367,883
229,514,270
229,709,540
230,807,387
231,497,791
231,640,415
232,165,112
234,532,932
236,792,407
237,658,693
240,10,258
241,999,756
241,187,229
243,735,162
243,307,74
244,654,781
244,760,256
244,953,455
245,618,567
246,139,216
248,903,86
249,162,342
252,426,456
253,500,547
253,59,31
254,209,568
254,573,367
259,963,363
260,159,773
262,569,595
262,626,315
263,809,480
263,523,11
266,428,520
266,191,325
267,927,847
268,857,980
272,129,918
272,237,368
272,849,821
273,467,810
274,662,433
275,249,72
275,445,985
276,148,562
276,364,454
276,816,392
276,981,254
276,744,354
278,746,934
278,460,146
279,839,708
279,120,989
281,382,344
282,998,528
282,169,140
283,593,422
283,476,205
284,584,77
284,532,22
284,698,166
284,287,270
285,135,686
287,438,837
287,880,580
288,538,644
288,344,3
290,498,258
291,498,945
291,421,767
291,412,45
292,946,976
293,73,280
293,771,239
293,289,797
297,471,129
297,525,637
298,926,25
298,67,296
298,119,710
302,260,892
303,611,659
306,497,42
306,982,49
309,314,906
309,188,507
310,174,52
310,10,663
312,455,979
313,649,331
313,941,204
313,742,350
314,533,733
315,485,281
316,572,263
317,326,98
317,717,79
317,53,482
318,899,47
320,747,830
320,389,382
321,700,285
322,489,224
323,6,834
324,210,135
324,387,479
326,905,358
326,27,829
326,498,415
327,679,973
328,829,811
328,216,997
329,703,495
330,867,261
330,536,684
330,305,236
331,437,490
331,177,998
331,221,25
332,70,622
332,240,944
334,413,499
334,779,981
335,992,347
335,828,296
335,994,444
335,519,476
336,454,742
337,464,35
338,437,381
340,888,154
341,902,529
341,52,339
342,18,115
342,797,181
343,554,822
344,926,537
346,40,143
346,650,546
346,189,187
347,843,61
347,231,605
347,81,591
349,622,886
350,723,786
352,545,810
352,586,376
352,685,233
353,172,337
354,81,349
354,492,380
355,494,580
355,29,301
357,462,123
360,442,382
362,613,45
362,346,262
362,155,245
362,855,178
363,705,911
365,32,366
366,951,860
366,284,713
367,164,24
370,366,77
370,134,709
370,555,749
370,151,943
370,895,62
370,400,757
371,277,833
371,54,743
371,95,348
372,394,699
373,380,991
374,394,969
374,321,721
374,476,510
375,835,931
376,730,618
376,143,368
377,854,90
379,98,902
380,894,32
380,37,243
380,721,420
381,576,225
381,372,330
382,880,337
382,384,146
383,394,159
385,933,23
385,570,993
387,783,713
387,581,639
387,286,412
388,909,81
388,224,238
389,290,52
391,839,745
391,463,767
391,794,716
391,960,719
392,342,921
395,535,549
396,552,215
397,364,768
398,663,852
398,207,560
399,718,467
400,265,41
400,903,515
401,6,410
402,675,788
402,598,782
402,433,857
403,457,757
403,220,40
403,128,26
404,299,22
404,206,123
405,228,877
406,376,296
406,537,656
406,213,920
406,246,512
406,292,246
407,280,686
407,718,523
408,374,700
408,402,65
409,219,171
412,893,720
413,981,784
414,337,933
414,397,99
414,65,697
415,946,276
415,943,597
415,902,676
416,14,337
417,904,714
418,872,873
418,471,806
418,201,733
419,879,524
419,175,233
419,756,126
421,134,643
422,9,854
422,830,787
423,487,284
423,305,513
424,540,966
424,640,803
426,553,581
426,671,687
427,99,609
427,878,225
428,221,697
428,408,975
428,881,426
429,287,332
429,394,749
429,149,592
430,504,908
431,30,194
432,537,322
432,777,866
432,437,704
433,222,557
434,468,430
434,117,442
434,458,198
434,534,733
435,427,919
435,849,419
435,726,712
436,912,206
437,752,683
438,134,263
438,938,419
438,858,581
440,561,842
440,909,302
440,549,967
440,291,632
440,572,591
441,826,960
442,81,557
442,474,47
443,465,994
443,70,871
445,5,281
446,24,988
447,980,781
448,44,611
448,374,726
448,790,886
449,75,432
450,173,953
451,914,800
451,517,101
451,206,463
453,494,100
453,852,940
453,51,4
453,256,154
453,25,720
455,30,661
455,499,315
455,861,191
460,542,941
460,809,333
463,752,836
464,281,616
465,623,847
465,865,433
466,194,294
467,766,236
467,626,107
469,182,450
469,790,323
469,177,319
470,114,802
471,494,316
472,41,557
472,255,765
472,308,801
472,437,162
473,770,391
473,482,10
474,23,503
474,975,497
476,615,248
476,475,471
477,387,194
477,664,581
478,12,452
479,472,653
480,913,86
481,536,595
481,400,323
482,830,935
483,12,32
486,682,335
487,486,252
487,463,97
490,443,868
491,830,249
491,104,476
491,61,519
491,604,390
492,283,176
493,265,502
493,835,949
493,7,46
494,148,135
495,364,878
495,958,317
496,58,939
496,495,874
496,178,949
496,969,131
497,672,139
497,5,612
498,769,279
498,812,330
499,557,759
499,681,608
500,623,489
501,112,458
501,187,132
504,766,729
505,11,329
505,400,260
506,176,0
506,989,860
506,361,614
507,286,110
507,200,45
508,650,146
509,762,901
509,740,831
509,108,970
510,39,621
510,853,761
511,576,389
511,949,303
511,976,589
513,135,586
513,102,553
514,967,170
514,480,65
514,538,918
516,555,73
516,95,308
517,422,527
518,297,101
518,743,680
518,741,188
519,268,318
519,40,263
522,383,130
523,767,234
525,484,893
525,174,640
527,218,19
527,176,291
528,143,533
528,510,656
529,248,773
530,374,796
530,278,721
531,120,613
531,854,923
531,144,182
531,11,925
532,479,669
533,784,144
534,737,173
534,663,31
534,838,646
534,340,807
535,996,124
536,245,512
537,548,929
538,118,249
538,505,695
539,863,327
540,932,357
540,874,729
542,905,125
543,64,278
544,921,303
544,76,774
545,166,842
546,585,286
546,536,934
547,475,842
548,669,562
549,961,383
550,12,764
551,850,796
551,420,816
553,187,941
555,238,179
555,109,150
559,730,238
560,608,347
560,785,599
561,793,832
562,504,314
563,911,349
563,906,495
566,897,661
566,561,474
567,357,388
568,273,588
568,894,793
570,757,607
570,544,805
571,640,901
571,67,734
572,442,129
573,709,806
574,530,473
574,993,482
576,991,923
577,50,786
578,888,197
579,811,694
580,711,235
581,759,388
581,165,537
581,227,641
581,973,177
581,10,112
582,212,756
582,969,288
583,476,57
583,612,143
584,221,396
584,276,236
584,12,116
584,8,502
584,639,478
585,0,804
585,329,609
586,820,947
586,57,86
586,29,206
586,811,286
586,901,220
587,559,382
588,546,883
588,702,984
589,564,108
592,103,640
593,449,814
593,52,364
594,450,808
595,973,0
596,488,740
596,311,310
596,648,619
598,884,145
598,316,315
598,890,787
599,666,53
600,234,5
600,249,181
601,545,919
603,37,939
604,692,547
605,358,878
606,619,550
606,272,446
607,272,21
608,595,921
608,318,386
609,740,25
611,612,340
612,90,33
612,837,756
613,784,405
614,697,83
614,419,134
614,485,590
615,569,147
616,321,826
616,456,529
617,302,463
617,393,825
617,380,361
618,680,356
619,755,410
619,559,224
621,477,19
621,46,415
621,729,489
622,534,1
622,929,513
623,974,172
623,127,250
623,233,844
625,474,136
625,712,500
626,409,19
626,142,277
628,189,104
629,631,747
629,172,664
630,573,380
630,977,712
633,507,791
634,826,420
635,327,824
635,225,726
637,84,531
637,969,783
639,800,14
642,585,421
642,331,952
643,933,484
644,138,795
644,603,390
645,831,669
645,853,626
646,154,813
646,782,502
651,762,656
651,273,30
651,769,868
652,738,812
654,926,524
654,975,975
655,475,849
657,575,914
657,244,792
659,631,22
659,721,860
659,68,889
659,994,671
660,574,223
661,5,478
662,925,91
662,563,367
663,252,578
663,185,351
664,411,693
664,896,274
665,796,160
666,346,688
667,669,409
669,187,63
670,145,345
671,996,803
671,455,24
673,458,956
676,654,381
676,591,660
677,736,890
678,163,134
679,178,995
682,654,636
682,502,895
683,564,819
683,528,7
684,284,938
685,934,344
685,476,282
685,725,553
687,485,385
688,430,571
689,0,556
689,607,273
689,504,561
689,131,825
690,889,377
691,980,892
691,345,753
692,377,146
692,363,776
692,864,402
693,153,725
693,94,457
693,2,431
694,977,147
695,702,171
697,788,826
700,905,682
700,301,764
701,746,670
701,490,535
701,920,195
701,706,481
701,682,699
702,607,158
702,502,677
702,930,891
702,41,667
703,638,976
704,47,799
704,284,974
705,664,371
706,155,949
707,931,999
708,758,385
708,321,146
708,881,519
708,58,588
709,509,377
709,405,121
710,392,289
710,632,761
711,28,905
711,992,45
711,650,393
712,886,733
714,27,228
715,417,775
715,336,68
717,512,865
717,116,875
718,801,666
718,615,473
719,8,908
720,386,241
720,226,532
721,381,901
721,969,231
721,292,298
722,49,873
723,669,174
724,558,990
724,979,441
726,164,962
727,949,226
731,668,41
731,236,862
731,279,606
731,700,478
732,944,663
732,442,427
733,41,343
734,121,792
735,670,142
736,910,574
737,637,632
737,100,282
737,875,239
737,202,195
738,186,693
740,521,658
741,534,617
741,641,982
742,92,268
743,532,215
744,204,98
744,856,601
746,198,703
747,769,308
747,774,288
748,617,748
749,934,392
749,609,361
749,424,847
749,815,31
750,776,968
751,680,774
751,359,45
751,55,209
752,554,139
753,849,473
753,619,896
755,910,229
755,662,120
756,877,809
756,500,803
756,48,3
757,547,961
757,364,278
758,298,56
758,576,967
758,172,71
758,831,573
760,286,722
760,530,84
761,290,998
761,573,647
761,129,923
761,215,295
762,935,114
762,334,797
762,685,829
764,688,843
764,66,113
765,415,931
767,940,529
768,564,516
769,767,734
769,948,91
770,606,486
772,593,383
774,541,128
774,560,153
775,956,67
775,871,557
775,944,748
777,650,447
778,319,779
780,98,887
781,948,443
781,633,385
781,985,999
783,990,898
785,400,453
786,384,886
787,378,575
787,429,841
787,659,21
789,38,882
789,303,538
790,150,125
790,435,696
791,149,835
792,903,40
793,573,318
794,637,546
796,364,168
796,264,47
798,355,451
799,623,314
799,596,355
800,437,596
800,562,352
801,898,851
801,111,343
802,138,704
802,706,190
802,156,226
803,730,494
804,315,554
804,420,888
807,643,271
807,749,326
808,972,815
808,761,71
808,16,341
809,968,496
809,327,507
809,440,0
811,215,26
812,612,437
812,634,360
813,884,730
814,699,131
814,64,112
814,651,70
814,590,522
815,70,153
817,546,577
818,685,698
819,674,787
821,448,498
821,912,55
821,148,67
821,551,87
822,822,316
823,109,770
824,5,48
825,800,444
825,856,322
826,377,266
827,283,202
829,605,115
829,34,474
830,188,411
832,929,318
833,981,854
833,258,11
833,802,881
833,208,475
834,694,940
835,559,649
837,713,984
837,748,985
838,729,519
838,916,928
839,582,448
839,122,24
840,258,823
841,219,307
842,218,192
844,326,917
844,655,91
844,380,841
845,821,679
846,753,533
846,213,795
847,626,932
847,115,52
848,610,114
849,755,355
851,93,170
851,185,134
852,488,989
853,571,447
853,550,447
853,36,873
854,500,434
854,469,451
855,447,586
856,20,977
856,198,227
856,612,772
856,359,647
856,382,955
857,631,243
857,559,704
857,310,477
859,131,917
862,586,969
862,130,701
863,331,771
863,995,455
864,975,814
864,505,908
865,523,64
865,366,346
867,980,928
868,738,95
868,756,253
868,385,999
869,940,196
870,668,922
870,470,509
871,587,794
872,243,166
873,362,694
873,711,922
873,67,976
874,588,737
874,12,433
876,14,897
876,134,193
878,711,800
878,521,794
879,156,446
879,792,223
880,807,330
880,143,504
880,308,708
880,625,94
882,228,244
882,765,295
882,505,451
883,891,509
884,944,117
884,188,748
885,487,460
885,352,368
886,413,625
887,270,756
887,818,621
887,953,226
888,786,90
889,135,94
889,624,754
889,696,530
890,652,690
890,156,202
891,425,315
891,726,40
891,404,826
892,87,930
893,505,61
895,749,592
896,870,145
897,416,233
897,743,834
900,290,776
900,931,259
901,586,33
901,626,560
902,141,289
903,846,264
905,315,472
905,744,79
905,173,282
906,25,475
906,383,549
906,613,54
907,292,395
910,203,929
910,330,284
912,95,751
914,343,168
915,23,809
916,559,557
916,48,372
916,700,191
918,900,105
918,714,684
918,206,265
918,25,48
918,845,788
919,902,666
919,293,957
920,437,827
921,159,855
921,58,949
922,691,571
922,520,211
923,123,973
925,435,277
926,336,988
926,436,212
927,421,98
927,996,58
928,295,259
929,173,146
929,367,747
929,197,979
929,594,145
931,965,808
932,751,976
934,609,449
934,703,164
935,321,492
935,678,225
935,481,16
936,562,436
936,141,749
937,342,800
939,802,565
940,316,363
941,319,906
942,336,224
942,885,584
943,63,356
944,961,351
944,270,647
944,997,103
946,926,476
948,613,173
948,534,915
949,862,559
949,516,974
950,33,558
950,826,855
950,296,284
952,60,427
952,808,796
952,311,868
954,976,238
955,640,503
956,402,340
959,298,821
959,569,976
960,891,34
961,663,879
963,348,940
963,161,634
964,296,982
964,378,415
965,523,387
966,415,681
967,666,518
970,400,690
971,0,58
971,443,376
973,961,349
976,794,66
976,432,797
976,710,636
976,871,125
976,601,610
977,394,256
980,768,882
980,732,816
980,753,876
981,854,335
982,445,971
983,983,621
984,878,751
985,221,158
990,572,866
990,485,552
990,328,179
990,236,490
991,557,614
991,156,673
992,486,762
992,23,614
993,287,417
994,651,24
995,554,417
995,786,800
997,977,995
998,155,196
998,154,855
999,164,640
999,846,136
