167,249,2
654,766,2
759,362,10
302,743,12
25,365,13
996,387,14
732,809,17
50,720,17
948,501,17
241,645,30
187,257,30
162,988,35
798,149,35
605,271,39
486,799,40
496,914,41
407,492,44
898,42,53
796,824,53
197,435,54
860,901,55
71,617,55
300,400,56
229,689,56
758,614,57
138,367,58
59,839,58
933,167,60
692,121,60
382,293,61
451,448,64
292,35,64
103,799,67
953,960,70
66,854,71
688,268,71
383,734,71
184,556,75
556,567,75
896,22,75
874,722,79
708,890,81
8,762,85
410,381,85
780,151,87
666,82,90
77,979,90
246,130,92
124,682,92
301,8,92
802,705,98
510,486,99
403,715,102
203,739,105
613,401,105
168,842,106
989,147,113
458,414,114
195,573,116
673,417,116
798,981,117
253,875,117
478,910,122
171,326,122
337,571,124
608,398,125
590,405,126
145,558,126
272,523,128
874,387,128
792,225,130
42,533,130
825,924,141
121,772,143
237,912,143
729,690,144
880,295,146
628,721,150
868,810,151
747,136,153
882,377,155
474,961,158
948,965,158
949,454,159
684,594,159
436,927,167
758,883,167
906,114,169
206,311,170
230,92,172
88,733,173
359,376,174
736,667,178
586,975,179
471,640,182
896,139,184
327,84,185
52,138,185
825,382,186
853,135,188
628,930,196
611,105,198
871,332,199
888,966,199
359,453,201
629,212,201
294,757,204
142,131,205
870,768,206
269,33,206
199,532,207
247,201,214
327,121,215
261,583,220
170,244,220
484,726,220
425,157,224
201,173,224
702,458,225
626,573,229
647,558,234
935,539,234
277,444,240
849,529,240
848,188,246
399,983,246
487,785,249
797,592,250
999,861,252
448,148,254
631,466,256
150,328,256
399,764,257
170,239,260
881,917,262
288,467,262
485,558,263
822,590,266
415,315,267
21,385,269
110,505,270
771,355,272
916,754,279
916,656,280
482,164,282
306,610,286
109,323,288
670,269,292
193,89,293
585,829,298
636,596,299
18,775,303
460,495,305
222,957,306
390,728,308
993,465,313
435,968,314
819,405,315
459,643,320
568,446,321
969,19,322
542,497,323
842,908,325
506,454,325
288,810,326
623,579,334
830,299,339
400,717,345
935,929,346
847,27,348
579,472,349
949,487,356
195,814,358
207,632,368
7,116,370
2,750,375
320,983,378
622,751,380
414,300,385
445,0,388
643,898,391
828,801,395
495,268,397
948,432,397
42,440,397
796,716,397
48,561,398
949,885,398
322,141,399
59,710,403
77,133,403
891,73,406
739,825,407
602,340,409
882,591,410
6,749,412
531,39,412
52,234,414
205,280,415
141,832,416
257,482,419
999,500,423
484,338,426
423,687,429
970,949,435
34,617,436
414,886,439
801,15,444
705,105,444
913,769,449
342,744,449
420,739,450
568,683,451
494,605,459
132,554,460
739,998,462
485,531,464
823,627,465
738,544,467
27,964,476
558,437,479
922,976,480
638,408,483
564,73,490
945,985,491
718,970,491
27,530,492
867,913,492
167,836,493
498,437,495
391,955,496
486,920,499
420,846,501
828,816,502
992,112,503
98,250,505
418,757,508
997,706,509
26,308,510
847,318,511
851,829,511
731,828,516
690,365,517
443,43,517
618,946,525
507,16,526
385,65,527
898,706,527
17,571,527
708,169,533
856,341,535
486,834,538
866,323,540
76,987,540
574,368,541
654,729,543
725,95,544
759,851,547
269,923,548
549,533,551
318,582,553
360,36,555
17,332,558
191,893,569
187,16,569
743,929,579
986,433,580
249,144,580
850,680,581
365,952,591
592,41,591
556,394,592
418,978,593
840,156,595
261,720,599
677,360,599
36,448,601
539,842,601
582,274,603
683,649,606
236,548,606
215,691,608
983,286,608
408,683,608
758,646,613
435,789,617
805,349,618
225,202,623
560,17,624
112,187,629
1,252,629
524,753,630
248,743,632
122,288,633
836,339,634
147,985,635
888,605,635
811,293,636
412,717,644
141,120,649
897,468,649
103,696,651
382,802,651
434,343,651
526,496,654
365,246,656
517,961,657
434,556,657
572,748,657
105,747,658
690,440,660
781,669,661
212,685,662
916,944,663
978,475,665
752,936,667
754,282,669
860,936,669
592,409,670
397,981,672
962,335,672
121,379,672
581,428,675
547,871,677
975,265,679
643,851,679
184,916,681
102,994,686
362,135,688
628,559,689
650,68,693
904,453,695
426,74,700
600,479,708
243,361,709
809,860,709
136,376,710
827,446,711
985,657,711
577,885,712
406,551,712
834,419,714
214,967,721
351,46,723
990,740,729
451,405,731
793,578,731
468,622,732
638,641,739
148,332,741
734,699,750
285,218,751
704,846,753
58,865,755
601,686,755
530,746,762
456,829,765
806,723,765
577,513,766
254,583,770
432,906,770
112,471,773
701,930,774
282,815,777
382,181,778
333,228,780
159,691,784
564,729,786
481,730,787
466,998,788
796,815,789
370,790,789
247,196,792
501,459,792
301,183,793
866,453,795
211,683,803
516,933,804
432,260,807
229,917,812
665,133,812
60,609,815
678,872,817
792,250,822
54,200,823
285,842,825
713,632,827
170,868,829
757,552,830
448,93,833
637,652,837
148,168,840
419,139,841
907,493,847
78,10,847
572,66,848
128,58,850
244,23,859
81,701,860
125,661,861
226,625,863
982,494,864
125,797,865
136,228,867
244,940,867
25,670,870
33,129,871
848,695,874
382,246,874
381,462,878
189,363,879
628,139,884
647,789,885
478,929,891
689,141,893
712,79,894
214,693,894
664,531,897
893,605,898
642,689,901
224,692,907
565,397,908
733,709,909
840,849,909
227,270,918
244,751,919
170,435,919
541,214,920
650,297,923
864,445,923
892,981,929
830,640,930
0,989,933
469,283,935
742,753,937
732,473,937
567,96,937
662,833,938
317,562,941
169,710,951
338,122,952
742,156,956
103,773,958
333,201,961
776,672,965
911,808,969
819,327,969
545,380,970
985,870,971
964,189,974
0,152,979
828,924,982
347,651,983
615,280,985
204,322,989
64,235,989
440,689,990
517,842,990
440,173,991
849,62,992
877,620,992
37,192,993
784,165,993
166,121,995
375,245,997
33,54,999
