412,262,0
511,77,0
247,466,0
246,222,1
342,591,1
186,455,1
976,473,1
32,135,2
791,202,2
719,877,2
519,457,2
351,498,3
744,829,4
530,374,4
924,124,5
984,769,6
101,542,6
429,920,7
447,719,7
100,377,9
339,491,11
344,516,12
789,776,15
880,192,15
563,512,16
45,231,18
409,242,19
365,327,21
39,492,22
504,348,23
857,859,24
335,879,24
737,40,25
859,128,26
931,401,28
105,297,28
266,737,29
467,910,29
291,717,30
141,94,31
362,626,31
418,322,32
509,163,32
5,171,36
171,933,38
785,570,38
22,459,38
386,892,38
44,47,40
97,55,41
875,474,41
320,221,41
222,408,42
26,632,43
480,678,44
666,179,45
991,971,45
417,833,46
513,2,47
418,903,47
369,705,49
146,238,51
307,0,51
590,731,53
40,7,54
137,790,55
150,187,55
209,883,56
497,221,58
535,336,61
313,791,61
650,883,62
264,607,62
449,720,63
469,768,64
588,932,67
271,764,68
603,704,69
409,564,70
858,288,71
434,329,71
341,58,72
514,73,72
821,890,74
756,826,75
698,790,77
404,377,80
542,314,81
487,143,82
757,958,84
124,101,84
793,206,86
891,292,87
452,918,87
183,228,89
329,576,89
306,377,89
114,677,92
467,985,92
703,269,92
792,151,92
562,848,94
187,438,94
67,189,94
376,417,94
158,536,96
52,158,96
825,61,98
94,906,99
417,445,100
450,714,102
286,92,105
262,874,106
579,718,106
847,231,109
245,750,110
815,149,112
41,767,113
84,987,116
172,108,120
462,926,123
273,937,124
678,95,125
27,431,129
829,209,129
822,104,134
120,489,134
116,120,136
496,865,136
332,940,137
364,865,137
410,40,137
282,491,139
247,46,140
528,51,140
599,559,140
810,653,143
341,105,143
397,208,144
904,639,144
759,854,144
538,321,147
677,59,148
529,308,148
762,818,149
235,396,149
316,31,150
860,950,152
9,530,152
743,665,153
741,360,154
307,580,154
779,871,155
259,84,155
572,997,156
541,885,157
916,212,157
549,648,158
950,610,160
357,955,161
384,156,161
356,208,161
976,48,162
531,83,165
800,377,165
455,546,166
943,715,166
722,78,167
550,467,167
714,999,168
619,370,168
146,440,168
365,699,169
461,367,169
188,290,169
538,168,169
498,586,170
433,905,170
882,231,171
396,93,171
958,58,172
218,610,173
675,497,173
157,165,174
22,183,174
234,58,174
616,972,174
918,623,175
708,780,175
724,112,178
374,340,179
873,54,180
785,387,181
599,377,183
628,311,185
644,24,187
295,845,187
388,62,187
719,187,187
296,729,189
421,189,193
11,964,193
87,998,194
55,333,195
266,657,195
972,121,195
141,688,196
645,618,196
863,54,197
2,134,198
413,424,198
385,385,200
595,211,201
42,237,201
614,159,202
825,245,202
540,534,203
992,728,203
975,551,203
546,184,204
70,283,206
444,279,206
871,952,207
85,945,209
407,450,210
433,383,210
870,806,214
100,514,215
960,571,215
596,855,217
736,791,218
725,913,218
922,630,219
985,452,219
575,26,220
229,164,222
568,13,223
967,418,223
960,668,223
385,154,224
624,443,226
172,244,227
72,311,227
259,598,227
245,929,232
61,779,232
240,373,232
620,251,233
16,55,233
220,596,234
503,930,234
301,150,236
970,957,236
173,244,236
762,942,238
380,507,239
212,65,240
830,52,241
137,516,241
928,105,244
222,683,244
714,797,245
289,905,246
544,409,247
928,360,248
680,339,248
509,262,248
654,22,249
495,288,251
68,87,253
354,112,253
998,754,256
800,838,258
781,768,259
51,919,260
149,892,261
459,13,261
480,861,261
222,78,262
433,929,262
493,339,262
559,824,264
582,470,264
577,703,264
688,797,267
723,33,267
670,150,269
600,686,270
777,773,272
236,461,272
625,909,273
681,261,273
52,557,273
280,368,275
742,865,275
712,828,276
432,508,279
565,889,281
867,904,281
488,771,281
897,263,281
647,436,282
787,207,282
652,983,284
245,690,284
287,293,285
897,845,286
192,509,287
550,248,291
859,863,292
680,77,294
205,431,296
41,524,296
564,601,297
731,583,298
197,958,299
370,698,299
700,99,299
52,422,299
202,645,300
799,718,300
983,280,301
263,864,303
959,461,304
308,168,308
141,210,311
115,8,312
890,315,312
961,244,313
571,803,313
53,363,313
221,61,317
309,246,319
456,912,319
362,3,322
905,962,324
542,341,325
448,710,325
952,860,326
516,5,327
281,810,327
546,101,327
906,927,328
942,674,328
522,377,330
489,822,332
822,267,332
645,788,333
467,552,334
759,379,335
378,469,336
166,816,337
120,652,337
456,456,337
840,651,338
437,867,338
249,868,339
202,113,339
834,686,341
520,143,342
853,717,342
864,844,342
715,316,343
765,91,345
618,473,346
209,58,348
372,581,348
375,743,349
439,99,349
658,207,351
0,80,351
346,799,351
607,866,351
632,739,352
300,34,354
189,95,357
405,108,358
714,671,358
997,354,358
271,580,359
603,820,360
511,283,360
457,938,360
197,574,361
636,682,363
923,666,364
130,898,367
844,121,367
587,798,368
328,222,369
151,315,369
161,528,369
394,411,370
838,7,370
976,390,370
743,692,371
111,692,371
165,198,372
196,229,372
645,865,373
8,158,374
408,441,375
364,178,375
437,6,376
555,489,376
507,421,377
900,927,377
412,999,380
898,294,382
97,46,382
640,326,385
675,836,386
244,286,386
19,18,387
929,506,388
402,166,388
315,607,389
109,675,389
95,621,389
683,769,390
319,800,392
547,416,393
288,432,394
421,160,395
522,900,396
877,609,397
262,594,397
266,405,399
525,291,400
869,907,401
911,309,401
787,356,403
77,317,403
148,979,403
17,645,404
121,245,405
419,849,406
310,811,409
87,245,410
205,273,411
84,453,411
734,672,412
514,832,413
805,382,413
509,182,413
491,68,418
826,344,419
364,734,419
168,827,419
70,304,424
998,517,424
986,408,426
504,367,427
347,462,428
3,941,428
31,399,429
437,903,430
509,691,432
508,814,434
355,720,436
245,42,437
613,445,437
297,958,438
475,727,439
191,203,440
466,660,441
655,376,441
663,814,444
316,972,445
632,204,447
21,12,448
564,775,449
262,616,450
209,394,452
256,17,453
264,372,453
868,179,454
260,107,455
673,701,455
316,717,459
370,217,459
3,298,460
704,327,460
993,150,460
364,113,461
560,148,461
852,718,462
819,825,462
57,785,463
931,70,463
442,967,463
324,779,464
318,986,465
857,489,465
714,859,466
892,888,466
916,61,467
423,19,468
307,862,469
534,47,469
901,812,469
921,610,471
708,685,472
672,653,472
358,833,473
845,562,474
211,190,475
427,961,479
580,576,479
279,562,480
484,706,480
358,924,481
460,372,483
287,138,486
852,223,487
508,802,488
412,691,491
44,105,492
611,849,499
402,856,499
687,325,499
824,763,500
319,385,500
280,620,501
84,838,503
98,180,503
675,683,504
922,705,504
514,721,507
891,518,508
214,948,508
872,433,509
719,943,510
87,195,513
472,680,514
291,43,514
463,306,516
941,394,517
647,130,517
846,423,517
68,554,517
131,869,518
713,365,518
781,209,520
489,575,522
515,57,522
863,763,523
181,434,524
896,729,525
623,69,525
907,867,525
800,918,526
508,152,526
344,675,526
984,298,529
280,382,529
955,559,529
436,910,531
433,444,531
247,758,532
867,659,534
485,904,536
552,406,537
340,304,537
451,853,541
788,904,541
345,271,542
271,473,542
1,263,543
127,346,544
648,848,544
339,397,544
72,400,545
769,488,546
320,675,547
962,790,547
891,414,548
297,36,552
929,189,552
947,416,553
388,736,553
26,57,555
531,973,555
313,324,556
22,312,556
983,5,557
504,728,558
150,30,559
393,255,560
788,802,560
14,556,561
974,186,564
37,545,565
446,636,565
682,452,565
836,338,565
153,858,570
814,550,571
475,755,571
67,396,573
358,984,573
613,647,575
856,688,575
688,45,575
918,335,576
695,544,576
528,193,577
290,460,579
538,651,580
723,179,581
86,931,582
8,930,583
261,839,585
654,195,585
571,764,586
395,559,587
612,668,589
918,205,589
617,497,591
200,417,591
35,7,593
349,598,595
358,606,595
207,148,596
113,902,598
75,80,598
555,110,599
406,48,603
859,696,605
270,593,605
164,216,605
515,520,607
648,532,607
641,650,609
714,257,610
435,312,611
967,30,611
159,725,611
61,52,613
293,135,615
544,2,616
836,351,616
196,346,616
953,611,617
164,462,618
40,169,619
987,987,625
579,850,625
433,619,628
128,414,628
582,438,631
729,574,631
282,549,631
121,74,632
577,279,633
678,295,635
891,532,635
985,393,636
934,365,637
465,872,638
523,625,639
441,85,639
385,896,640
389,647,641
232,489,642
127,79,642
744,668,643
546,325,644
941,769,644
339,481,645
896,94,646
981,731,647
981,761,648
536,289,649
780,898,650
310,597,651
971,503,652
653,952,653
734,913,653
974,401,653
935,85,654
229,208,656
872,725,656
435,128,657
266,360,658
954,615,658
148,558,659
265,891,659
496,1,660
704,957,660
315,751,661
322,136,661
554,477,661
2,44,661
801,327,661
416,702,664
414,199,666
877,685,667
46,876,668
892,198,669
630,383,669
491,489,671
534,263,672
779,371,672
817,672,673
447,95,674
406,962,675
447,14,676
264,975,676
357,51,677
652,158,677
580,494,679
23,329,682
71,381,682
677,269,682
402,813,686
676,331,687
864,13,687
142,70,687
480,836,690
200,178,691
384,991,692
971,907,692
986,743,695
691,786,696
229,193,697
845,614,700
963,641,700
950,240,701
682,887,701
894,918,703
410,598,703
793,879,705
832,847,705
655,38,706
906,383,706
210,798,708
934,407,709
873,212,710
200,451,710
278,633,711
329,949,713
827,488,713
310,798,713
545,136,714
877,575,715
495,65,715
62,972,718
995,142,718
254,449,719
918,218,720
123,356,720
78,925,721
616,180,722
923,829,726
785,428,728
697,802,730
765,274,731
679,513,733
0,187,733
869,918,735
758,284,736
992,993,738
205,240,739
631,6,740
32,169,740
487,489,740
700,705,740
751,158,744
168,195,744
280,11,746
37,376,750
750,207,750
614,889,751
883,488,751
358,481,752
433,239,753
255,978,754
524,357,758
944,524,758
371,130,760
279,930,763
296,544,764
771,602,765
363,982,765
17,65,766
119,694,767
544,958,769
816,143,769
450,531,769
835,707,772
850,467,772
577,397,774
905,145,774
174,187,775
791,839,776
587,167,777
136,173,777
710,216,779
712,801,780
50,812,783
418,289,784
768,800,785
294,998,785
134,736,789
654,262,790
467,522,791
728,625,791
850,431,791
827,581,794
307,899,795
246,230,795
504,231,796
568,337,796
236,114,796
218,969,797
767,76,797
650,501,799
539,70,802
344,222,802
776,973,802
546,955,804
621,925,806
715,830,810
294,600,812
219,514,813
769,201,815
641,477,816
977,911,817
980,366,817
403,161,818
568,627,818
357,13,819
731,95,819
865,184,822
479,380,822
444,354,822
249,742,824
620,50,825
25,971,829
97,607,829
924,175,829
719,556,831
843,813,831
117,320,832
686,319,832
466,871,835
216,116,835
468,660,835
275,752,837
870,205,837
933,747,837
402,914,838
485,339,839
679,331,839
271,594,839
731,77,842
403,134,845
188,855,846
924,469,846
66,801,847
287,377,848
78,849,848
21,289,848
687,217,849
201,690,851
10,0,853
813,556,853
323,692,854
328,226,856
289,262,857
771,368,858
188,47,859
238,595,860
96,745,861
28,617,861
38,75,862
444,510,862
629,933,863
955,180,864
712,468,865
505,575,865
978,281,866
113,890,866
38,876,867
53,889,867
969,482,867
79,575,868
352,561,869
430,881,870
376,749,871
268,474,871
207,440,872
335,254,873
570,822,877
244,143,880
807,950,880
339,968,881
628,511,881
792,918,883
797,730,885
457,841,887
530,876,888
280,403,888
325,535,888
789,392,889
967,312,890
655,979,891
391,982,892
699,974,892
552,817,893
673,505,897
697,401,897
539,577,898
769,326,900
700,919,902
239,481,902
162,594,903
380,820,903
606,394,904
8,386,904
555,533,905
786,287,905
324,247,905
965,501,905
334,507,907
248,427,907
542,285,907
263,577,907
924,750,911
442,634,911
105,324,911
533,565,912
937,939,912
308,381,913
915,716,913
535,302,913
980,806,914
388,422,915
222,353,915
854,885,917
897,138,917
18,356,918
445,495,918
893,820,920
958,325,920
910,365,920
44,57,921
215,99,922
943,678,924
368,439,924
690,920,924
190,771,924
725,485,926
593,44,927
461,802,927
560,378,929
889,284,932
656,378,934
672,569,935
822,404,936
19,390,936
828,561,937
23,883,937
348,138,937
86,282,939
52,175,939
701,194,942
480,953,943
442,509,944
283,0,944
86,178,945
838,129,946
266,450,947
516,322,948
458,415,948
988,168,950
328,981,950
288,483,950
551,437,952
607,709,953
355,536,954
984,929,957
645,482,958
588,463,960
562,997,960
414,83,960
512,897,961
137,863,961
64,562,961
854,575,964
96,617,965
526,27,967
629,493,967
271,468,968
973,595,968
444,63,969
502,547,970
288,270,972
21,869,974
241,835,976
84,533,977
600,268,982
950,751,982
99,706,982
78,472,986
822,776,986
102,708,987
620,603,987
585,299,989
856,658,989
481,954,989
226,86,989
237,826,990
793,511,992
495,255,993
853,23,995
831,393,996
730,281,996
23,19,996
161,335,997
641,415,999
701,207,999
