65,389,1
967,217,1
851,333,2
79,551,2
890,11,4
344,900,9
272,314,10
642,653,10
921,224,11
142,151,15
992,545,16
251,457,16
663,39,17
540,186,18
10,250,18
211,698,19
354,374,19
779,768,20
463,547,20
81,830,20
310,27,20
81,905,20
667,571,21
443,83,22
452,533,24
717,871,25
582,732,26
610,329,27
512,830,28
118,16,28
859,187,28
211,169,28
513,362,30
446,109,30
517,207,30
582,964,31
371,705,32
138,538,33
11,222,33
481,471,33
72,897,34
859,665,35
51,940,35
140,289,36
135,861,36
620,652,36
617,998,37
255,985,40
601,245,40
64,509,40
821,882,40
957,533,42
635,187,42
983,240,43
848,248,43
0,286,44
340,54,44
958,24,44
746,734,45
463,875,46
865,305,50
291,858,52
350,134,52
236,320,54
311,663,55
66,911,56
334,95,56
261,260,57
825,395,57
882,459,58
488,216,60
645,70,60
795,751,60
452,336,61
764,238,62
477,847,64
712,765,65
947,843,65
116,377,66
481,326,67
511,512,69
725,395,69
5,657,69
721,279,69
586,885,70
957,807,71
627,652,71
699,248,72
884,586,75
609,732,76
600,349,76
699,382,76
231,73,77
811,790,79
978,577,80
731,208,82
336,602,82
408,67,83
742,418,83
962,906,83
918,357,84
16,318,87
630,92,89
154,669,89
701,433,91
375,390,91
185,790,92
657,655,92
514,519,92
763,719,94
788,410,95
881,985,95
312,249,95
111,776,95
903,521,96
588,825,97
509,438,100
908,886,101
954,786,101
357,998,102
566,424,102
393,368,102
728,593,102
148,627,103
618,285,103
137,54,106
958,325,106
639,24,106
258,671,108
36,657,110
398,681,110
49,191,110
18,16,112
737,817,114
870,139,115
186,316,115
489,491,116
207,303,118
721,141,119
545,374,121
354,474,121
644,806,121
702,764,122
994,53,122
689,84,123
875,702,123
251,372,124
747,489,125
473,424,125
577,146,126
693,812,126
654,233,128
711,213,129
83,592,129
190,683,131
785,493,132
61,948,132
363,702,133
442,332,133
757,375,134
418,550,135
160,520,138
509,535,138
922,975,141
525,765,141
378,543,142
23,538,142
513,618,142
135,902,144
304,304,144
335,98,145
976,264,145
183,661,148
66,770,148
863,760,148
509,324,149
50,177,149
750,418,150
797,332,151
548,915,153
439,410,153
674,351,154
899,919,154
120,688,155
961,831,156
33,735,156
797,730,159
526,583,161
563,497,162
521,23,162
953,178,163
970,822,165
305,211,165
616,434,172
959,657,172
588,833,172
697,795,175
304,86,175
397,459,175
782,85,176
91,85,178
900,582,178
503,796,179
716,786,179
568,522,180
866,273,180
887,312,180
520,828,181
921,498,183
476,716,184
357,396,184
116,592,184
54,979,185
991,783,185
454,102,185
3,408,185
909,818,185
168,866,186
406,75,186
233,629,186
210,130,189
983,742,189
994,406,189
854,533,190
707,176,190
643,597,190
85,640,191
933,568,192
286,101,192
134,107,195
633,803,198
972,52,198
121,342,200
334,554,202
847,719,202
457,771,203
607,635,203
383,340,204
975,684,205
702,341,205
192,547,207
515,243,207
225,825,208
550,578,209
434,905,209
798,318,210
460,442,214
636,209,214
915,611,216
83,167,216
76,342,218
169,174,218
442,250,218
328,791,219
3,678,220
155,438,225
451,124,226
749,878,226
606,348,227
468,504,228
561,31,228
23,180,231
365,203,231
830,697,232
354,314,232
668,26,232
200,951,233
960,775,233
546,137,233
551,255,233
36,659,235
976,200,236
73,688,238
796,562,238
283,602,244
400,900,244
294,938,244
464,212,244
210,93,246
713,910,246
17,202,246
629,861,247
776,131,251
897,155,251
382,981,252
648,6,253
565,230,253
894,511,253
400,86,253
572,69,254
399,169,255
351,592,256
611,432,257
923,894,257
457,261,258
255,554,259
766,24,259
926,904,259
665,32,260
239,623,260
676,581,261
827,916,262
377,436,262
280,82,264
591,210,264
737,623,267
965,692,268
358,506,268
474,917,269
96,775,269
852,375,270
490,317,271
751,177,272
597,910,274
684,315,275
143,829,276
923,548,276
718,331,277
326,77,277
719,982,277
442,270,278
184,576,278
442,309,279
372,1,280
590,548,281
674,303,283
34,413,284
354,649,284
965,630,284
339,197,284
991,760,285
280,962,285
332,224,285
679,533,286
898,743,287
502,986,287
11,884,287
605,277,288
170,472,289
992,640,289
156,256,289
227,263,289
442,365,291
301,306,293
72,897,293
88,181,295
3,80,296
503,34,297
394,31,298
178,666,299
741,848,299
606,658,300
295,489,300
292,947,301
785,8,304
37,375,306
656,803,307
412,240,307
811,737,307
855,479,308
71,251,308
313,263,308
411,195,309
364,979,310
571,985,311
546,983,311
971,274,311
66,770,315
138,469,315
400,59,315
156,523,316
763,740,317
464,334,320
868,540,324
51,570,325
891,365,328
140,123,329
542,760,329
128,401,330
483,564,330
55,612,331
984,205,333
589,369,335
627,590,335
19,216,336
363,329,336
340,181,337
252,990,338
640,908,338
738,573,338
594,71,339
681,105,340
424,176,340
706,285,342
482,867,342
457,601,344
690,296,346
183,251,346
313,822,347
138,887,347
616,669,347
627,108,348
52,755,349
807,287,349
878,599,349
310,40,352
158,668,352
482,220,352
66,848,353
778,140,354
765,127,356
636,268,357
940,445,357
955,780,357
903,212,358
683,517,359
891,57,360
101,937,360
432,817,361
978,904,361
456,701,362
694,599,362
99,897,363
960,119,363
127,175,363
443,174,364
635,974,365
402,547,366
705,838,367
801,919,367
608,987,368
230,971,368
143,796,370
82,766,371
969,332,372
105,21,372
504,315,373
584,383,373
396,476,375
724,276,376
108,991,376
960,504,377
171,867,379
804,394,379
851,269,380
393,988,380
849,647,382
759,31,382
126,894,388
278,402,388
535,433,388
723,694,389
54,929,390
342,673,391
235,326,391
407,337,391
642,411,392
101,190,394
669,18,398
7,856,398
857,433,399
490,232,401
925,432,401
369,42,401
617,725,401
902,695,402
706,165,403
551,165,403
475,608,407
681,452,408
101,569,409
13,733,409
371,759,414
282,583,414
354,338,416
272,561,416
382,775,418
727,905,419
136,717,419
103,588,424
457,29,425
802,507,425
550,359,425
786,502,425
284,772,426
776,479,427
433,563,427
694,360,429
725,486,430
990,758,430
521,507,430
350,488,432
209,473,432
378,184,432
676,941,433
905,122,433
474,580,434
612,119,434
783,767,436
750,869,436
373,389,438
268,122,439
367,917,439
223,698,440
141,952,440
738,671,441
676,183,444
343,757,444
482,398,445
82,338,446
225,126,446
10,794,447
835,644,447
648,245,449
183,337,451
725,10,451
58,69,453
529,15,453
192,416,454
342,725,456
647,567,457
951,46,458
989,837,458
490,122,460
896,636,460
341,652,464
76,30,467
633,554,469
281,116,469
180,979,470
327,504,470
441,165,470
87,95,470
428,796,471
904,973,473
169,940,473
198,693,473
80,391,475
481,213,476
684,428,479
634,340,483
868,972,484
487,724,485
530,399,485
641,486,485
178,600,486
663,982,486
255,158,487
795,685,488
391,213,489
652,758,489
810,966,489
229,985,495
13,468,497
951,325,497
787,36,498
627,281,498
855,834,500
97,343,500
540,537,502
578,330,502
521,521,504
4,537,505
853,722,506
343,557,507
458,508,507
123,689,507
281,604,508
883,789,511
812,808,513
306,194,513
975,893,517
972,335,519
982,277,520
626,587,520
627,33,520
492,359,522
204,747,523
120,919,523
454,879,523
896,901,525
689,167,526
438,481,527
112,227,529
228,869,530
25,621,531
241,345,531
803,130,532
886,333,533
29,557,534
441,591,534
274,657,534
791,464,535
642,777,536
260,418,537
883,20,541
816,814,542
104,405,543
946,974,544
657,6,545
310,532,546
12,478,546
853,776,547
356,647,547
319,433,547
211,118,550
298,744,551
585,654,551
951,439,552
984,275,553
191,441,553
219,770,555
945,515,555
123,774,557
296,583,557
533,215,558
789,2,559
101,5,561
838,10,562
275,591,562
227,288,564
318,855,567
184,508,567
618,132,569
201,593,569
17,417,571
80,423,574
281,918,575
799,224,576
696,297,576
107,151,576
116,597,576
980,868,577
549,196,577
908,634,579
800,600,581
904,381,584
801,354,584
789,485,587
942,662,587
645,385,587
658,943,588
755,564,589
885,1,589
160,505,592
328,645,594
751,648,595
988,589,596
198,131,596
854,971,597
343,286,597
184,581,599
535,747,599
652,478,602
133,889,604
374,531,605
579,927,608
758,185,614
875,858,615
766,802,620
254,457,621
4,320,622
388,502,622
303,156,624
524,597,624
298,70,625
542,93,625
156,358,625
553,513,625
848,650,626
626,91,627
670,836,628
603,331,629
718,633,630
46,653,630
788,680,634
241,443,634
940,844,641
880,909,641
219,736,641
977,261,641
26,915,642
615,795,642
644,580,643
626,597,644
181,252,644
739,328,645
992,680,647
918,949,648
94,204,648
327,698,648
600,813,648
376,812,649
497,941,651
566,986,652
284,444,652
686,594,652
343,943,654
803,964,654
539,332,656
632,4,658
541,271,660
380,617,663
646,911,664
284,798,665
186,351,666
65,432,667
482,49,667
56,377,668
58,171,669
666,706,670
795,385,670
596,484,671
186,268,671
510,895,675
571,845,675
815,353,678
357,43,681
326,241,683
35,230,683
643,899,685
843,957,685
862,215,685
342,823,686
791,759,686
676,196,686
75,668,687
638,53,687
233,636,688
99,591,689
378,933,690
368,914,690
275,395,690
124,474,692
189,485,694
828,364,695
163,796,696
206,841,696
203,864,697
835,362,697
913,906,700
917,780,700
774,369,704
877,70,705
564,977,706
27,306,706
451,157,706
726,215,708
343,265,709
831,910,712
254,53,714
291,493,714
144,177,714
48,689,717
549,998,721
581,806,723
867,890,724
682,354,725
672,479,726
492,684,729
266,918,729
731,251,729
223,950,732
152,545,732
434,13,734
255,310,734
372,127,735
341,670,739
752,942,740
661,543,743
521,397,743
191,652,746
613,278,747
775,647,747
950,332,748
963,343,750
903,962,751
475,428,751
515,935,752
277,299,757
694,129,762
888,686,762
537,585,763
997,640,767
341,567,767
464,672,767
88,504,769
18,260,769
920,14,770
314,192,770
847,355,770
432,296,770
344,551,774
721,299,774
506,256,775
923,906,775
571,253,776
116,658,777
199,567,778
187,789,779
162,887,781
118,87,782
851,524,782
267,857,782
817,307,784
882,834,785
653,566,785
534,117,786
506,241,786
614,256,787
795,480,793
273,462,797
986,245,798
516,491,799
686,634,799
67,806,800
320,839,800
352,179,801
609,387,802
690,612,804
28,130,804
146,997,805
925,962,806
538,674,808
445,435,808
378,129,808
223,131,809
623,381,810
51,633,813
546,751,813
889,574,816
176,47,816
826,929,817
16,966,819
472,578,820
502,543,821
274,58,822
159,779,823
487,188,824
243,781,824
286,590,825
201,814,826
987,455,826
663,812,827
732,605,827
774,687,828
644,816,829
536,154,829
948,788,831
723,754,831
771,264,832
155,610,833
514,33,833
284,228,835
807,628,835
863,435,836
25,137,837
766,407,837
517,824,838
632,729,838
946,881,838
44,523,839
9,74,840
398,969,841
305,258,842
313,699,846
777,116,848
96,302,849
700,944,850
934,241,852
388,667,852
959,129,852
44,837,854
661,736,855
425,8,858
822,736,861
416,873,863
191,674,863
626,439,863
284,820,864
99,791,865
768,142,865
907,308,865
52,930,869
841,657,870
568,422,871
582,179,871
299,881,872
38,329,876
129,944,876
311,113,877
402,874,878
411,254,879
716,826,879
616,695,879
315,901,881
753,305,885
971,189,886
296,344,887
105,145,887
458,543,887
537,220,887
821,365,887
909,752,888
17,535,890
303,364,890
109,381,893
10,185,895
814,993,896
842,680,896
140,482,896
340,604,896
531,820,897
710,252,897
214,826,898
328,468,902
724,569,905
902,832,906
501,792,910
476,182,911
760,677,914
462,991,915
819,373,915
548,563,916
196,839,921
945,870,922
376,369,922
329,711,924
531,203,924
43,863,924
46,479,924
673,645,927
192,888,927
355,946,928
671,405,929
479,620,929
206,420,931
294,191,932
372,785,933
475,486,933
689,463,933
848,484,934
923,855,934
477,501,935
123,32,935
258,731,936
570,421,936
23,266,936
291,88,938
635,455,939
955,473,940
914,329,942
969,671,943
272,926,944
636,556,945
663,302,947
796,398,948
373,681,948
203,96,948
768,123,949
697,387,949
994,714,951
950,94,951
182,238,952
257,298,953
638,538,954
268,430,954
877,562,956
592,470,958
527,289,958
285,964,958
203,166,961
576,405,962
620,566,962
801,134,963
847,524,963
17,53,964
273,869,965
474,400,965
821,90,966
683,700,967
33,225,967
239,515,967
8,169,967
236,813,968
510,42,968
193,262,969
838,657,971
884,624,971
199,571,972
557,463,973
593,518,975
472,923,977
895,377,977
500,565,978
368,715,978
605,892,979
161,702,979
117,482,981
850,319,982
533,243,985
596,376,985
936,462,985
856,232,986
793,416,987
528,337,988
394,224,988
13,613,988
875,449,990
120,747,990
954,66,991
999,81,992
564,241,992
132,45,993
654,33,993
721,678,994
360,236,995
948,688,995
450,276,996
937,697,998
374,0,999
693,325,999
614,104,999
