506,176,0
595,973,0
622,534,1
132,496,2
453,51,4
600,234,5
683,528,7
263,523,11
833,258,11
621,477,19
626,409,19
404,299,22
659,631,22
284,532,22
385,933,23
839,122,24
298,926,25
211,157,29
651,273,30
534,663,31
380,894,32
62,104,32
901,586,33
337,464,35
187,229,36
792,903,40
403,220,40
891,726,40
731,668,41
400,265,41
306,497,42
751,359,45
362,613,45
442,474,47
918,25,48
306,982,49
18,374,51
310,174,52
847,115,52
389,290,52
599,666,53
821,912,55
758,298,56
583,476,57
927,996,58
971,0,58
893,505,61
347,843,61
865,523,64
514,480,65
204,491,65
408,402,65
775,956,67
821,148,67
35,483,69
814,651,70
808,761,71
275,249,72
516,555,73
218,291,74
284,584,77
370,366,77
317,717,79
905,744,79
388,909,81
5,676,82
614,697,83
81,956,85
125,108,86
586,57,86
377,854,90
888,786,90
662,925,91
889,135,94
85,992,94
42,156,94
880,625,94
868,738,95
927,421,98
152,305,98
744,204,98
317,326,98
518,297,101
451,517,101
918,900,105
589,564,108
114,923,109
814,64,112
764,66,113
762,935,114
342,18,115
584,12,116
357,462,123
790,150,125
976,871,125
542,905,125
419,756,126
774,541,128
188,407,129
572,442,129
108,857,130
522,383,130
72,967,131
814,699,131
147,384,132
501,187,132
678,163,134
494,148,135
625,474,136
752,554,139
497,672,139
735,670,142
346,40,143
583,612,143
533,784,144
598,884,145
896,870,145
38,419,145
929,173,146
508,650,146
708,321,146
692,377,146
615,569,147
149,371,147
138,78,151
774,560,153
815,70,153
41,671,154
453,256,154
702,607,158
985,221,158
108,226,160
193,645,160
665,796,160
55,467,164
284,698,166
914,343,168
19,267,168
514,967,170
851,93,170
623,974,172
534,737,173
77,858,174
723,669,174
109,251,176
113,751,177
990,328,179
555,238,179
105,628,183
196,569,183
28,404,189
842,218,192
477,387,194
998,155,196
32,636,198
434,458,198
165,346,201
586,29,206
436,912,206
751,55,209
926,436,212
743,532,215
20,215,215
26,837,216
879,792,223
942,336,224
381,576,225
856,198,227
66,413,230
419,175,233
352,685,233
467,766,236
584,276,236
181,795,237
559,730,238
954,976,238
293,771,239
737,875,239
720,386,241
857,631,243
199,412,243
158,56,244
882,228,244
116,784,245
476,615,248
491,830,249
538,118,249
623,127,250
487,486,252
158,596,254
206,938,255
207,854,258
505,400,260
330,867,261
362,346,262
903,846,264
918,206,265
40,643,265
826,377,266
229,514,270
807,643,271
664,896,274
225,464,274
415,946,276
925,435,277
543,64,278
498,769,279
293,73,280
445,5,281
315,485,281
737,100,282
685,476,282
910,330,284
423,487,284
546,585,286
36,281,287
902,141,289
710,392,289
24,681,289
69,955,291
406,376,296
218,561,299
150,847,300
440,909,302
544,921,303
149,211,303
124,649,305
189,123,305
178,2,307
747,769,308
596,311,310
799,623,314
262,626,315
891,425,315
832,929,318
432,537,322
825,856,322
481,400,323
807,749,326
539,863,327
135,549,328
505,11,329
880,807,330
498,812,330
381,372,330
429,287,332
111,818,334
382,880,337
733,41,343
801,111,343
685,934,344
670,145,345
560,608,347
335,992,347
354,81,349
563,911,349
944,961,351
49,385,352
540,932,357
326,905,358
749,609,361
365,32,366
124,658,367
219,946,372
916,48,372
352,586,376
709,509,377
630,573,380
354,492,380
676,654,381
338,437,381
320,389,382
21,863,383
127,64,383
708,758,385
781,633,385
687,485,385
230,807,387
965,523,387
581,759,388
511,576,389
473,770,391
132,34,392
73,92,392
749,934,392
907,292,395
584,221,396
613,784,405
236,792,407
619,755,410
401,6,410
185,118,412
621,46,415
993,287,417
3,58,418
73,601,420
634,826,420
642,585,421
283,593,422
732,442,427
952,60,427
434,468,430
854,500,434
812,612,437
434,117,442
202,594,442
781,948,443
825,800,444
209,120,445
879,156,446
606,272,446
853,571,447
839,582,448
78,683,449
934,609,449
23,72,450
478,12,452
501,112,458
617,302,463
46,309,468
476,475,471
905,315,472
574,530,473
753,849,473
718,615,473
906,25,475
8,270,475
491,104,476
661,5,478
263,809,480
155,337,481
643,933,484
500,623,489
331,437,490
62,873,490
935,321,492
803,730,494
126,84,494
809,968,496
474,975,497
821,448,498
334,413,499
493,265,502
474,23,503
955,640,503
880,143,504
176,907,505
162,363,510
768,564,516
59,352,516
196,624,517
106,945,518
838,729,519
120,956,519
153,804,519
266,428,520
52,229,521
47,770,522
161,795,523
419,879,524
654,926,524
106,56,528
282,998,528
767,940,529
616,456,529
143,11,531
637,84,531
528,143,533
701,490,535
344,926,537
581,165,537
794,637,546
346,650,546
395,535,549
906,383,549
606,619,550
990,485,552
132,229,554
689,0,556
433,222,557
916,559,557
472,41,557
775,871,557
442,81,557
950,33,558
949,862,559
901,626,560
276,148,562
548,669,562
205,328,566
254,209,568
69,339,570
922,691,571
688,430,571
77,453,572
736,910,574
65,422,575
787,378,575
817,546,577
175,222,577
175,660,579
138,272,581
111,178,582
513,135,586
28,40,587
113,711,587
207,23,587
568,273,588
262,569,595
481,536,595
800,437,596
744,856,601
21,859,601
570,757,607
82,55,608
976,601,610
448,44,611
531,120,613
991,557,614
464,281,616
741,534,617
376,730,618
596,648,619
19,217,620
332,70,622
886,413,625
65,849,625
737,637,632
177,764,635
682,654,636
976,710,636
82,990,637
592,103,640
525,174,640
122,46,641
288,538,644
61,187,645
534,838,646
761,573,647
944,270,647
835,559,649
5,953,649
108,140,653
147,617,654
651,762,656
455,30,661
732,944,663
33,65,663
310,10,663
157,435,664
718,801,666
919,902,666
532,479,669
645,831,669
701,746,670
66,786,676
702,502,677
518,743,680
143,571,682
163,675,682
918,714,684
666,346,688
82,573,689
890,652,690
237,658,693
664,411,693
873,362,694
579,811,694
428,221,697
408,374,700
746,198,703
802,138,704
432,437,704
857,559,704
880,308,708
370,134,709
387,783,713
366,284,713
121,414,723
693,153,725
540,874,729
504,766,729
110,705,730
712,886,733
874,588,737
596,488,740
336,454,742
371,54,743
391,839,745
35,75,746
929,367,747
429,394,749
370,555,749
691,345,753
889,624,754
582,212,756
887,270,756
241,999,756
403,457,757
992,486,762
86,688,764
550,12,764
472,255,765
291,421,767
397,364,768
92,420,771
529,248,773
751,680,774
40,615,775
900,290,776
778,319,779
187,585,780
244,654,781
61,611,782
413,981,784
175,781,785
350,723,786
819,674,787
402,675,788
231,497,791
633,507,791
734,121,792
657,244,792
568,894,793
551,850,796
530,374,796
952,808,796
150,914,796
93,485,797
976,432,797
762,334,797
937,342,800
451,914,800
470,114,802
671,996,803
585,0,804
570,544,805
418,471,806
573,709,806
21,22,808
594,450,808
931,965,808
756,877,809
915,23,809
90,478,809
273,467,810
132,262,810
352,545,810
328,829,811
646,154,813
864,975,814
123,818,814
808,972,815
980,732,816
683,564,819
959,298,821
343,554,822
66,526,823
840,258,823
222,965,823
635,327,824
166,255,824
616,321,826
920,437,827
320,747,830
509,740,831
371,277,833
125,686,835
463,752,836
287,438,837
440,561,842
547,475,842
764,688,843
623,233,844
78,682,846
465,623,847
801,898,851
134,466,852
193,483,853
422,9,854
833,981,854
921,159,855
998,154,855
366,951,860
731,236,862
717,512,865
990,572,866
432,777,866
418,872,873
496,495,874
405,228,877
495,364,878
605,358,878
980,768,882
789,38,882
588,546,883
89,596,886
786,384,886
780,98,887
76,110,888
691,980,892
302,260,892
525,484,893
682,502,895
876,14,897
67,53,898
783,990,898
721,381,901
509,762,901
73,440,903
711,28,905
941,319,906
309,314,906
719,8,908
430,504,908
176,729,911
153,534,912
657,575,914
859,131,917
844,326,917
272,129,918
601,545,919
146,957,920
608,595,921
392,342,921
873,711,922
870,668,922
576,991,923
867,980,928
910,203,929
892,87,930
375,835,931
765,415,931
847,626,932
234,532,932
482,830,935
205,212,935
212,398,937
496,58,939
603,37,939
834,694,940
453,852,940
963,348,940
553,187,941
332,240,944
291,498,945
586,820,947
493,835,949
706,155,949
642,331,952
159,311,956
441,826,960
726,164,962
204,320,965
424,540,966
440,549,967
758,576,967
862,586,969
374,394,969
129,278,969
509,108,970
982,445,971
327,679,973
428,408,975
703,638,976
292,946,976
932,751,976
873,67,976
856,20,977
312,455,979
741,641,982
964,296,982
837,713,984
40,540,986
926,336,988
724,558,990
373,380,991
171,609,993
679,178,995
761,290,998
