909,55,0
575,702,0
399,807,1
506,345,2
985,346,2
443,324,5
425,314,6
612,282,8
41,400,13
529,394,15
847,932,15
820,759,15
134,563,18
570,772,18
444,975,19
880,178,21
65,722,23
265,513,23
222,420,24
334,299,26
52,984,28
106,673,30
678,914,32
361,730,32
3,639,33
863,898,33
221,515,35
810,77,37
23,265,37
474,221,39
939,972,40
829,393,41
663,802,43
912,156,45
684,22,49
899,76,52
976,915,55
879,160,59
871,670,59
328,585,60
382,838,60
758,677,63
805,725,68
745,32,69
887,276,71
97,221,72
557,478,72
719,855,73
178,693,76
779,523,76
718,867,78
550,818,79
901,642,80
110,28,80
566,232,81
730,226,87
420,450,87
794,122,88
974,604,89
66,774,90
944,818,91
589,703,91
809,458,91
611,93,94
650,689,94
225,756,95
664,227,97
405,193,99
719,752,100
889,492,101
133,344,102
31,549,102
437,427,102
734,437,105
362,221,108
924,217,111
934,318,114
245,972,119
437,928,121
451,17,122
1,411,129
917,166,130
725,741,133
690,899,133
681,526,133
227,570,134
401,996,135
498,241,135
959,339,135
412,825,136
159,754,136
276,906,137
96,299,140
72,545,140
969,493,142
811,175,142
417,826,143
781,445,146
177,141,147
550,380,147
79,604,149
604,428,150
241,93,153
193,444,155
81,798,156
914,126,156
698,371,156
105,262,156
587,630,157
150,797,163
657,120,165
996,367,166
40,646,166
622,629,167
977,723,169
623,733,171
146,269,172
366,519,173
266,329,174
952,357,176
564,230,177
754,56,177
644,925,177
697,695,177
272,792,178
695,792,178
251,543,180
809,56,182
661,473,185
318,710,185
514,479,187
766,942,188
158,996,191
333,104,192
559,630,193
226,88,195
674,917,196
552,913,204
449,896,206
315,564,206
588,640,207
963,867,207
587,600,207
54,512,209
151,250,212
754,47,212
18,215,214
599,992,215
196,767,217
877,597,219
224,602,223
900,955,224
611,223,225
201,864,228
550,618,228
756,835,228
932,179,229
148,785,230
815,473,231
105,311,231
472,882,232
924,224,233
885,760,235
651,782,236
193,856,238
403,333,240
898,594,241
257,102,244
668,537,244
880,120,245
451,673,250
993,684,252
582,691,253
957,966,257
82,958,257
871,771,262
689,242,262
466,118,265
113,265,266
609,309,274
40,316,278
914,326,279
246,600,280
564,416,280
317,115,281
239,387,281
970,680,283
609,317,286
244,195,286
585,216,287
846,433,287
183,737,287
912,215,288
489,788,288
951,780,290
620,231,294
570,840,294
212,960,295
64,902,295
750,764,299
406,236,299
60,606,300
646,212,300
869,635,301
131,114,303
731,553,303
427,130,306
999,850,308
800,299,310
246,726,310
44,939,311
744,866,311
164,433,313
11,672,317
223,106,319
172,590,320
69,679,321
313,224,321
103,607,321
672,339,326
940,313,327
549,145,328
598,130,330
283,881,333
467,956,334
346,600,336
380,23,338
967,922,339
88,289,342
401,179,343
133,695,343
999,469,344
770,843,344
642,308,349
515,443,351
994,303,351
850,797,352
765,30,352
105,86,354
101,834,354
955,107,365
441,457,366
108,582,366
350,481,366
822,752,367
956,206,373
236,133,373
316,858,377
794,357,380
175,320,380
103,392,381
744,35,383
463,369,384
894,203,385
841,788,386
502,374,386
764,678,387
266,386,388
261,585,388
953,790,388
705,758,391
858,15,392
387,410,394
79,868,394
693,770,395
515,936,397
725,735,398
21,640,403
322,304,406
266,175,408
568,4,409
832,480,412
826,435,413
944,83,413
916,398,416
314,619,416
958,436,417
970,963,419
61,889,420
716,342,420
698,819,420
209,748,421
182,946,423
397,81,427
407,702,428
420,559,429
368,573,431
115,120,433
541,922,434
617,50,438
763,470,439
135,432,440
900,937,444
520,209,445
50,253,445
658,864,445
209,12,446
846,276,448
592,774,451
17,280,452
480,718,453
792,784,455
135,528,457
208,8,458
398,583,458
155,733,458
522,867,460
152,242,460
81,367,460
923,951,460
140,581,461
910,340,467
136,115,468
685,967,468
276,509,470
788,934,480
574,596,483
349,156,488
310,40,490
757,842,494
713,949,497
898,386,505
324,586,505
799,579,506
871,31,508
584,679,510
259,870,512
338,925,513
443,104,513
32,682,516
261,343,517
439,462,517
92,810,519
689,387,519
282,966,520
136,518,521
940,344,521
745,499,522
212,199,523
398,883,525
710,227,525
172,750,526
603,687,526
820,260,528
863,56,530
147,841,531
968,824,534
120,420,534
220,340,535
681,265,539
178,681,540
212,954,541
173,326,545
439,735,547
832,777,548
141,512,549
316,380,551
573,388,552
262,824,557
759,130,559
125,501,562
485,147,564
33,299,564
109,847,564
828,597,564
358,452,568
677,147,569
330,470,569
591,137,570
1,151,571
105,213,571
999,319,574
436,612,575
958,656,577
294,524,578
390,665,579
183,846,580
56,936,581
344,699,582
596,663,582
300,429,583
183,159,584
683,986,585
542,275,586
525,662,590
575,624,593
931,110,593
581,214,594
414,696,598
340,241,601
956,618,602
855,250,604
757,588,606
652,127,606
477,819,607
369,66,608
907,282,608
346,259,609
162,38,615
157,374,617
50,575,619
909,418,620
568,685,620
85,223,620
996,197,621
615,930,622
807,859,622
163,271,625
483,40,625
73,543,628
579,312,632
598,497,633
96,416,634
619,739,641
425,895,643
345,290,643
368,31,643
798,703,645
1,291,646
462,742,646
434,499,646
712,783,647
985,733,648
937,807,649
487,60,652
443,211,655
275,102,656
959,363,657
410,113,660
355,289,661
619,264,661
729,948,661
19,129,662
236,937,666
688,259,670
193,703,671
476,413,671
570,948,674
548,228,675
111,894,678
672,352,680
761,135,681
342,461,681
370,540,682
587,983,685
564,614,686
706,667,686
870,236,689
778,577,690
302,683,692
172,372,695
420,679,697
720,422,703
679,621,703
44,552,707
736,650,708
591,980,709
392,786,712
743,347,713
469,902,716
610,274,718
998,243,719
262,822,720
10,500,721
553,247,723
512,899,725
325,641,725
48,838,728
601,927,728
350,82,730
586,723,730
886,31,731
583,799,733
541,334,737
802,377,739
994,675,740
675,620,740
830,905,742
475,615,742
342,674,745
329,587,746
247,18,746
694,625,748
22,212,748
875,787,750
834,291,751
427,324,754
574,422,757
498,790,759
162,160,760
920,132,762
381,334,764
645,878,764
109,350,764
207,47,766
535,704,768
406,831,769
13,635,770
539,250,773
448,208,773
337,250,776
686,183,777
348,826,777
282,65,778
703,802,778
401,135,779
885,0,780
363,606,781
708,806,783
183,663,785
873,937,786
543,184,791
754,513,791
90,757,792
160,932,793
172,650,793
33,309,794
999,181,794
767,715,796
961,910,797
155,844,797
240,95,797
549,194,798
854,406,799
463,911,800
838,953,802
277,337,808
1,81,808
65,491,810
868,78,811
358,396,812
33,748,813
643,912,813
970,405,817
324,138,818
298,436,818
906,960,821
272,618,822
372,866,824
668,836,824
427,646,824
74,843,825
66,195,827
204,587,827
972,318,827
832,603,828
851,607,829
665,387,830
496,191,831
812,74,832
843,865,832
625,320,835
72,607,835
715,846,836
659,584,838
612,793,839
857,252,839
459,36,839
962,494,840
426,449,843
644,755,843
399,41,845
184,438,846
83,45,848
592,552,849
311,232,849
687,548,850
549,931,851
304,980,851
676,903,851
973,548,853
182,912,854
381,319,854
643,770,855
636,976,855
160,116,856
944,616,859
382,462,862
819,682,867
630,859,872
6,72,872
747,95,873
730,86,873
838,2,874
112,716,875
742,475,875
996,760,876
539,795,877
609,796,880
889,17,880
415,71,881
644,136,881
977,510,882
20,216,884
33,151,886
488,838,890
441,267,891
786,762,892
732,658,893
402,400,893
315,860,896
849,414,897
339,331,898
717,826,899
238,932,900
283,247,900
882,283,905
349,301,906
703,756,907
71,397,908
370,134,908
686,62,909
984,377,910
595,203,912
476,211,913
555,307,913
327,934,916
183,148,917
301,597,919
247,144,921
121,813,921
918,896,923
626,918,923
551,600,926
422,688,927
612,760,929
852,606,929
174,35,930
568,20,931
602,275,932
292,30,932
400,420,933
336,790,933
955,613,937
131,628,940
550,195,940
551,802,941
689,308,941
664,480,944
923,817,947
703,832,952
317,250,953
170,766,954
319,19,954
645,793,955
34,730,956
961,484,957
867,298,960
733,713,960
912,436,960
298,847,961
987,989,963
827,73,963
683,826,963
647,147,965
938,722,966
480,103,967
168,118,968
221,747,970
312,252,971
68,777,973
849,774,974
380,927,975
42,94,975
594,781,976
664,158,976
640,258,977
358,312,982
435,274,983
522,113,983
469,308,986
762,393,989
924,543,990
831,307,993
592,729,994
413,437,995
690,388,995
111,617,996
126,111,997
651,575,997
