0,152,979
0,989,933
1,291,646
1,81,808
1,252,629
2,750,375
3,639,33
6,72,872
6,749,412
7,116,370
8,762,85
17,280,452
17,332,558
17,571,527
18,215,214
18,775,303
21,640,403
21,385,269
23,265,37
25,365,13
25,670,870
26,308,510
27,964,476
27,530,492
33,151,886
33,748,813
33,54,999
33,129,871
34,730,956
34,617,436
36,448,601
37,192,993
40,316,278
41,400,13
42,94,975
42,440,397
42,533,130
48,561,398
50,253,445
50,575,619
50,720,17
52,984,28
52,234,414
52,138,185
54,512,209
54,200,823
58,865,755
59,710,403
59,839,58
60,609,815
64,902,295
64,235,989
66,774,90
66,854,71
68,777,973
69,679,321
71,617,55
72,607,835
72,545,140
73,543,628
76,987,540
77,979,90
77,133,403
78,10,847
81,367,460
81,701,860
82,958,257
83,45,848
85,223,620
88,733,173
90,757,792
92,810,519
98,250,505
101,834,354
102,994,686
103,607,321
103,392,381
103,773,958
103,799,67
103,696,651
105,213,571
105,262,156
105,747,658
108,582,366
109,847,564
109,323,288
110,28,80
110,505,270
111,894,678
112,187,629
112,471,773
113,265,266
121,813,921
121,772,143
121,379,672
122,288,633
124,682,92
125,661,861
125,797,865
128,58,850
132,554,460
133,695,343
135,528,457
135,432,440
136,115,468
136,228,867
136,376,710
138,367,58
140,581,461
141,512,549
141,120,649
141,832,416
142,131,205
145,558,126
146,269,172
147,985,635
148,785,230
148,332,741
148,168,840
150,328,256
152,242,460
155,733,458
157,374,617
159,754,136
159,691,784
162,38,615
162,988,35
164,433,313
166,121,995
167,836,493
167,249,2
168,118,968
168,842,106
169,710,951
170,868,829
170,239,260
170,244,220
170,435,919
171,326,122
172,590,320
173,326,545
174,35,930
175,320,380
178,693,76
178,681,540
182,946,423
183,148,917
183,737,287
183,846,580
184,556,75
184,916,681
187,16,569
187,257,30
189,363,879
191,893,569
193,703,671
193,89,293
195,573,116
195,814,358
196,767,217
197,435,54
199,532,207
201,864,228
201,173,224
203,739,105
204,322,989
205,280,415
206,311,170
207,632,368
209,12,446
209,748,421
211,683,803
212,954,541
212,199,523
212,685,662
214,967,721
214,693,894
215,691,608
220,340,535
221,515,35
222,420,24
222,957,306
224,602,223
224,692,907
225,756,95
225,202,623
226,88,195
226,625,863
227,570,134
227,270,918
229,917,812
229,689,56
230,92,172
236,133,373
236,548,606
237,912,143
238,932,900
239,387,281
240,95,797
241,645,30
243,361,709
244,195,286
244,751,919
244,23,859
244,940,867
245,972,119
246,600,280
246,726,310
246,130,92
247,144,921
247,196,792
247,201,214
248,743,632
249,144,580
251,543,180
253,875,117
254,583,770
257,482,419
259,870,512
261,585,388
261,583,220
261,720,599
262,824,557
265,513,23
266,329,174
269,923,548
269,33,206
272,523,128
277,444,240
282,966,520
282,65,778
282,815,777
283,247,900
283,881,333
285,842,825
285,218,751
288,810,326
288,467,262
292,30,932
292,35,64
294,524,578
294,757,204
298,436,818
300,429,583
300,400,56
301,597,919
301,183,793
301,8,92
302,683,692
302,743,12
306,610,286
310,40,490
312,252,971
313,224,321
314,619,416
315,564,206
316,858,377
317,250,953
317,562,941
318,710,185
318,582,553
319,19,954
320,983,378
322,141,399
324,586,505
325,641,725
327,934,916
327,84,185
327,121,215
333,201,961
333,228,780
334,299,26
337,250,776
337,571,124
338,925,513
338,122,952
340,241,601
342,744,449
345,290,643
346,600,336
346,259,609
347,651,983
349,301,906
349,156,488
350,481,366
351,46,723
358,312,982
359,453,201
359,376,174
360,36,555
362,221,108
362,135,688
365,952,591
365,246,656
366,519,173
368,573,431
368,31,643
370,134,908
370,540,682
370,790,789
375,245,997
381,462,878
382,462,862
382,181,778
382,246,874
382,293,61
382,802,651
383,734,71
385,65,527
390,728,308
391,955,496
392,786,712
397,981,672
398,583,458
399,41,845
399,764,257
399,983,246
400,717,345
403,715,102
405,193,99
406,236,299
406,831,769
406,551,712
407,702,428
407,492,44
408,683,608
410,113,660
410,381,85
412,717,644
413,437,995
414,696,598
414,300,385
414,886,439
415,315,267
417,826,143
418,978,593
418,757,508
419,139,841
420,450,87
420,679,697
420,559,429
420,846,501
420,739,450
423,687,429
425,314,6
425,157,224
426,74,700
427,646,824
432,260,807
432,906,770
434,499,646
434,556,657
434,343,651
435,274,983
435,968,314
435,789,617
436,612,575
436,927,167
437,427,102
439,462,517
440,689,990
440,173,991
441,457,366
441,267,891
443,104,513
443,211,655
443,324,5
443,43,517
445,0,388
448,93,833
448,148,254
451,448,64
451,405,731
456,829,765
458,414,114
459,643,320
460,495,305
462,742,646
463,369,384
466,118,265
466,998,788
468,622,732
469,308,986
469,283,935
471,640,182
474,961,158
476,413,671
478,910,122
478,929,891
480,103,967
481,730,787
482,164,282
483,40,625
484,338,426
484,726,220
485,558,263
485,531,464
486,920,499
486,799,40
486,834,538
487,785,249
489,788,288
494,605,459
495,268,397
496,914,41
498,241,135
498,790,759
498,437,495
501,459,792
502,374,386
506,345,2
506,454,325
507,16,526
510,486,99
516,933,804
517,961,657
517,842,990
520,209,445
522,113,983
524,753,630
526,496,654
530,746,762
531,39,412
535,704,768
539,795,877
539,842,601
541,214,920
542,497,323
545,380,970
547,871,677
549,145,328
549,533,551
550,618,228
551,802,941
551,600,926
553,247,723
556,567,75
556,394,592
558,437,479
560,17,624
564,416,280
564,73,490
564,729,786
565,397,908
566,232,81
567,96,937
568,446,321
568,683,451
570,772,18
570,948,674
572,66,848
572,748,657
574,596,483
574,368,541
575,624,593
577,513,766
577,885,712
579,312,632
579,472,349
581,428,675
582,274,603
583,799,733
585,829,298
586,723,730
586,975,179
587,630,157
587,983,685
590,405,126
591,980,709
592,409,670
592,41,591
595,203,912
598,130,330
598,497,633
600,479,708
601,927,728
601,686,755
602,340,409
605,271,39
608,398,125
611,223,225
611,105,198
612,282,8
613,401,105
615,930,622
615,280,985
618,946,525
619,264,661
619,739,641
622,751,380
623,733,171
623,579,334
626,918,923
626,573,229
628,930,196
628,559,689
628,139,884
628,721,150
629,212,201
631,466,256
636,976,855
636,596,299
637,652,837
638,408,483
638,641,739
642,689,901
643,912,813
643,898,391
643,851,679
644,136,881
644,755,843
645,793,955
646,212,300
647,147,965
647,789,885
647,558,234
650,689,94
650,68,693
650,297,923
651,575,997
652,127,606
654,729,543
654,766,2
658,864,445
659,584,838
662,833,938
663,802,43
664,227,97
664,158,976
664,531,897
665,387,830
665,133,812
666,82,90
668,836,824
668,537,244
670,269,292
672,339,326
672,352,680
673,417,116
674,917,196
677,360,599
678,872,817
679,621,703
681,526,133
681,265,539
683,986,585
683,649,606
684,22,49
684,594,159
685,967,468
686,62,909
688,268,71
689,242,262
689,387,519
689,308,941
689,141,893
690,899,133
690,388,995
690,440,660
690,365,517
692,121,60
695,792,178
698,819,420
698,371,156
701,930,774
702,458,225
703,756,907
703,802,778
704,846,753
705,105,444
706,667,686
708,651,595
708,890,81
708,169,533
710,227,525
712,79,894
713,949,497
713,632,827
715,846,836
716,342,420
717,826,899
718,867,78
718,970,491
719,752,100
719,855,73
725,95,544
729,948,661
729,690,144
731,553,303
731,828,516
732,809,17
732,473,937
733,709,909
734,437,105
734,699,750
736,667,178
738,544,467
739,825,407
739,998,462
742,753,937
742,156,956
743,929,579
744,866,311
745,499,522
747,136,153
752,936,667
754,47,212
754,513,791
754,282,669
756,835,228
757,842,494
757,552,830
758,646,613
758,883,167
758,614,57
759,130,559
759,362,10
759,851,547
763,470,439
765,30,352
767,715,796
770,843,344
771,355,272
776,672,965
778,577,690
779,523,76
780,151,87
781,445,146
781,669,661
784,165,993
792,784,455
792,225,130
792,250,822
793,578,731
796,815,789
796,716,397
796,824,53
797,592,250
798,703,645
798,981,117
798,149,35
799,579,506
801,15,444
802,705,98
805,725,68
805,349,618
806,723,765
807,859,622
809,458,91
809,860,709
810,77,37
811,175,142
811,293,636
819,682,867
819,405,315
819,327,969
822,590,266
823,627,465
825,924,141
825,382,186
827,446,711
828,597,564
828,801,395
828,816,502
828,924,982
829,393,41
830,299,339
830,640,930
831,307,993
832,777,548
834,291,751
834,419,714
836,339,634
840,156,595
840,849,909
842,908,325
846,276,448
847,318,511
847,27,348
848,188,246
848,695,874
849,529,240
849,62,992
850,680,581
851,829,511
852,606,929
853,135,188
854,406,799
855,250,604
856,341,535
858,15,392
860,901,55
860,936,669
863,898,33
864,445,923
866,453,795
866,323,540
867,913,492
868,810,151
869,635,301
870,236,689
870,768,206
871,670,59
871,332,199
873,937,786
874,722,79
874,387,128
877,597,219
877,620,992
880,178,21
880,120,245
880,295,146
881,917,262
882,591,410
882,377,155
885,760,235
887,276,71
888,966,199
888,605,635
889,492,101
889,17,880
891,73,406
892,981,929
893,605,898
894,203,385
896,139,184
896,22,75
897,468,649
898,594,241
898,42,53
898,706,527
901,642,80
904,453,695
906,114,169
907,282,608
907,493,847
910,340,467
911,808,969
912,215,288
912,156,45
913,769,449
914,326,279
916,944,663
916,754,279
916,656,280
920,132,762
922,976,480
923,951,460
924,217,111
931,110,593
932,179,229
933,167,60
935,929,346
935,539,234
937,807,649
939,972,40
940,313,327
944,616,859
944,83,413
945,985,491
948,432,397
948,965,158
948,501,17
949,487,356
949,885,398
949,454,159
952,357,176
953,790,388
953,960,70
955,107,365
956,206,373
956,618,602
957,966,257
958,436,417
959,363,657
959,339,135
962,335,672
964,189,974
967,922,339
969,493,142
969,19,322
970,963,419
970,405,817
970,949,435
972,318,827
973,548,853
975,265,679
976,915,55
977,723,169
977,510,882
978,475,665
982,494,864
983,286,608
984,377,910
985,346,2
985,733,648
985,870,971
985,657,711
986,433,580
989,147,113
990,740,729
992,112,503
993,684,252
993,465,313
996,387,14
997,706,509
999,181,794
999,469,344
999,319,574
999,500,423
999,861,252
