809,440,0
43,899,2
756,48,3
288,344,3
473,482,10
221,533,12
225,377,13
639,800,14
935,481,16
219,375,16
527,218,19
94,469,20
607,272,21
787,659,21
994,651,24
367,164,24
671,455,24
609,740,25
6,930,25
331,221,25
403,128,26
811,215,26
113,866,27
214,628,28
70,261,31
253,59,31
749,815,31
483,12,32
612,90,33
960,891,34
82,743,35
47,895,39
507,200,45
291,412,45
493,7,46
131,673,46
318,899,47
796,264,47
824,5,48
54,314,50
906,613,54
77,15,58
58,313,58
168,821,59
370,895,62
204,748,63
669,187,63
715,336,68
758,172,71
137,580,72
243,307,74
87,194,74
162,6,77
760,530,84
72,473,85
248,903,86
480,913,86
821,551,87
639,189,89
769,948,91
844,655,91
487,463,97
414,397,99
944,997,103
628,189,104
150,113,105
467,626,107
507,286,110
581,10,112
232,165,112
848,610,114
829,605,115
884,944,117
755,662,120
709,405,121
404,206,123
55,612,123
535,996,124
297,471,129
496,969,131
614,419,134
851,185,134
324,210,135
999,846,136
60,121,138
282,169,140
929,594,145
278,460,146
382,384,146
53,287,146
694,977,147
555,109,150
340,888,154
383,394,159
153,519,161
243,735,162
472,437,162
934,703,164
872,243,166
796,364,168
695,702,171
409,219,171
948,613,173
116,821,176
492,283,176
581,973,177
362,855,178
342,797,181
600,249,181
531,144,182
346,189,187
518,741,188
802,706,190
455,861,191
916,700,191
876,134,193
108,704,194
431,30,194
701,920,195
737,202,195
869,940,196
578,888,197
827,283,202
890,156,202
313,941,204
283,476,205
208,481,206
160,307,210
922,520,211
396,552,215
246,139,216
24,406,218
117,35,219
586,901,220
660,574,223
322,489,224
619,559,224
935,678,225
427,878,225
727,949,226
887,953,226
802,156,226
218,808,227
714,27,228
755,910,229
241,187,229
721,969,231
897,416,233
523,767,234
580,711,235
330,305,236
388,224,238
380,37,243
362,155,245
406,292,246
957,505,252
868,756,253
276,981,254
244,760,256
977,394,256
290,498,258
240,10,258
900,931,259
928,295,259
438,134,263
316,572,263
519,40,263
140,647,266
65,124,268
742,92,268
151,157,270
284,287,270
689,607,273
626,142,277
757,364,278
905,173,282
50,876,283
950,296,284
321,700,285
586,811,286
747,774,288
582,969,288
527,176,291
466,194,294
93,299,294
882,765,295
761,215,295
335,828,296
298,67,296
100,814,297
721,292,298
355,29,301
511,949,303
208,100,304
841,219,307
516,95,308
127,721,308
562,504,314
598,316,315
455,499,315
471,494,316
822,822,316
495,958,317
793,573,318
519,268,318
469,177,319
146,28,320
469,790,323
8,247,323
266,191,325
130,506,327
95,815,327
9,322,328
313,649,331
170,369,332
460,809,333
981,854,335
486,682,335
353,172,337
416,14,337
341,52,339
611,612,340
956,402,340
808,16,341
249,162,342
206,502,343
281,382,344
66,274,344
865,366,346
371,95,348
23,906,348
19,792,349
163,357,349
973,961,349
313,742,350
663,185,351
800,562,352
276,744,354
849,755,355
799,596,355
7,425,356
618,680,356
943,63,356
157,297,357
812,634,360
617,380,361
259,963,363
940,316,363
22,261,364
593,52,364
142,24,366
662,563,367
254,573,367
131,984,367
272,237,368
885,352,368
376,143,368
705,664,371
131,138,372
82,452,373
1,745,375
971,443,376
161,260,376
690,889,377
153,520,377
136,226,378
66,479,378
587,559,382
360,442,382
549,961,383
608,318,386
567,357,388
491,604,390
644,603,390
276,816,392
711,650,393
692,864,402
151,347,404
197,303,404
667,669,409
830,188,411
72,55,412
387,286,412
231,640,415
964,378,415
326,498,415
995,554,417
435,849,419
438,938,419
380,721,420
28,724,423
428,881,426
693,2,431
449,75,432
465,865,433
274,662,433
874,12,433
43,770,434
110,600,435
936,562,436
20,921,439
724,979,441
61,639,443
42,688,443
335,994,444
853,550,447
777,650,447
469,182,450
181,214,450
84,82,450
882,505,451
854,469,451
798,355,451
17,782,452
213,963,453
785,400,453
276,364,454
863,995,455
244,953,455
252,426,456
693,94,457
885,487,460
451,206,463
203,225,465
399,718,467
129,493,472
829,34,474
566,561,474
833,208,475
946,926,476
335,519,476
138,332,477
857,310,477
584,639,478
731,700,478
324,387,479
147,552,481
701,706,481
317,53,482
574,993,482
97,38,484
770,606,486
621,729,489
990,236,490
61,507,493
180,184,494
329,703,495
563,906,495
1,421,497
625,712,500
26,709,501
584,8,502
646,782,502
210,98,505
309,188,507
809,327,507
870,470,509
883,891,509
374,476,510
192,874,512
186,696,512
406,246,512
536,245,512
622,929,513
423,305,513
169,391,513
400,903,515
63,963,517
967,666,518
491,61,519
708,881,519
814,590,522
407,718,523
12,72,527
517,422,527
341,902,529
889,696,530
720,226,532
2,750,532
846,753,533
160,538,536
65,423,537
789,303,538
177,703,540
229,709,540
59,531,544
253,500,547
604,692,547
685,725,553
513,102,553
804,315,554
195,25,556
164,558,559
398,207,560
689,504,561
939,802,565
245,618,567
758,831,573
67,627,573
663,252,578
287,880,580
355,494,580
426,553,581
477,664,581
438,858,581
942,885,584
855,447,586
708,58,588
511,976,589
202,162,589
614,485,590
347,81,591
440,572,591
895,749,592
429,149,592
96,147,596
415,943,597
100,351,598
560,785,599
107,184,599
120,723,603
347,231,605
731,279,606
76,709,607
499,681,608
585,329,609
427,99,609
497,5,612
506,361,614
992,23,614
83,995,619
208,265,620
983,983,621
510,39,621
887,818,621
645,853,626
440,291,632
963,161,634
297,525,637
110,584,638
387,581,639
211,568,639
999,164,640
581,227,641
421,134,643
856,359,647
186,369,649
479,472,653
117,463,653
406,537,656
528,510,656
740,521,658
303,611,659
120,329,659
676,591,660
566,897,661
629,172,664
702,41,667
86,489,668
659,994,671
991,156,673
190,796,675
415,902,676
845,821,679
966,415,681
700,905,682
437,752,683
330,536,684
407,280,686
285,135,686
252,453,686
426,671,687
970,400,690
738,186,693
538,505,695
234,179,695
790,435,696
0,903,696
414,65,697
818,685,698
372,394,699
701,682,699
31,177,700
862,130,701
279,839,708
298,119,710
630,977,712
435,726,712
417,904,714
391,794,716
391,960,719
453,25,720
412,893,720
530,278,721
374,321,721
59,384,721
760,286,722
635,225,726
448,374,726
178,203,728
101,944,729
131,664,730
813,884,730
418,201,733
434,534,733
314,533,733
769,767,734
571,67,734
122,643,745
629,631,747
220,497,747
775,944,748
748,617,748
884,188,748
936,141,749
912,95,751
984,878,751
612,837,756
370,400,757
499,557,759
406,607,760
710,632,761
510,853,761
115,141,763
700,301,764
0,829,766
391,463,767
189,608,768
823,109,770
863,331,771
856,612,772
223,114,772
260,159,773
544,76,774
128,495,774
715,417,775
692,363,776
162,375,780
447,980,781
402,598,782
116,877,782
59,944,783
40,966,783
637,969,783
49,100,786
577,50,786
422,830,787
598,890,787
918,845,788
153,794,790
153,294,792
878,521,794
871,587,794
846,213,795
644,138,795
293,289,797
704,47,799
878,711,800
995,786,800
472,308,801
756,500,803
424,640,803
534,340,807
652,738,812
593,449,814
551,420,816
149,999,817
272,849,821
617,393,825
689,131,825
891,404,826
697,788,826
326,27,829
762,685,829
561,793,832
323,6,834
897,743,834
203,539,835
791,149,835
71,673,835
167,761,836
844,380,841
787,429,841
545,166,842
749,424,847
267,927,847
655,475,849
398,663,852
950,826,855
402,433,857
76,841,860
506,989,860
659,721,860
952,311,868
490,443,868
651,769,868
218,531,869
443,70,871
722,49,873
853,36,873
40,960,874
717,116,875
980,753,876
211,303,877
961,663,879
833,802,881
228,367,883
349,622,886
448,790,886
804,420,888
659,68,889
677,736,890
702,930,891
148,544,894
753,619,896
221,864,900
122,628,901
571,640,901
379,98,902
864,505,908
142,755,909
363,705,911
948,534,915
25,662,917
514,538,918
435,427,919
406,213,920
73,827,921
531,854,923
761,129,923
531,11,925
53,692,927
838,916,928
537,548,929
3,483,930
181,300,932
414,337,933
278,746,934
546,536,934
684,284,938
460,542,941
58,16,941
199,201,942
370,151,943
496,178,949
921,58,949
450,173,953
856,382,955
673,458,956
919,293,957
57,855,960
757,547,961
196,494,963
76,875,968
750,776,968
221,526,972
923,123,973
949,516,974
704,284,974
654,975,975
959,569,976
929,197,979
268,857,980
334,779,981
588,702,984
837,748,985
275,445,985
446,24,988
852,488,989
279,120,989
385,570,993
205,438,994
443,465,994
997,977,995
328,216,997
25,153,997
331,177,998
707,931,999
781,985,999
868,385,999
