0,116,821
1,148,292
2,726,947
3,74,682
4,949,854
5,871,862
5,18,898
5,103,869
9,199,893
10,811,24
10,741,192
11,626,278
12,467,725
13,16,624
13,975,164
16,218,111
16,143,851
17,299,275
18,447,854
18,756,304
19,660,924
20,462,544
21,156,737
21,241,400
21,311,156
22,596,428
23,592,452
23,952,908
23,116,216
24,639,653
25,26,227
25,215,259
27,72,265
27,561,851
27,244,393
28,871,8
29,855,807
29,410,426
29,607,929
30,590,949
32,547,506
34,121,862
34,125,350
35,512,998
36,404,138
36,623,175
37,558,723
38,866,25
39,586,984
40,552,816
43,557,179
43,45,130
44,873,925
44,445,628
45,427,899
46,408,319
47,588,326
51,546,611
51,863,510
51,854,662
51,134,235
52,104,215
53,164,435
53,989,996
54,60,327
54,561,948
56,81,922
57,596,504
58,707,667
59,126,822
65,897,195
65,133,878
65,291,100
66,331,478
66,93,441
67,760,221
67,533,559
68,677,339
68,421,497
69,133,129
70,847,167
75,748,342
75,56,712
76,106,791
77,760,949
81,896,802
81,922,576
82,721,782
82,121,542
82,311,558
83,777,891
83,677,691
85,444,563
87,84,197
87,676,766
87,409,461
88,869,623
91,327,163
91,794,649
91,729,958
91,973,668
94,964,157
94,633,107
96,997,112
96,809,933
98,393,302
99,29,586
101,507,530
101,425,608
101,398,52
101,645,146
102,161,602
102,183,680
102,682,84
104,827,815
105,416,649
108,215,870
109,164,287
109,739,429
109,614,568
110,834,83
111,914,797
112,250,288
114,752,383
114,209,298
115,644,478
115,721,801
116,767,107
117,319,36
119,393,594
122,464,763
123,726,918
124,751,216
125,792,995
126,201,590
127,406,103
130,877,919
131,866,492
131,598,552
131,615,346
132,498,153
132,438,493
135,133,374
135,556,56
136,89,497
136,538,398
136,536,181
137,548,45
137,121,292
138,949,931
140,825,836
142,180,121
143,556,553
145,343,766
145,546,764
147,225,41
147,644,739
149,562,229
149,558,372
151,342,579
151,513,602
151,970,259
152,100,326
154,596,311
155,654,516
155,928,274
156,234,134
156,50,851
156,388,411
162,881,749
163,205,423
166,641,681
166,788,898
168,793,323
168,775,822
170,73,457
170,32,455
171,777,594
171,339,227
171,632,559
171,569,394
174,13,983
176,982,506
177,283,948
178,211,579
178,248,959
179,375,740
179,769,473
179,507,252
180,933,262
180,760,675
181,351,88
181,359,831
182,382,950
185,927,757
185,485,727
189,636,378
190,36,485
190,730,60
190,736,757
191,556,714
192,226,917
196,509,668
196,442,5
196,217,508
196,515,993
197,267,800
197,227,190
199,996,149
199,99,524
199,621,777
200,954,241
201,455,605
203,916,455
204,847,32
204,132,503
204,205,322
204,539,817
205,5,53
205,847,940
205,488,487
206,585,894
209,957,614
209,527,585
210,343,755
210,128,684
210,157,862
211,230,575
211,69,72
213,616,893
213,751,115
214,24,442
214,208,579
215,782,89
217,538,337
218,210,541
219,667,278
220,695,480
220,361,8
220,456,836
222,845,54
227,850,220
228,147,689
228,795,724
229,473,399
230,157,975
231,183,997
231,712,171
231,170,340
232,989,390
233,620,816
234,1,12
235,951,25
235,160,752
236,747,232
236,516,170
236,428,670
237,878,238
237,503,899
238,525,693
241,488,419
244,78,31
244,972,663
245,108,370
245,548,81
246,917,27
250,871,395
251,97,766
251,539,425
252,789,353
252,970,398
253,699,138
254,869,647
254,393,994
254,210,317
255,985,205
257,480,104
257,518,238
257,233,583
259,957,814
259,423,419
262,707,716
262,285,631
262,842,429
263,323,764
265,759,219
268,455,895
269,755,91
269,724,131
271,792,960
272,703,632
272,782,531
272,688,587
273,482,770
273,78,566
275,941,978
275,984,862
276,785,730
277,442,349
279,691,829
279,440,620
280,385,87
283,170,620
284,320,934
285,792,504
285,876,667
287,924,924
287,781,947
288,24,151
289,503,795
289,264,658
289,676,344
290,818,69
290,605,636
293,138,282
295,562,803
296,998,756
296,498,558
298,22,144
298,53,631
304,770,691
304,329,495
306,674,106
306,376,216
308,691,507
308,324,979
309,7,773
310,232,508
310,108,257
313,217,36
317,232,116
319,297,115
319,668,667
320,275,268
321,800,77
323,197,879
326,687,113
327,470,436
329,409,872
329,202,993
330,555,150
331,340,880
331,927,274
331,706,693
332,350,932
333,189,850
335,942,967
336,302,960
337,434,51
341,349,117
345,525,381
345,538,685
345,80,535
347,913,530
348,430,307
348,552,855
349,282,617
351,965,460
352,846,929
354,753,808
356,131,481
356,562,417
357,17,549
359,460,734
359,100,124
360,208,882
362,595,891
363,99,59
364,355,306
366,694,626
367,563,450
367,697,861
367,394,17
367,375,602
367,1,429
368,411,37
368,635,333
370,370,701
374,542,824
374,510,722
378,537,335
378,722,555
378,246,183
379,742,580
380,612,697
381,94,65
382,211,994
382,684,283
382,889,412
383,212,313
383,912,664
384,366,989
384,197,226
385,50,598
386,637,55
387,812,893
388,709,644
388,856,334
389,787,773
390,945,971
391,725,682
391,16,559
395,295,246
395,271,270
396,350,511
397,432,857
398,506,952
398,239,486
398,830,186
399,801,595
401,163,388
401,234,930
401,741,254
402,686,288
402,884,154
403,972,970
403,665,334
404,34,872
404,432,729
405,300,564
406,942,166
406,953,577
408,403,355
409,988,92
409,755,611
409,446,349
409,992,256
411,961,29
411,800,51
414,655,774
414,310,868
415,980,944
417,12,480
418,531,582
418,486,19
419,508,3
421,262,203
421,273,851
425,178,867
427,230,71
428,666,187
428,257,601
430,258,150
433,87,861
433,471,379
433,86,760
433,453,105
434,726,543
436,270,997
437,698,906
437,321,546
438,103,562
438,97,523
438,407,568
439,788,872
439,308,176
440,874,628
441,13,123
442,111,982
442,980,437
443,258,178
444,571,913
445,652,130
445,91,215
447,339,938
447,647,907
449,506,587
449,678,312
449,559,336
449,319,743
451,127,51
451,161,885
451,378,252
452,724,627
452,909,200
456,577,885
459,425,423
459,791,236
460,262,854
460,974,494
463,698,339
467,51,935
467,242,11
467,898,586
468,861,503
470,57,214
471,773,577
472,543,497
473,8,569
474,29,869
475,685,114
475,889,254
476,895,593
479,325,846
479,162,343
480,249,518
481,817,158
482,936,683
482,490,957
483,114,913
483,849,379
484,668,555
485,587,435
486,149,806
486,188,217
486,668,576
488,225,454
488,765,860
489,501,388
489,825,607
489,970,188
491,4,949
492,479,738
495,97,819
496,516,803
497,372,254
499,180,195
499,814,87
499,549,739
499,461,249
499,49,931
503,100,876
503,517,586
503,605,697
503,877,634
503,317,874
504,929,732
504,693,6
504,574,243
507,302,174
507,983,332
508,530,422
508,716,937
508,518,0
509,513,841
510,813,379
510,50,283
511,287,232
513,101,598
514,855,111
514,951,507
515,929,757
516,772,421
517,849,139
520,708,305
521,96,649
521,891,727
521,566,447
522,127,444
523,767,708
524,861,16
524,250,983
525,24,472
527,177,332
529,995,550
529,841,23
530,131,906
530,789,710
531,39,650
532,921,999
532,494,122
532,987,926
533,865,378
536,182,421
538,661,191
540,820,239
542,403,42
544,773,676
545,775,240
545,540,637
546,580,365
546,470,359
548,431,648
549,945,900
550,435,436
551,428,277
553,872,371
553,616,139
553,524,110
557,623,705
557,238,440
557,245,383
559,382,843
561,576,89
562,626,108
563,656,860
564,295,399
565,210,586
567,450,150
568,44,533
570,984,230
571,243,912
572,390,710
574,268,600
574,826,347
576,239,254
576,468,474
577,903,142
580,393,905
583,57,48
583,364,453
583,521,567
583,714,46
584,736,670
586,255,863
587,712,126
589,618,96
591,825,706
591,634,585
595,74,387
596,901,963
597,145,265
598,18,331
598,846,338
600,490,472
601,73,690
602,439,952
605,411,318
605,516,597
614,148,839
615,581,111
616,194,454
618,980,625
618,66,626
620,591,694
622,282,622
623,283,420
625,796,318
627,809,596
627,471,428
628,480,764
629,543,690
629,705,532
630,438,155
630,143,248
632,41,955
633,49,831
634,935,436
634,143,363
635,263,957
635,967,640
635,520,661
640,310,247
640,767,911
643,642,402
643,55,268
643,145,62
645,768,134
648,469,788
650,282,193
651,532,660
651,77,703
652,197,443
653,801,987
653,347,164
654,643,148
655,913,552
655,988,692
656,499,697
657,557,100
657,890,615
658,211,494
659,272,75
660,335,577
660,402,46
660,977,145
660,777,284
661,504,702
662,557,254
663,887,833
663,865,438
664,596,870
668,368,366
668,852,329
672,358,116
673,480,586
674,998,618
674,71,136
675,712,987
678,201,334
678,653,158
679,326,680
679,681,907
680,623,376
681,553,283
682,938,682
682,934,63
683,683,553
683,413,951
685,682,138
686,709,402
686,814,950
688,565,78
689,642,559
690,314,870
693,693,409
694,950,535
694,337,443
694,60,577
695,313,138
697,403,498
699,418,835
703,864,559
703,403,645
705,245,328
705,996,562
709,927,757
711,953,46
713,539,288
713,419,72
713,908,706
715,681,601
716,4,181
718,825,218
722,239,889
722,861,520
727,63,767
727,6,549
727,538,659
729,38,979
731,971,600
732,575,401
734,485,174
736,92,265
738,967,254
739,700,618
739,447,454
740,132,583
743,399,783
744,27,383
745,459,647
745,325,980
746,310,699
747,704,265
747,693,364
748,372,38
749,80,544
749,489,113
749,517,280
751,110,323
752,829,257
753,680,64
754,205,213
756,482,314
757,27,976
758,257,857
758,155,866
758,132,873
760,56,80
763,567,638
763,755,393
764,936,369
764,955,430
764,970,404
766,738,547
766,954,427
767,204,621
768,886,894
768,823,951
769,648,409
769,543,181
770,179,990
771,316,372
772,757,856
772,993,813
772,35,647
772,643,563
773,495,959
773,488,279
773,695,101
775,50,476
775,366,799
776,822,858
776,724,254
776,762,966
776,327,325
776,321,853
777,910,858
779,908,911
779,948,801
780,480,494
781,260,414
782,732,588
783,478,898
784,602,407
784,218,850
787,939,630
787,844,433
787,552,960
788,431,869
788,857,657
789,804,190
789,614,338
790,457,256
790,384,402
790,151,832
790,189,292
791,197,945
794,203,30
794,35,501
796,143,495
797,811,3
799,5,445
799,458,147
800,193,367
800,117,71
802,792,84
802,417,905
803,618,138
804,721,673
804,926,476
805,415,488
807,97,211
808,750,803
810,117,481
810,770,580
810,963,872
813,916,939
813,596,546
814,340,741
817,996,864
817,591,22
817,414,297
818,741,426
818,142,921
818,123,143
820,386,65
821,532,7
821,235,31
822,745,747
822,1,794
824,330,444
826,500,611
827,87,973
827,211,697
827,132,968
827,727,11
829,305,466
829,951,621
830,612,661
831,775,853
831,445,35
832,468,884
833,116,765
835,927,662
836,937,782
837,373,743
837,681,910
837,72,537
838,69,429
838,509,534
839,977,380
840,487,800
841,511,711
842,145,464
844,910,661
845,902,476
847,699,956
847,83,63
848,693,484
848,71,541
848,930,121
849,307,24
851,899,4
851,911,338
852,352,910
852,766,245
854,937,57
857,114,190
857,717,772
858,813,603
858,780,32
860,833,890
860,769,832
861,64,72
862,164,544
862,520,810
863,828,473
866,987,242
868,654,962
869,754,430
869,72,510
869,163,81
869,421,410
870,17,313
870,291,651
872,41,921
872,195,574
873,587,760
876,945,875
876,914,342
877,337,647
878,936,884
878,304,661
879,102,103
880,873,647
882,239,105
882,538,507
884,76,282
884,318,39
884,919,943
885,128,144
885,307,961
887,427,588
887,51,282
888,678,746
889,462,818
889,100,389
890,985,14
890,563,775
891,232,57
892,19,602
892,286,480
893,705,695
894,463,273
894,208,768
895,175,112
895,927,948
896,30,811
897,500,504
899,813,556
900,689,772
901,656,379
902,806,667
904,448,472
905,692,980
905,259,241
905,305,508
907,758,188
909,726,305
910,467,341
910,729,724
912,648,815
912,410,40
915,179,916
916,851,37
916,476,545
917,892,259
918,340,77
918,205,455
919,638,384
920,772,309
920,908,83
922,632,243
922,186,664
923,26,563
923,701,421
924,595,964
925,560,559
928,864,937
929,99,764
929,142,80
929,305,605
929,117,777
930,455,179
930,775,971
932,453,318
933,812,921
934,255,192
934,347,324
935,381,521
935,39,117
938,214,861
940,767,546
941,198,252
943,181,940
946,305,885
947,159,243
947,991,100
948,944,958
950,639,263
952,794,453
955,672,433
955,777,669
955,521,843
956,749,378
961,659,72
962,140,500
963,901,481
966,540,173
966,366,480
967,340,967
969,415,486
970,92,750
971,495,21
971,151,224
971,493,913
972,76,393
972,163,307
973,535,254
975,190,288
977,915,637
977,352,963
978,721,622
978,539,506
978,530,514
979,720,321
979,723,961
981,486,582
981,897,696
981,878,643
981,483,709
981,950,773
983,460,238
984,366,303
987,706,587
988,675,612
988,616,362
989,501,547
989,512,574
990,656,191
991,926,467
991,83,875
993,964,315
996,495,322
996,867,219
996,820,237
997,677,683
997,802,289
999,70,173
