625,760,0
904,413,0
872,860,1
839,698,2
960,571,4
893,768,6
69,886,7
154,762,8
500,434,8
141,197,8
342,607,8
643,192,10
812,832,10
63,883,10
26,138,11
215,344,11
258,391,12
284,911,12
496,177,14
920,457,14
259,551,14
464,393,15
839,599,16
768,745,16
585,641,16
385,937,17
612,102,17
597,781,17
601,129,18
821,863,18
281,877,19
921,963,20
492,998,22
363,627,22
466,431,22
678,778,26
110,53,26
395,121,26
929,600,26
948,953,27
55,392,28
546,704,28
522,83,29
960,738,30
201,908,31
548,752,32
684,475,35
798,920,35
764,165,37
339,357,39
900,87,39
485,732,40
62,59,41
801,272,43
638,291,44
419,783,44
559,769,44
762,458,45
665,723,46
649,986,49
925,904,50
948,210,50
582,891,50
892,179,51
99,63,51
427,864,51
305,431,52
984,67,53
880,94,53
697,567,53
462,847,55
89,634,55
657,789,56
963,107,57
588,835,58
231,17,58
642,588,61
840,43,62
732,993,64
462,549,65
860,910,65
425,35,66
351,729,68
967,999,68
88,831,69
74,692,69
302,628,70
713,309,71
865,873,71
120,515,71
923,94,72
818,74,73
255,127,73
875,659,73
27,156,74
265,687,75
933,853,77
336,796,79
194,640,82
207,544,83
365,519,85
571,741,86
661,377,86
280,724,88
835,868,88
593,607,89
704,883,89
414,523,90
715,887,91
801,240,91
529,165,93
3,26,93
878,929,94
737,799,95
172,210,100
545,756,100
235,246,101
98,856,102
868,724,103
519,811,105
973,966,106
456,861,107
883,593,107
425,258,109
211,396,109
350,377,110
179,923,110
417,803,112
61,736,113
39,203,114
229,258,115
204,286,115
999,480,115
842,660,117
597,847,120
110,629,121
256,639,121
750,659,121
730,404,121
616,237,123
38,408,124
334,960,124
419,356,124
70,422,124
788,887,124
335,950,124
494,96,125
155,121,125
568,144,127
502,822,128
302,238,129
672,772,131
329,866,131
344,427,133
482,324,138
239,349,139
668,403,139
71,267,140
306,188,142
919,832,142
935,774,143
434,912,146
914,568,147
793,464,148
749,662,149
508,401,150
926,240,152
379,977,153
717,755,157
590,727,157
71,836,158
611,611,158
768,653,160
929,655,161
256,1,164
674,546,164
402,374,165
589,971,165
67,705,165
450,379,167
834,107,167
68,675,167
487,9,169
275,826,171
116,900,171
682,985,172
872,251,173
417,260,174
442,259,174
945,788,175
25,755,176
135,675,177
262,654,177
793,471,178
565,3,179
895,137,179
201,110,181
365,113,181
413,430,181
128,634,182
48,604,182
654,960,182
536,393,185
911,517,185
913,615,186
567,621,187
918,391,188
709,432,188
440,243,189
726,868,192
681,580,194
243,648,194
451,0,195
459,933,195
255,956,197
560,781,198
718,357,199
724,500,200
229,371,201
609,425,202
433,685,202
971,343,202
208,699,206
960,684,208
391,658,208
5,590,209
820,436,209
175,861,209
109,315,210
141,822,213
442,682,213
794,619,214
585,452,215
845,507,215
471,360,216
567,314,219
51,282,222
633,278,222
171,170,223
643,380,225
210,394,226
331,230,226
800,356,227
819,585,229
302,81,230
693,367,231
982,449,233
70,451,234
98,693,236
877,18,236
826,985,236
700,326,237
270,961,237
200,511,238
868,438,241
170,783,246
114,396,248
688,682,249
683,559,249
677,406,249
551,718,250
410,353,252
445,404,254
282,646,257
807,376,258
710,60,260
7,906,260
217,200,262
172,741,262
15,653,263
712,565,264
806,383,265
217,33,266
89,791,266
624,530,267
698,305,268
662,968,271
34,402,272
75,653,272
9,227,273
309,910,274
994,331,274
732,105,274
965,344,274
859,381,276
31,261,276
138,270,276
425,496,277
916,991,277
209,562,280
643,860,280
282,42,280
842,542,282
133,577,282
736,217,282
378,525,282
302,259,283
453,349,286
464,306,289
845,176,289
527,606,289
455,460,289
408,629,289
947,945,289
804,897,290
42,96,290
68,96,290
440,136,291
68,895,291
57,144,292
813,755,293
496,643,295
668,747,295
409,891,300
668,657,300
225,202,300
255,199,300
413,914,302
603,255,303
15,802,304
785,241,305
309,99,306
15,795,306
530,336,308
490,834,310
477,983,311
877,647,312
121,214,314
394,78,315
0,544,316
812,866,317
577,625,318
133,827,319
798,345,320
689,55,320
621,889,321
3,631,321
153,534,322
949,752,323
848,742,323
109,929,323
98,995,323
791,127,325
902,175,325
323,98,326
925,153,326
152,849,327
286,447,328
567,136,330
364,619,331
182,239,332
313,433,334
174,950,334
685,795,334
520,707,335
314,474,336
731,661,339
542,259,341
612,67,341
758,33,342
20,423,344
319,625,347
479,583,347
675,856,348
314,415,350
546,101,350
967,261,350
472,559,353
591,348,354
903,519,356
208,532,358
436,246,360
994,764,360
995,184,362
707,236,364
247,163,364
191,333,365
651,311,367
328,771,369
847,379,374
981,63,374
110,823,378
888,712,379
150,156,381
643,998,381
367,385,382
499,800,382
389,51,384
158,710,384
797,69,384
438,615,384
167,875,385
923,489,387
527,144,388
748,102,389
72,608,389
994,888,390
897,862,391
930,476,391
396,311,392
150,8,394
234,344,394
581,20,395
946,212,395
563,180,396
526,571,396
60,118,398
461,534,399
386,353,399
439,55,399
828,400,400
668,92,401
403,546,402
666,786,402
810,924,403
731,447,403
121,264,408
13,566,409
813,594,411
955,368,413
537,859,415
731,499,418
398,907,418
672,761,418
348,837,419
204,204,419
279,298,419
293,798,420
403,227,420
396,106,421
567,916,422
782,335,423
560,316,423
744,320,423
467,52,425
881,521,425
864,717,425
564,523,425
423,579,426
769,566,426
293,779,427
510,225,428
950,181,429
195,488,431
321,729,431
685,430,432
491,522,433
670,782,435
71,219,435
738,227,438
402,319,439
25,135,439
832,327,439
183,811,440
249,724,441
264,319,441
0,446,443
255,419,443
444,188,444
141,710,444
644,669,445
9,713,447
236,344,448
246,829,449
981,572,450
598,101,451
119,952,452
470,200,452
427,919,453
208,369,454
571,502,456
796,88,457
655,694,457
544,887,457
474,191,457
498,669,459
119,500,459
573,214,460
768,832,460
602,951,461
179,530,461
732,814,462
109,265,463
589,365,464
137,484,464
109,161,464
113,841,464
187,782,465
594,51,466
879,264,466
39,552,469
973,835,469
459,507,469
794,645,470
282,383,471
241,246,472
507,690,473
964,3,476
615,395,478
896,332,478
258,907,478
769,349,480
644,408,480
555,501,483
991,74,484
873,219,484
903,474,488
201,719,491
416,395,491
426,850,493
711,702,494
995,521,499
878,845,499
783,459,500
798,205,501
69,479,501
952,551,505
53,736,506
943,114,506
68,189,506
996,798,507
60,328,507
550,318,511
245,413,511
658,620,511
934,122,513
162,753,514
485,238,515
806,168,515
511,226,516
590,789,517
686,895,518
122,825,519
893,581,520
95,791,520
667,361,520
738,372,521
798,752,522
304,717,522
239,539,530
177,449,530
621,758,530
624,117,531
693,86,532
282,443,534
733,420,535
764,587,538
829,828,538
615,552,539
582,94,540
83,530,541
168,588,543
331,926,543
817,203,544
950,658,544
835,881,545
842,5,547
674,785,547
558,975,548
324,619,548
889,351,548
881,444,553
731,14,553
130,227,554
574,867,554
229,407,558
300,554,558
381,222,558
553,771,559
550,620,561
200,931,562
784,421,562
301,378,563
86,797,566
664,677,567
901,518,569
797,845,571
874,2,571
384,416,571
776,311,571
157,283,575
681,902,576
313,677,576
263,795,576
511,789,576
437,414,576
484,557,577
172,383,577
268,827,577
194,942,579
799,987,579
176,273,579
319,724,581
216,61,581
405,999,582
945,45,583
254,644,584
521,958,584
551,323,584
650,185,584
622,272,586
845,69,586
470,239,587
177,808,588
407,109,594
217,481,594
276,24,594
890,192,595
444,41,595
349,584,595
38,788,599
856,361,602
126,34,603
722,183,603
135,787,604
581,693,606
18,175,609
270,532,609
379,984,610
504,445,611
129,420,612
712,831,612
76,888,613
785,808,615
279,796,616
755,166,616
199,805,617
581,404,619
394,38,621
624,942,621
450,239,625
366,240,625
358,383,626
137,713,627
673,850,627
865,7,630
32,507,631
674,886,631
166,797,634
845,910,634
470,662,635
683,166,635
55,857,635
640,922,637
511,472,637
437,11,637
559,620,638
139,240,640
110,345,640
197,141,641
891,137,641
597,80,641
226,18,642
995,648,642
342,868,643
155,776,644
541,602,644
830,487,644
10,555,645
259,535,645
892,744,646
757,349,648
219,0,648
933,647,650
918,348,651
469,400,653
685,423,654
288,195,655
663,732,656
251,630,659
288,208,659
713,487,659
429,105,659
454,914,659
765,769,659
473,336,660
196,208,660
517,130,661
943,220,661
359,722,662
285,444,662
106,903,662
226,717,664
754,742,664
677,625,665
828,955,667
895,401,667
431,631,668
768,480,669
777,558,670
502,608,671
4,621,671
109,604,672
226,107,672
806,286,673
909,69,673
326,272,673
377,559,674
163,303,675
801,9,676
965,816,677
398,594,679
202,567,681
160,149,681
824,553,681
325,578,682
703,867,682
339,876,683
250,103,685
585,761,685
858,779,686
530,738,688
526,639,688
87,302,690
927,24,691
138,946,691
643,16,691
775,416,691
894,786,691
314,0,692
340,926,693
177,302,694
283,627,694
541,968,695
411,265,697
305,933,698
14,299,699
592,328,700
652,724,701
99,978,702
964,9,702
816,694,704
250,921,704
861,406,705
49,724,705
785,768,705
821,204,706
181,839,707
865,158,708
555,341,708
420,931,709
527,751,711
222,454,712
711,145,713
259,42,713
168,741,714
397,589,715
999,314,715
92,759,715
997,779,715
343,799,718
423,42,718
256,733,719
275,4,720
223,650,724
815,370,726
458,157,726
926,39,728
235,195,729
303,109,729
148,314,730
574,255,731
811,493,731
589,296,732
169,258,732
273,551,736
543,532,737
28,336,739
331,393,739
708,250,739
794,294,739
740,530,740
938,419,742
865,831,743
298,2,743
266,197,743
426,241,743
406,950,744
919,169,745
353,912,748
862,444,749
897,702,751
710,933,751
7,434,755
571,699,757
499,432,759
327,748,760
816,185,761
29,807,761
296,26,765
343,609,765
863,647,765
169,21,770
489,36,770
18,494,771
716,521,772
446,828,773
343,452,774
465,165,776
274,154,776
876,203,778
843,753,779
232,751,780
560,753,782
895,939,782
236,606,783
288,797,784
397,477,786
93,48,787
295,995,787
441,934,788
960,823,788
414,356,789
195,376,790
259,602,790
507,210,791
960,151,792
304,57,793
86,65,793
778,651,793
675,421,795
882,577,796
140,73,799
104,69,801
776,879,801
170,783,802
85,423,804
780,415,806
676,454,807
748,975,807
223,203,808
695,976,809
854,170,809
718,86,809
205,803,810
821,228,812
493,659,812
799,584,812
662,534,812
81,471,813
205,862,813
105,499,813
507,397,814
778,508,816
159,798,821
183,543,821
610,707,821
95,477,822
633,300,822
728,552,822
486,926,823
0,267,824
82,127,824
208,956,825
909,983,825
310,230,827
440,402,828
329,272,830
773,22,832
469,697,832
673,479,833
202,981,835
306,600,835
16,180,837
135,849,839
809,346,840
229,34,842
143,178,842
418,479,842
52,111,842
31,225,845
81,314,845
608,932,846
653,470,848
236,667,849
848,70,850
866,555,853
409,287,854
53,379,856
481,800,858
206,568,858
885,251,860
193,266,861
641,590,861
315,743,863
519,212,863
756,862,866
912,184,868
503,247,870
583,914,871
913,258,872
202,386,874
403,275,874
920,760,875
603,882,876
321,291,876
872,112,876
78,329,877
276,738,877
323,567,880
649,418,882
510,631,886
674,727,888
485,503,889
648,977,889
639,752,890
21,730,892
169,496,892
481,343,893
915,187,893
483,624,893
141,251,894
422,316,894
631,131,897
862,102,898
472,744,899
23,745,901
967,971,902
666,579,903
7,289,904
543,817,905
727,517,907
967,589,907
426,219,908
417,204,908
277,622,909
217,542,911
374,74,911
244,234,911
333,548,912
482,67,913
365,4,914
769,331,914
672,722,916
536,892,920
168,619,921
456,908,921
328,359,921
455,103,922
54,217,922
641,553,923
145,577,923
518,393,924
675,433,926
101,533,926
472,311,927
689,164,928
156,323,928
317,807,931
482,804,931
181,670,931
516,520,932
347,706,933
707,618,936
182,664,936
593,60,937
575,112,939
866,92,939
915,290,940
785,269,940
483,406,940
229,354,941
314,132,942
799,528,943
618,980,945
712,771,945
703,356,945
493,271,946
611,983,948
722,713,948
950,97,948
934,959,949
716,507,949
152,946,950
771,745,951
927,33,951
740,320,951
629,773,953
528,246,954
827,921,956
508,977,956
613,644,959
85,578,959
111,697,959
607,393,960
715,351,963
243,408,965
21,395,966
674,675,967
498,557,967
510,957,968
436,339,969
637,515,970
776,111,971
496,193,973
272,994,974
653,830,978
596,592,978
969,361,979
209,388,979
250,990,979
432,739,982
998,503,982
404,138,983
16,539,983
196,215,983
927,736,983
282,747,984
336,50,984
679,141,984
237,884,986
472,916,987
604,836,988
534,115,990
749,365,990
163,824,991
811,503,994
762,642,995
610,89,995
139,127,996
65,53,997
989,241,998
29,488,998
