655,143,3
549,313,3
625,440,3
213,188,5
176,402,6
357,508,7
668,5,7
306,672,7
887,11,9
954,967,9
462,342,11
699,407,11
674,787,11
532,972,12
84,233,12
273,818,12
166,309,13
94,272,14
734,839,15
989,52,15
101,365,15
261,450,17
760,6,18
751,220,20
323,17,20
982,6,20
998,100,21
293,751,21
742,767,21
475,484,23
677,738,23
206,739,25
447,677,26
531,120,26
718,27,26
702,402,27
268,173,28
528,576,29
897,65,30
282,972,32
831,249,34
766,346,35
965,497,35
715,723,38
439,167,38
146,619,39
836,877,39
584,511,39
417,569,41
842,812,42
110,658,43
56,513,43
190,20,44
523,439,47
180,484,50
66,258,50
94,764,51
339,875,53
949,182,53
111,20,54
133,593,54
47,22,54
786,938,57
589,339,58
3,931,61
72,568,62
534,721,63
651,79,66
762,157,66
713,66,66
169,271,72
494,952,73
875,12,74
84,63,74
699,738,75
844,669,76
84,146,77
71,327,78
144,27,78
585,307,80
772,231,81
103,250,81
188,924,82
332,133,82
159,339,82
837,462,83
940,489,84
30,315,85
726,333,85
560,302,85
739,717,86
880,884,87
58,876,88
257,634,88
584,898,90
218,735,91
89,412,92
196,226,93
760,331,95
877,849,95
73,920,96
804,156,96
603,237,102
319,939,102
166,995,103
275,143,104
178,599,104
734,512,104
723,922,105
275,952,107
156,485,107
210,807,108
537,345,108
498,303,109
921,482,110
530,336,110
614,751,110
536,258,111
453,355,112
116,547,113
418,801,113
993,798,114
118,998,117
147,218,118
12,201,118
971,907,118
202,612,128
398,678,128
686,489,130
891,1,132
910,398,135
836,84,135
293,180,136
28,394,136
16,269,137
901,453,137
806,364,139
845,726,140
280,271,141
801,791,141
673,417,142
697,398,143
265,253,144
269,35,145
584,832,145
897,973,150
693,844,150
153,837,153
493,930,158
50,593,159
294,131,160
713,100,160
177,920,160
534,525,161
803,751,163
318,36,163
335,989,164
437,965,165
921,157,166
356,627,167
953,130,169
231,992,170
387,374,170
472,802,171
594,322,174
571,952,174
337,781,174
404,667,175
830,517,175
456,63,175
941,92,176
582,271,177
324,649,178
627,586,178
406,412,178
849,38,179
253,477,180
663,669,184
42,14,185
791,200,187
915,295,187
70,444,188
421,597,189
459,761,189
485,453,190
782,699,191
804,377,191
552,882,191
656,719,191
350,690,191
224,992,192
480,227,192
25,347,194
256,711,194
891,254,194
933,252,195
736,40,195
61,308,195
935,163,197
532,592,197
489,136,197
63,669,199
480,738,200
396,70,202
470,858,202
640,719,202
758,451,203
685,25,207
198,650,207
933,351,209
610,187,209
1,119,210
541,801,211
79,405,212
635,986,213
261,203,214
680,337,214
952,67,216
847,875,217
777,711,217
501,767,218
190,258,218
517,557,219
62,288,219
121,568,219
102,625,221
354,1,222
803,343,223
212,929,224
435,767,225
937,848,225
133,427,225
386,959,226
224,232,226
495,77,226
825,818,227
670,303,228
832,493,229
213,390,230
942,995,231
999,713,232
611,53,232
510,746,235
412,167,235
560,139,236
325,520,236
193,672,238
763,587,240
757,714,242
44,642,243
1,925,243
990,800,243
228,988,244
113,975,244
467,576,245
695,461,245
910,718,245
694,99,245
799,898,251
958,812,251
515,28,252
439,549,255
249,281,258
125,8,259
543,129,260
274,518,260
9,572,261
144,647,264
102,299,266
484,968,271
777,799,271
274,150,271
165,420,272
165,645,272
765,923,272
276,756,275
530,745,275
922,934,278
724,876,280
201,489,280
810,356,281
855,687,281
450,908,282
77,663,282
195,695,283
389,671,283
70,798,284
784,53,285
203,847,287
564,632,289
335,177,290
584,819,292
68,835,293
40,148,294
382,454,294
905,668,295
925,246,297
569,260,297
249,534,299
626,612,300
806,461,300
690,820,302
702,64,303
64,399,303
746,296,304
661,926,307
131,360,309
271,499,310
895,527,312
781,604,313
777,420,314
348,611,316
506,371,318
248,895,320
193,193,321
207,252,322
930,353,322
595,380,322
196,193,322
945,162,324
896,779,324
618,270,326
668,691,326
762,138,328
519,646,328
963,997,328
608,593,329
239,61,330
178,594,330
254,603,331
445,160,331
549,652,333
340,445,335
88,480,336
103,434,338
280,372,339
216,401,339
385,609,339
904,198,339
907,469,342
765,958,342
586,132,343
976,745,343
241,204,344
827,609,345
840,606,346
271,363,346
858,321,347
638,934,347
272,535,348
327,613,349
196,144,350
944,477,350
59,285,352
300,937,352
445,272,355
452,969,357
465,392,359
747,178,359
501,273,359
329,842,359
696,416,361
226,404,362
546,235,363
436,119,363
596,152,365
245,392,365
799,768,367
658,23,367
846,303,368
75,944,368
239,38,369
711,953,369
364,434,371
556,777,371
208,335,372
476,484,373
668,179,373
240,604,376
3,718,378
622,392,381
818,21,382
957,726,383
623,827,383
153,159,384
478,134,387
773,460,387
807,395,388
436,456,388
456,421,388
52,254,391
547,348,392
723,574,392
734,978,392
948,390,393
962,875,394
617,480,395
984,536,395
930,405,396
899,840,397
87,42,398
178,615,399
952,417,400
91,652,402
899,547,403
368,318,403
794,112,403
920,252,404
962,482,404
362,304,404
814,33,404
950,932,407
287,604,408
963,785,409
130,465,410
356,557,411
96,115,413
609,25,414
41,62,415
747,371,415
779,866,418
591,749,419
419,446,421
199,53,422
677,64,423
222,182,424
755,421,425
547,399,426
633,328,426
296,552,426
483,116,426
585,717,426
926,626,426
563,164,427
954,732,428
853,50,429
969,410,430
317,206,431
403,773,431
25,175,432
246,454,432
905,545,432
488,933,435
747,594,438
229,692,439
643,461,440
368,137,440
346,418,442
180,588,443
324,601,443
321,755,443
927,548,444
511,448,445
425,427,445
580,261,446
633,414,448
564,614,450
708,134,450
632,593,452
604,246,453
560,739,453
995,102,454
31,812,455
819,89,456
226,761,456
863,619,457
296,314,457
160,657,458
616,484,458
342,600,458
833,43,460
657,582,460
774,261,460
894,730,461
646,883,462
29,83,463
947,576,465
31,295,466
888,12,466
183,777,467
538,590,468
280,197,469
361,552,469
936,284,474
737,286,474
22,892,474
236,952,474
668,154,477
745,678,477
620,790,478
186,103,479
395,529,481
558,245,481
63,1,481
899,821,482
846,579,484
643,279,484
747,985,485
878,909,486
944,802,488
889,251,488
195,713,489
65,971,490
25,946,492
824,342,493
959,954,493
890,853,495
101,125,499
700,604,499
500,140,499
587,513,501
817,597,503
609,684,505
187,81,505
210,320,509
956,810,509
529,86,511
549,464,514
193,809,514
746,544,515
735,120,516
774,239,525
394,631,525
330,529,526
7,980,527
700,212,527
775,440,528
349,444,528
366,101,529
90,722,529
583,55,532
80,230,533
768,847,534
649,287,535
799,21,536
651,639,536
233,486,536
544,281,536
194,420,537
518,904,539
171,369,540
341,821,540
483,222,541
228,321,542
254,990,542
91,386,545
999,541,546
593,608,546
890,660,550
372,39,551
113,727,555
330,178,556
920,453,558
23,184,559
768,43,560
514,413,561
900,860,562
901,803,567
75,931,567
948,227,568
405,820,568
608,953,570
627,898,570
831,124,570
695,625,571
46,215,571
743,406,572
24,701,577
8,670,580
574,971,582
319,771,582
196,545,583
514,873,584
11,948,584
325,67,586
433,18,587
177,806,587
244,969,587
662,239,587
613,594,587
26,75,587
231,860,588
204,583,590
259,290,591
298,211,591
68,829,592
989,880,592
169,233,592
364,41,592
943,491,593
987,981,594
554,522,596
871,343,598
33,267,599
421,68,599
919,617,600
538,840,601
156,380,601
710,319,602
105,673,602
814,476,603
305,259,604
8,171,605
287,978,605
659,975,606
535,707,607
533,68,609
449,234,611
899,706,614
497,598,614
189,39,614
839,552,616
905,911,616
905,954,617
78,351,617
902,507,618
98,818,620
752,830,620
855,911,621
844,581,621
907,352,621
242,644,623
183,798,623
168,93,624
783,902,625
241,999,626
817,420,627
709,538,628
496,234,628
414,654,629
724,397,629
561,442,629
114,108,629
684,605,629
361,173,630
553,495,631
310,602,634
99,734,635
548,135,636
203,503,636
72,359,638
190,321,639
125,104,639
476,753,639
967,835,639
114,779,640
118,944,640
434,855,643
724,107,643
171,374,645
599,867,646
907,231,647
887,812,648
969,775,649
206,732,650
251,786,653
233,344,654
542,158,655
391,818,656
751,82,657
240,607,660
911,734,661
195,376,663
897,713,665
338,802,666
680,263,666
777,700,666
376,808,667
761,857,667
42,492,668
307,136,668
866,356,669
257,372,669
34,139,670
678,5,670
486,934,670
291,633,671
159,729,673
491,898,673
498,410,673
14,490,676
842,899,676
405,184,679
882,866,679
949,188,680
109,277,680
282,512,681
171,766,682
197,505,683
24,853,683
574,420,683
889,871,684
902,672,685
474,547,686
369,571,688
44,651,688
181,302,690
468,601,692
764,935,692
746,594,693
176,742,694
896,388,695
151,961,695
46,477,695
575,654,696
807,216,696
306,335,696
464,762,697
472,984,697
857,334,697
290,173,697
348,209,697
336,181,698
793,608,698
288,749,698
542,421,698
713,975,698
611,558,699
988,80,701
542,934,702
746,178,703
605,470,703
899,451,705
202,958,705
796,938,706
59,959,709
112,695,710
611,634,710
565,861,712
489,569,713
234,285,714
307,308,714
417,818,714
392,173,715
118,214,715
951,664,717
358,66,718
278,331,719
585,241,721
718,833,721
121,507,722
708,349,723
266,439,724
577,875,724
838,383,725
819,656,726
185,485,729
33,73,730
943,107,731
324,330,734
643,223,735
916,405,736
985,503,736
985,827,737
907,456,738
939,665,738
818,448,739
863,393,739
368,16,740
375,667,740
543,579,741
750,411,741
137,588,742
465,45,743
991,455,744
594,337,745
24,92,746
760,524,747
592,240,748
328,243,748
76,573,749
268,793,750
718,870,751
76,925,754
810,393,755
881,104,757
613,2,757
893,792,758
392,101,759
830,696,759
949,31,760
550,604,761
389,572,762
801,605,764
2,2,765
156,496,765
438,97,766
231,645,768
654,326,768
104,52,769
516,497,771
980,834,771
420,540,771
473,360,772
205,854,773
791,357,773
421,80,774
357,626,775
904,301,776
412,858,776
227,950,777
409,804,778
973,90,778
87,521,779
413,758,779
47,234,780
157,28,780
833,187,780
98,330,783
830,342,784
761,927,784
750,394,785
704,44,786
426,871,788
947,424,790
265,675,790
715,825,790
725,506,792
358,643,794
110,363,798
890,765,800
628,79,800
370,234,801
649,565,803
913,453,804
373,663,804
301,720,805
50,921,806
509,719,809
213,925,810
760,795,811
876,820,811
215,273,812
388,233,812
166,765,812
447,441,813
436,464,813
556,387,816
255,347,818
349,863,820
665,142,820
604,868,821
284,555,822
40,295,822
349,112,823
576,896,825
735,240,825
835,60,827
671,231,827
808,162,828
665,448,828
759,552,828
575,541,828
127,213,829
884,866,830
216,772,832
836,634,832
984,191,834
980,781,835
471,199,835
719,461,836
921,869,836
34,146,841
642,735,841
297,478,841
63,458,841
942,581,843
67,612,844
51,434,844
352,818,847
286,971,848
599,902,851
682,314,851
193,98,858
846,106,858
494,423,861
956,181,861
525,329,861
171,902,863
453,646,865
356,147,868
506,12,869
14,70,869
318,249,870
90,695,871
821,104,871
357,188,872
848,19,874
524,779,874
525,431,874
802,122,875
8,780,875
948,170,877
281,251,878
621,219,879
651,857,880
177,87,880
951,937,880
790,755,882
577,975,884
231,634,884
400,842,884
456,555,885
640,763,885
377,704,885
53,309,886
219,123,888
104,724,888
106,271,889
167,725,890
5,20,890
980,304,892
667,846,894
330,42,896
696,812,896
541,530,896
748,755,899
945,53,899
129,928,900
700,627,900
384,580,902
898,940,903
923,124,904
802,541,904
778,467,906
357,464,906
549,26,906
965,234,909
846,154,910
598,627,912
433,651,913
266,587,914
534,755,916
6,918,916
332,716,917
189,496,919
558,157,921
900,258,921
209,593,922
850,430,922
643,589,925
107,525,926
167,115,926
890,460,927
224,82,927
142,543,928
290,62,928
613,436,928
406,343,933
608,807,933
780,736,935
775,903,935
915,892,935
913,835,936
262,442,939
405,990,939
149,673,942
966,517,943
312,698,944
110,750,946
344,342,946
207,195,947
135,194,948
150,342,948
830,717,948
10,559,948
635,325,949
531,611,949
169,488,951
800,725,952
59,821,952
452,890,954
290,285,955
824,981,955
243,719,956
318,9,956
832,259,958
978,535,960
595,161,962
448,257,963
228,370,963
979,36,964
603,265,965
2,658,966
790,229,966
995,653,967
470,256,969
858,299,969
49,243,969
744,604,970
904,671,970
402,809,970
655,440,972
552,24,972
891,972,972
430,819,974
687,462,975
279,840,975
763,889,975
276,158,975
778,965,976
586,318,976
865,172,977
359,967,978
582,998,979
712,760,979
705,20,980
767,96,983
633,108,983
186,634,983
71,224,983
599,508,985
955,463,987
925,947,987
797,327,988
569,44,988
749,682,993
56,516,993
727,824,994
298,232,994
351,126,995
983,741,996
571,231,997
