779,821,0
420,786,0
876,446,1
889,824,3
167,766,4
618,119,7
11,483,7
498,159,8
270,511,9
269,858,9
263,793,10
942,867,10
248,291,12
791,422,13
99,221,13
724,629,15
628,744,16
299,744,16
858,595,17
652,398,17
861,197,18
358,146,19
169,697,20
471,99,20
574,290,21
667,760,22
693,334,22
441,506,22
639,857,24
629,542,25
528,831,27
826,13,28
340,647,28
242,227,29
626,84,29
108,442,30
823,178,30
283,489,32
341,501,36
928,256,37
88,997,37
240,118,37
619,887,39
820,412,39
483,901,40
920,598,40
253,501,41
555,568,42
452,115,43
637,182,43
729,25,44
482,943,44
418,930,45
136,986,46
725,726,46
798,67,46
61,158,47
568,42,47
507,404,47
402,350,48
588,44,48
92,688,51
938,640,51
638,621,51
756,977,52
529,642,52
33,896,53
647,197,54
688,423,56
553,260,57
238,494,58
621,375,58
697,541,61
756,563,61
573,909,62
431,704,63
704,337,64
792,38,64
360,235,67
608,549,68
473,118,70
170,163,71
903,157,71
32,578,72
800,565,74
955,635,75
762,931,76
626,264,77
15,647,79
581,779,79
705,536,80
868,833,80
448,638,80
269,985,82
356,431,83
786,628,86
771,462,87
550,565,88
319,467,89
873,70,90
578,522,91
288,944,92
407,604,93
635,17,93
867,529,95
585,929,96
385,780,97
625,239,97
177,753,97
162,931,98
361,509,99
980,337,99
327,25,100
151,58,101
712,437,102
175,249,103
221,229,103
796,843,104
735,614,105
213,148,106
753,551,106
649,122,108
430,576,109
582,986,109
160,362,110
820,252,112
326,637,116
522,846,116
393,571,117
479,881,117
93,248,117
863,649,118
394,2,118
518,650,120
58,135,120
154,585,121
856,712,121
568,357,122
146,144,123
129,336,123
643,722,125
602,533,128
230,259,129
896,921,130
397,103,130
588,762,130
463,91,131
651,989,134
633,343,136
899,49,137
204,443,139
919,666,141
98,68,142
249,904,147
109,788,147
485,909,147
753,688,148
233,679,149
289,608,150
364,136,151
509,798,153
278,949,154
251,424,154
417,381,156
239,584,157
418,775,160
417,229,163
82,773,165
770,946,166
718,261,166
341,116,167
491,96,168
971,348,168
566,316,169
285,90,169
908,383,171
357,695,173
252,81,174
915,128,175
90,814,176
633,968,176
305,840,177
471,205,177
394,37,177
751,203,179
899,361,179
842,879,179
989,148,182
84,357,183
914,78,183
218,540,184
627,121,185
385,530,185
603,493,186
767,852,187
864,501,190
12,452,192
104,433,192
390,953,192
950,943,192
580,239,193
418,293,193
289,774,194
434,985,195
293,289,196
721,717,196
271,670,198
311,864,199
896,651,203
684,886,204
730,365,204
253,629,204
581,197,205
94,560,205
964,84,206
775,879,206
468,934,206
751,323,208
396,819,210
488,474,210
325,941,211
146,961,212
425,30,214
572,636,216
13,317,217
370,252,217
461,620,218
34,393,219
984,647,219
361,586,220
371,503,220
620,782,220
373,305,220
754,881,225
936,136,227
599,897,229
291,592,229
785,921,230
13,383,230
56,536,233
796,545,233
861,694,234
64,181,234
709,113,238
196,503,239
249,557,240
574,502,245
372,596,246
401,564,248
944,798,248
41,113,250
725,523,252
926,485,253
626,170,254
96,700,255
193,331,256
919,745,257
739,753,258
237,554,258
218,669,259
214,766,259
328,335,260
158,904,261
879,766,261
537,269,262
96,525,262
627,183,264
404,555,264
34,916,265
793,910,265
785,339,266
314,243,266
720,155,270
740,826,272
948,998,273
796,487,275
280,922,279
129,854,280
413,804,281
508,754,281
699,99,281
942,384,281
177,541,282
38,270,283
451,68,285
845,981,285
31,259,286
563,844,286
828,989,287
830,297,287
246,688,287
132,345,288
142,206,288
305,496,289
237,309,289
0,807,291
132,170,291
579,984,292
795,181,292
414,819,292
542,98,293
34,69,294
702,993,294
664,103,295
640,36,295
889,961,296
638,821,296
614,85,300
524,237,301
728,600,302
907,774,303
288,396,307
735,822,310
449,979,312
891,967,314
529,283,315
744,650,316
450,861,317
793,534,317
522,30,318
564,172,320
459,700,321
163,263,324
892,39,325
757,724,327
40,304,327
78,523,330
358,243,330
126,930,331
286,787,332
685,30,333
248,326,333
187,64,333
384,964,336
185,964,338
357,603,338
381,662,339
172,530,339
598,910,340
312,250,342
370,495,343
353,11,343
555,896,344
472,775,345
272,451,346
475,230,346
462,825,347
159,912,348
479,171,351
313,450,352
921,703,353
365,719,353
812,773,353
492,164,354
864,827,354
256,871,354
917,85,354
638,861,354
425,742,356
995,925,357
564,279,358
443,168,358
500,20,359
657,582,365
123,798,366
547,360,367
69,407,368
879,460,368
111,277,369
936,915,370
908,357,372
604,985,373
640,410,373
250,223,373
159,421,374
948,739,377
155,267,379
950,729,379
356,347,379
241,981,380
111,55,384
556,196,384
293,873,386
426,337,386
278,451,388
376,309,388
740,511,391
8,458,392
44,813,392
944,411,393
846,282,394
108,827,395
219,40,395
948,918,397
376,278,397
73,409,397
66,144,398
304,580,399
741,105,400
940,682,400
339,397,400
809,796,401
482,51,403
711,774,403
807,609,409
548,100,409
547,964,410
575,998,411
335,618,411
277,56,412
848,792,413
43,867,413
927,934,416
155,745,418
317,825,422
997,913,422
507,198,422
909,175,425
153,323,427
857,139,428
425,630,429
449,180,430
557,978,433
46,803,439
632,704,439
275,453,440
970,497,441
764,599,442
864,503,443
784,216,443
562,701,445
807,678,446
307,421,447
624,266,448
735,853,449
761,720,449
12,83,450
762,409,450
534,751,451
639,18,452
505,250,454
255,665,455
251,943,455
761,569,456
376,722,459
760,224,462
470,862,463
176,806,463
429,92,464
898,699,466
121,87,466
322,413,467
677,275,468
174,457,469
361,763,469
476,831,471
178,965,473
223,639,474
399,754,474
697,709,474
457,929,478
736,6,478
809,549,478
503,225,480
669,173,482
277,41,483
154,645,483
623,300,484
142,710,485
615,891,487
914,736,487
827,658,489
422,830,489
574,617,491
292,865,492
840,669,492
163,948,493
36,467,494
849,263,494
836,855,494
202,116,497
332,760,497
157,816,497
408,554,499
932,600,499
824,914,499
697,361,499
812,999,500
93,768,500
418,143,500
840,384,502
701,432,503
708,539,503
356,591,504
293,301,505
215,965,507
792,551,507
651,986,510
963,991,511
830,229,511
446,490,512
568,716,514
635,585,515
482,628,519
913,351,521
75,969,522
451,282,522
289,588,522
914,770,522
541,62,522
38,849,523
654,621,523
787,876,528
522,873,531
462,91,531
607,266,531
976,610,532
539,920,532
388,435,533
260,818,535
302,486,535
982,234,535
351,686,536
243,548,536
787,575,536
374,674,539
842,431,539
472,570,543
564,35,549
408,962,549
208,921,550
708,846,550
874,358,551
385,89,551
648,393,552
564,943,552
135,339,554
750,376,554
286,659,554
897,589,554
94,124,555
869,113,555
165,948,555
28,357,556
739,373,559
480,226,560
103,189,560
951,185,561
766,914,563
473,917,564
427,93,565
507,785,567
736,158,567
738,682,567
425,288,567
651,695,568
753,504,571
371,106,571
10,405,572
764,653,573
955,230,576
580,228,577
198,461,577
892,118,580
705,546,581
778,265,582
924,154,582
842,233,583
712,529,583
554,395,583
14,489,584
405,966,584
204,706,585
10,226,585
527,543,586
560,562,586
910,946,586
776,511,587
944,912,588
838,669,588
760,704,588
884,664,589
305,203,591
736,174,591
922,55,592
479,976,595
520,291,595
54,372,597
891,715,597
489,636,598
552,458,598
516,396,599
844,291,601
359,887,602
112,873,602
837,762,603
306,879,603
878,677,605
128,842,605
619,188,606
812,749,606
908,714,606
784,434,607
556,968,608
417,457,608
230,413,608
956,334,609
406,292,609
208,159,610
325,934,610
89,860,610
865,820,611
513,163,613
162,100,615
894,416,616
57,191,617
310,848,620
576,362,621
834,183,621
829,370,622
218,646,622
840,216,622
58,316,623
468,629,624
647,59,625
582,760,626
231,285,627
574,669,628
364,941,630
353,134,630
182,642,630
509,621,631
159,539,632
15,417,635
289,221,637
992,525,637
755,469,638
294,962,638
955,385,638
658,639,639
457,178,639
791,630,640
655,952,641
95,544,641
479,449,641
758,155,641
977,550,642
764,500,643
10,787,645
854,280,645
560,727,646
37,322,646
125,420,647
953,894,648
188,950,651
640,889,651
566,132,651
489,675,651
733,245,653
294,703,653
333,660,654
283,999,654
563,201,656
668,799,657
739,761,657
33,422,659
925,356,659
8,992,661
985,832,662
378,478,664
180,592,665
947,796,666
291,753,667
436,210,667
662,541,667
457,546,668
474,614,668
729,453,668
19,70,668
899,850,669
841,361,670
157,570,670
751,684,670
917,258,672
534,424,673
22,866,673
970,100,674
254,549,675
252,639,676
734,187,677
108,750,677
550,737,679
944,424,679
431,176,679
336,476,680
368,893,682
563,825,682
274,641,683
750,874,685
953,61,685
727,78,686
965,778,688
687,497,688
878,697,689
444,325,689
774,615,690
291,296,691
782,837,692
672,113,693
960,384,694
520,315,696
278,587,697
484,150,698
906,176,698
978,414,698
297,918,700
138,408,700
916,11,701
325,376,701
489,985,701
879,63,702
55,495,705
493,922,705
724,94,706
869,772,706
940,717,707
148,395,708
963,718,708
643,974,709
47,91,710
544,435,711
420,503,712
439,610,713
321,391,713
785,438,715
733,959,717
804,695,720
628,823,724
872,264,726
763,156,727
878,667,729
806,205,734
458,848,736
651,304,737
928,286,738
168,252,738
645,434,738
107,908,738
598,328,740
486,345,740
808,949,740
884,570,742
966,59,743
395,929,744
320,588,744
527,759,746
620,266,747
50,252,749
180,332,749
264,118,751
719,856,751
407,455,752
770,934,754
744,128,755
652,822,755
252,31,756
310,516,756
719,59,756
762,709,759
283,968,760
83,598,760
817,58,760
863,979,761
464,49,761
138,336,762
431,132,762
770,959,762
733,732,763
104,431,767
570,956,767
31,283,767
127,185,769
1,400,770
502,106,771
979,851,772
417,985,773
648,792,773
937,473,774
933,541,774
858,192,774
26,707,776
745,140,776
12,721,778
883,659,779
685,330,781
60,599,781
882,704,783
880,889,783
399,690,783
96,450,784
89,139,784
970,429,785
894,88,786
419,39,787
355,438,787
72,406,789
966,265,792
65,647,794
550,303,795
860,233,795
509,138,796
683,536,796
316,769,798
772,962,799
485,211,802
627,757,802
668,508,802
412,445,802
209,283,804
492,801,805
308,558,806
375,892,807
133,103,808
611,109,810
279,385,811
165,194,811
524,285,813
256,485,814
840,723,815
408,978,819
124,608,820
717,887,821
843,954,821
132,583,823
549,564,823
594,167,823
942,119,824
928,279,824
712,609,824
354,917,825
239,512,826
682,781,827
111,165,828
938,661,829
118,195,830
728,817,831
846,838,833
994,329,834
372,622,836
241,548,838
54,652,838
451,300,839
147,475,840
774,568,841
270,668,842
198,548,842
384,849,843
768,209,844
838,937,846
418,490,847
993,64,847
285,542,849
135,219,849
987,409,849
47,122,850
250,70,852
780,989,853
239,995,855
993,647,856
440,196,856
335,161,857
282,930,858
444,220,863
232,567,863
899,701,864
811,160,866
251,53,867
918,307,867
838,328,868
31,813,869
346,169,869
613,353,870
331,252,870
13,839,871
711,780,871
963,1,871
978,793,871
985,978,872
615,619,872
656,217,876
89,55,879
959,645,879
528,370,880
524,33,880
46,503,883
475,923,883
68,384,884
796,874,884
454,339,884
145,981,886
925,164,887
734,567,887
865,894,890
369,968,893
863,419,894
916,448,895
499,123,896
498,661,896
257,260,897
836,933,897
495,216,897
969,485,897
986,841,898
788,156,900
350,388,901
60,854,901
621,12,902
874,409,903
269,580,904
552,140,905
431,937,905
495,154,906
829,963,907
274,72,907
382,151,908
304,55,910
632,832,911
945,749,911
574,678,912
230,293,913
179,518,916
385,986,918
552,368,918
669,883,919
681,937,919
890,597,919
903,849,920
954,775,920
641,302,921
746,805,921
285,887,922
979,692,922
218,366,922
78,706,923
126,998,924
614,934,924
947,506,926
256,717,928
313,999,930
379,586,930
726,276,930
596,375,931
102,870,931
842,666,932
518,616,933
413,344,934
672,285,934
8,39,935
383,822,935
603,76,936
844,588,936
605,992,937
695,758,943
295,399,946
454,530,947
86,219,947
577,221,948
920,230,949
830,807,950
5,498,952
601,134,953
469,51,953
60,717,954
222,175,955
350,573,955
913,712,956
279,49,957
876,7,957
882,742,959
112,704,960
937,92,963
669,98,964
81,112,967
682,514,967
169,683,969
309,983,969
56,815,970
379,371,971
297,607,971
899,639,972
268,551,973
416,645,975
463,761,976
948,520,976
671,309,977
609,601,979
714,653,979
40,205,979
363,94,979
242,79,980
121,84,981
996,952,981
476,737,982
234,943,983
389,592,983
419,692,984
430,825,985
265,499,985
676,492,985
614,150,986
501,23,986
965,175,987
691,823,987
203,573,991
864,190,991
753,132,991
552,878,993
628,905,993
676,958,993
960,644,994
984,860,997
288,502,997
248,171,999
