204,604,0
985,228,1
599,894,2
323,442,2
28,605,2
574,764,4
514,889,5
935,895,6
734,937,7
96,324,7
976,147,8
336,896,8
134,871,8
160,596,9
357,458,11
23,336,11
528,793,11
561,380,13
356,438,13
211,646,13
662,868,14
34,577,15
267,423,15
568,13,15
117,592,16
100,226,17
28,255,18
961,745,18
962,848,18
651,702,18
604,956,18
948,832,19
494,896,20
925,500,20
980,470,20
919,553,22
192,254,23
492,637,23
687,568,24
941,112,27
953,30,28
509,366,29
800,352,29
700,907,30
793,573,32
706,386,33
688,978,33
250,740,35
298,788,35
318,265,35
959,569,37
879,909,38
579,135,38
283,627,44
673,919,44
104,142,45
721,123,45
787,747,47
430,223,49
477,98,49
34,786,50
234,124,52
904,484,53
465,295,53
10,278,54
944,351,55
686,814,55
281,162,56
923,507,58
910,928,59
939,46,60
121,164,61
982,939,61
59,999,65
403,100,65
547,845,68
573,614,69
23,116,70
85,480,71
289,355,72
363,147,73
778,5,73
717,255,75
433,182,75
327,467,75
819,915,76
595,779,77
197,461,77
799,381,77
998,402,80
545,370,80
479,12,80
318,880,81
979,934,84
891,120,87
171,793,87
961,574,88
200,345,91
865,550,92
804,296,94
723,684,95
472,899,95
641,277,100
365,489,100
726,414,101
799,530,102
575,58,103
220,842,104
972,476,105
796,67,105
269,64,105
88,520,106
950,812,107
265,578,108
341,495,109
843,329,113
562,127,114
84,901,115
360,945,115
519,516,116
879,126,118
699,183,118
957,547,118
730,186,119
82,212,121
223,472,121
447,533,121
763,759,122
879,563,122
699,321,123
758,281,126
756,759,129
551,461,129
141,936,131
89,449,132
331,574,132
544,423,133
917,271,134
936,960,135
97,46,135
453,352,136
779,142,137
959,349,138
252,558,139
748,341,140
391,516,142
975,194,143
160,646,143
148,401,143
66,654,144
593,396,145
756,652,147
849,923,149
3,981,149
228,210,150
205,5,150
315,801,151
379,969,152
821,21,154
557,547,156
13,96,157
426,389,157
505,767,157
908,155,159
741,250,162
677,214,162
165,524,163
896,700,163
996,942,165
944,699,165
667,511,166
615,335,168
267,806,169
895,734,169
594,903,169
63,422,172
146,636,172
590,71,175
567,933,175
821,158,176
546,134,177
361,284,178
945,650,180
354,597,180
95,795,181
97,279,182
348,514,182
887,945,184
440,784,186
214,756,189
507,52,189
259,724,190
469,846,191
201,731,191
688,417,192
221,296,192
110,929,193
234,295,194
414,26,194
496,712,194
761,263,195
348,884,197
465,415,199
541,858,200
196,942,200
353,645,200
648,621,201
479,664,201
829,985,204
642,666,207
762,622,208
796,881,208
820,501,209
133,887,209
980,50,210
379,627,210
192,838,211
367,794,213
780,555,214
356,156,215
762,436,215
960,754,215
731,355,216
981,471,217
672,907,218
659,576,218
497,660,219
584,600,220
848,21,221
910,760,221
138,691,222
547,916,223
41,608,224
208,70,226
86,686,228
367,629,229
108,333,229
715,635,229
375,440,230
236,398,232
202,471,235
54,378,236
494,32,237
83,207,238
916,722,241
942,612,241
985,534,242
60,120,242
151,411,243
0,283,243
886,425,243
934,277,244
51,415,246
691,897,246
327,504,247
922,402,248
550,297,248
1,573,248
111,583,249
151,4,250
311,306,251
172,692,252
66,604,252
805,706,254
559,122,255
725,93,256
473,968,256
902,661,257
624,573,257
692,975,257
690,310,258
555,397,258
470,290,259
748,138,262
611,266,263
6,645,263
209,362,265
879,165,269
141,414,270
851,613,274
532,413,275
782,257,276
744,688,277
48,977,278
907,843,278
802,82,278
524,327,279
869,322,280
740,39,282
678,642,282
281,162,283
483,268,283
150,575,284
737,853,284
636,832,286
122,194,287
642,241,287
397,528,287
401,146,288
844,499,288
4,923,288
878,373,289
269,823,289
533,140,290
890,319,291
576,42,292
354,170,293
646,933,293
200,214,295
470,133,298
250,671,298
815,954,298
252,887,300
77,508,300
113,758,300
922,53,304
665,380,304
204,450,305
562,867,306
513,445,307
602,63,307
35,679,311
984,670,312
459,459,312
350,25,312
491,234,313
707,8,314
180,932,318
972,290,318
104,845,321
171,677,321
706,783,321
149,520,322
130,128,322
443,755,324
618,976,326
192,672,327
598,157,327
87,334,327
276,333,328
489,435,330
388,838,330
536,406,331
141,830,331
874,670,332
830,545,332
662,254,333
581,195,334
886,827,334
480,680,336
743,306,338
567,219,338
976,206,339
910,921,343
476,105,343
849,140,343
194,817,345
420,415,345
165,623,346
488,600,347
212,662,348
924,172,349
152,868,352
562,99,353
972,797,353
604,638,354
156,257,355
429,212,359
167,688,363
585,203,363
757,131,363
291,115,364
330,390,364
384,385,364
739,617,368
498,948,368
43,191,368
933,299,371
349,331,371
222,22,372
994,158,373
238,869,373
819,304,375
656,233,376
347,626,376
644,963,380
500,860,380
368,265,383
78,951,383
870,55,384
290,652,386
891,722,387
758,435,390
505,472,391
242,436,393
554,935,395
983,581,395
417,347,396
722,850,397
103,164,397
44,88,399
940,375,399
919,634,399
954,286,401
621,300,401
513,96,403
232,270,405
492,918,405
420,80,407
58,868,408
365,667,410
921,1,410
600,89,412
383,698,413
183,179,414
945,817,416
755,620,416
37,471,417
462,923,418
12,244,419
729,657,419
798,168,421
455,310,422
829,848,423
62,112,424
448,17,424
807,605,424
210,629,425
9,656,425
9,358,426
379,1,428
302,527,431
485,83,432
170,197,432
487,806,432
922,406,433
173,950,434
902,961,434
875,681,438
336,665,439
676,593,439
776,999,439
31,139,440
341,701,441
740,647,442
492,25,442
369,531,446
580,169,446
462,481,447
583,748,448
869,291,450
294,71,450
968,367,451
36,30,452
250,739,452
588,725,452
671,702,454
165,690,454
694,795,455
689,936,458
870,298,459
129,950,460
173,593,461
913,994,462
427,290,462
65,504,462
472,218,463
633,236,463
876,847,465
525,78,465
412,784,466
900,897,466
419,83,468
884,614,470
198,312,470
923,476,471
386,877,471
821,372,471
230,130,471
82,970,473
171,528,474
227,336,474
134,361,475
712,933,476
843,515,477
687,43,477
466,755,478
602,591,479
625,42,480
815,991,480
31,478,482
678,511,483
721,236,483
117,495,484
601,589,484
184,688,485
543,788,485
624,415,488
463,697,489
220,743,489
998,976,489
658,482,489
16,794,490
96,509,490
991,587,491
131,299,491
962,867,493
515,497,495
983,878,495
710,975,495
177,860,496
81,446,496
362,126,504
504,726,505
735,689,505
856,412,506
934,737,507
361,538,508
731,367,508
469,814,508
700,890,509
286,781,509
887,258,510
710,839,510
798,140,511
933,910,511
123,89,512
928,69,513
408,832,514
594,199,515
68,250,515
138,595,517
759,696,517
650,943,518
353,140,518
60,918,520
212,406,520
105,455,521
571,621,521
460,330,523
511,438,523
410,656,525
644,387,525
619,7,528
10,931,530
250,594,531
757,53,532
346,999,532
479,833,532
496,670,533
690,27,534
791,305,534
811,676,535
972,422,535
785,377,535
56,363,537
533,766,538
612,261,538
449,877,540
75,725,542
47,661,544
141,944,545
998,794,546
228,992,547
894,211,549
598,240,551
288,212,552
582,114,552
985,98,553
45,584,554
12,306,555
814,632,555
569,504,558
506,513,558
460,240,559
878,971,559
979,725,559
861,896,559
313,729,560
629,771,562
772,627,566
830,989,566
623,689,566
652,657,567
363,326,567
859,557,567
352,878,567
544,581,568
391,599,568
417,110,568
805,335,569
438,132,570
72,801,571
85,306,572
356,945,572
552,820,573
962,434,573
864,441,574
707,512,574
506,274,575
321,406,576
219,234,577
835,645,579
161,873,580
445,578,580
339,587,580
634,31,582
534,705,583
439,45,584
779,806,585
187,595,587
122,59,587
136,347,587
492,646,589
187,892,591
470,897,592
231,505,593
651,659,594
729,879,595
339,204,597
892,267,599
792,694,600
343,724,600
500,151,601
573,855,602
487,359,602
381,339,603
580,163,605
420,569,605
235,505,605
425,465,606
96,658,607
756,294,608
860,197,609
669,469,610
625,698,610
220,271,614
675,57,619
773,105,619
433,867,619
351,845,619
322,495,620
587,775,620
154,60,620
248,49,621
508,735,622
690,101,623
141,156,623
95,990,623
740,265,627
97,260,628
553,417,629
822,409,631
984,875,631
762,858,632
821,948,632
835,480,633
238,199,633
620,811,636
730,301,637
309,860,639
470,945,639
70,109,640
965,209,640
463,19,641
917,81,641
923,151,642
904,701,644
511,889,646
348,463,646
789,803,648
259,238,648
862,98,648
550,155,648
845,430,648
581,197,649
211,490,650
10,262,650
260,2,651
391,421,651
861,689,652
343,685,654
496,308,654
489,23,655
812,898,655
972,730,656
933,917,659
141,96,659
543,168,661
398,805,662
775,906,662
663,500,662
124,3,663
926,674,665
308,440,668
405,510,669
226,754,671
731,204,672
718,875,673
896,242,674
396,581,674
31,297,674
747,123,674
826,877,675
762,341,675
196,47,677
720,875,678
474,139,678
308,187,680
832,862,681
423,370,682
799,513,682
2,69,684
611,966,685
88,146,687
936,247,687
135,704,688
621,595,688
153,727,689
795,19,690
715,434,691
912,179,694
725,934,695
947,73,696
641,671,697
94,728,699
851,941,699
125,642,700
372,468,701
278,78,702
702,945,704
299,961,705
873,811,706
165,76,708
776,565,709
921,503,709
180,387,709
961,467,709
967,531,712
345,186,713
936,480,714
535,231,714
210,964,719
905,857,719
340,732,721
503,801,723
582,497,724
731,105,724
743,495,724
777,414,725
124,235,726
248,33,726
143,402,727
844,395,730
817,931,731
866,269,732
606,863,733
400,913,733
653,597,734
298,385,736
285,152,737
630,922,738
81,386,739
230,211,740
236,378,740
519,466,740
470,557,742
49,581,743
388,552,743
19,635,743
267,759,744
791,823,744
235,283,744
380,680,745
49,476,746
884,19,747
23,457,748
213,983,749
598,272,751
882,401,753
533,679,753
292,695,754
633,158,754
558,430,754
112,766,755
208,440,755
602,715,756
683,130,757
224,277,758
279,829,759
362,952,760
943,654,760
417,812,761
445,501,762
602,159,764
565,639,764
681,782,765
253,266,766
510,274,766
537,559,767
558,985,767
970,174,768
889,554,775
312,68,775
765,824,781
335,492,781
328,437,781
51,636,781
635,153,782
439,185,782
309,935,783
395,777,783
193,317,785
905,170,785
99,836,787
952,239,787
972,114,789
732,618,789
488,251,790
827,446,791
754,260,791
935,546,791
694,606,794
74,858,794
690,160,795
78,277,796
872,107,796
293,606,796
20,847,798
825,107,800
552,213,800
893,242,801
679,904,802
771,655,803
672,829,803
233,537,808
569,102,808
765,927,808
927,552,808
94,817,808
305,231,810
29,759,810
186,816,812
723,615,813
940,577,814
407,463,814
627,810,814
18,967,815
411,619,815
821,993,816
783,125,818
862,551,819
395,812,820
987,667,821
490,810,822
814,746,823
852,454,823
351,576,824
591,497,824
461,346,826
257,761,827
240,897,827
818,44,828
623,404,829
766,551,831
648,883,831
952,421,831
192,986,833
113,197,834
479,940,840
400,334,841
468,903,844
133,849,845
354,814,846
99,656,847
552,458,847
488,88,848
542,733,851
751,604,851
658,626,852
99,487,853
644,886,853
219,268,853
698,888,854
175,54,854
111,546,855
555,52,857
886,612,864
785,790,864
27,92,864
391,475,865
472,259,866
587,245,867
654,354,867
82,377,867
693,794,867
549,771,868
168,396,869
55,15,871
949,340,871
862,691,871
245,106,873
652,529,873
46,254,874
32,595,874
46,218,876
111,775,877
792,326,880
901,246,882
344,156,882
68,234,883
618,401,885
344,205,886
24,845,886
385,472,889
252,172,890
34,810,891
496,816,892
797,760,893
303,938,893
479,289,893
295,372,896
352,471,896
658,103,897
401,114,898
341,195,898
475,774,899
785,333,902
169,810,903
329,922,903
676,981,904
992,61,906
693,713,906
27,640,907
998,434,909
494,962,911
560,267,912
931,427,913
674,405,914
722,346,914
773,969,916
166,891,917
954,818,917
679,555,917
650,659,917
379,821,919
666,232,920
257,575,920
418,527,920
478,659,921
808,651,921
336,877,922
485,64,924
618,299,924
662,423,927
339,533,930
890,42,931
41,354,931
273,387,931
327,164,932
759,515,933
892,564,935
368,672,938
820,786,939
156,836,940
693,22,940
703,74,942
953,87,943
895,396,945
323,270,946
493,557,946
178,467,946
558,239,947
45,599,948
642,105,950
977,680,950
181,169,951
190,543,951
623,613,953
827,658,953
801,525,956
385,464,956
82,58,957
55,410,957
251,875,960
422,569,961
781,318,963
2,15,966
945,36,966
495,500,966
283,364,968
72,30,968
291,804,969
251,804,969
153,751,970
229,569,972
263,493,973
841,698,974
309,766,975
963,949,975
707,508,975
792,869,976
941,128,980
983,802,980
282,878,982
331,598,982
119,234,983
165,434,984
462,300,985
963,33,986
242,194,987
888,572,987
560,303,987
795,698,989
999,130,989
100,173,990
160,179,990
971,264,993
729,658,993
115,403,995
400,415,995
684,116,996
372,642,997
