665,214,0
155,91,5
664,741,9
904,791,12
988,180,15
817,391,18
24,202,22
177,336,24
792,942,27
176,211,32
391,581,35
375,174,40
317,797,43
327,448,49
969,679,52
114,765,55
820,239,59
432,444,62
266,634,66
41,583,69
910,799,73
744,34,76
121,479,82
345,887,85
155,776,89
440,662,94
580,555,96
488,783,100
536,235,103
682,399,108
763,883,109
742,854,114
499,888,120
673,31,124
508,897,129
175,298,133
309,537,136
148,366,138
330,742,143
641,770,147
377,641,150
734,112,154
328,221,160
145,592,164
496,329,169
287,962,175
504,716,180
467,547,185
664,329,188
229,563,193
953,516,199
771,653,201
688,480,204
103,162,208
542,789,210
268,493,215
96,801,217
323,258,221
155,916,224
103,622,228
305,302,233
694,385,235
941,682,239
587,318,242
370,276,246
383,768,249
121,38,250
701,344,254
214,831,260
919,773,262
908,350,268
821,765,270
984,34,272
839,191,277
132,835,281
383,877,285
993,881,293
567,307,298
229,973,302
682,251,307
685,246,314
274,693,319
273,365,323
708,61,327
910,549,331
