340,832,3
753,960,12
988,859,20
210,348,23
223,385,23
274,93,24
179,945,26
682,459,27
181,809,29
435,488,30
54,740,30
12,372,30
873,571,33
919,818,33
130,602,33
67,452,34
763,2,39
477,360,41
383,314,42
725,357,42
101,811,43
807,708,43
427,675,44
439,674,46
9,72,49
313,996,50
792,888,51
428,401,52
805,613,54
790,160,54
475,147,54
209,765,55
661,646,56
395,687,56
527,231,57
590,627,57
464,956,59
954,156,61
677,114,61
442,914,61
470,144,63
619,702,64
779,63,65
552,31,70
112,727,70
575,254,73
633,94,75
477,29,78
581,612,80
686,781,80
144,227,82
822,4,82
240,190,85
786,586,86
71,512,90
405,726,94
984,643,95
540,257,98
478,70,103
738,415,104
365,819,104
893,131,104
967,138,104
200,790,106
490,534,106
598,735,106
600,923,109
624,77,109
227,643,109
494,932,110
183,726,112
547,266,114
768,104,115
119,805,117
878,827,117
879,510,118
148,871,120
560,365,123
278,5,123
506,19,124
794,809,128
372,772,130
512,232,131
473,268,135
953,24,138
638,318,139
976,707,141
11,139,142
405,75,144
74,197,144
568,679,144
838,432,146
947,702,147
473,740,149
642,330,149
380,765,151
18,49,151
613,416,153
37,73,155
668,198,156
387,997,162
486,515,162
433,627,163
341,690,167
724,813,171
585,144,172
603,517,174
484,828,176
871,64,183
653,531,183
321,174,184
113,226,185
355,893,186
653,862,189
455,966,191
189,837,198
229,299,198
191,923,199
983,981,199
424,475,205
202,846,206
685,448,208
380,535,210
546,152,212
763,284,214
787,540,215
560,386,216
147,769,218
166,542,219
270,797,221
872,754,223
788,99,223
570,813,224
121,398,224
795,934,225
937,427,226
832,830,227
415,714,228
537,842,229
627,680,229
50,612,229
778,985,231
614,595,231
53,753,232
42,961,232
302,921,233
102,62,234
773,235,236
924,9,237
369,731,239
631,311,240
246,387,240
172,599,242
278,145,242
16,992,244
920,27,245
643,907,245
357,987,246
658,933,247
464,525,247
37,710,247
764,885,249
780,16,253
744,717,254
714,15,258
390,820,261
828,728,261
148,871,264
73,110,264
550,518,265
831,784,266
905,659,269
254,43,271
153,736,272
919,771,274
468,751,274
907,963,275
802,191,276
697,321,277
758,749,278
882,74,279
198,992,280
655,424,283
497,689,285
507,556,287
733,460,287
377,973,288
415,612,289
399,386,292
917,30,292
28,958,294
253,588,295
198,557,297
709,482,298
568,571,298
574,793,299
40,132,301
695,689,303
674,334,304
138,527,306
32,765,307
588,887,307
519,658,308
767,399,309
824,595,310
615,748,314
655,574,316
520,563,317
633,753,317
24,822,318
212,582,318
886,559,319
503,339,320
565,650,321
241,622,323
642,88,324
24,40,325
654,105,326
749,2,326
571,186,327
8,740,328
380,621,331
45,151,332
287,612,335
23,451,337
66,998,339
507,349,340
773,138,341
411,808,342
818,452,343
8,727,345
668,219,345
662,770,346
989,217,350
391,466,351
685,160,353
606,360,353
874,411,357
967,256,359
860,629,361
191,482,365
323,215,367
858,150,369
709,97,374
954,980,377
98,981,381
388,629,383
853,748,387
49,309,388
670,570,389
851,887,389
370,789,393
12,661,395
501,917,396
762,260,397
709,11,397
152,62,398
80,112,399
442,745,399
373,745,400
334,460,403
835,724,403
606,253,403
801,50,407
199,179,407
735,217,407
930,912,409
997,481,411
641,441,412
945,367,415
782,167,421
901,360,422
548,510,425
803,19,428
838,280,430
245,456,433
66,532,434
469,976,434
64,45,436
125,625,436
195,10,439
424,924,439
464,904,442
143,724,444
275,790,444
774,861,446
87,838,451
279,744,453
984,974,454
223,206,455
896,316,457
483,60,461
345,177,463
609,797,464
785,455,465
239,549,466
918,616,467
685,149,468
58,453,470
740,682,471
302,310,471
397,824,472
292,765,472
40,244,472
719,622,474
500,719,478
539,288,479
347,171,480
11,402,480
58,849,481
744,834,482
883,282,483
253,529,484
648,53,485
319,253,487
224,844,488
270,947,489
901,795,490
166,713,492
371,558,492
909,351,493
893,432,496
297,455,496
83,47,497
88,613,499
869,517,502
470,752,502
579,727,507
265,406,507
157,661,507
312,627,508
738,36,509
518,436,510
950,312,511
549,66,511
7,260,513
957,562,517
749,36,518
994,991,519
716,928,520
858,730,521
40,511,522
404,72,522
127,398,527
974,616,528
239,172,532
224,123,534
400,225,534
403,321,535
624,552,537
348,849,537
962,676,538
732,630,541
95,232,542
564,799,542
306,954,543
24,505,543
96,168,545
623,316,545
886,935,545
463,74,546
933,691,547
711,692,547
533,980,551
370,974,552
954,762,553
909,775,555
85,664,556
703,414,557
591,236,559
612,42,561
853,849,562
571,822,563
94,569,564
329,310,566
748,861,567
166,321,567
401,14,568
194,69,571
466,827,572
585,46,572
679,772,573
301,31,573
3,955,576
379,772,577
145,269,578
995,978,581
101,183,581
595,831,582
437,931,585
377,401,585
596,905,587
436,864,587
6,335,592
956,838,593
562,676,593
355,111,595
812,975,602
701,380,602
840,955,602
901,461,602
226,991,604
688,443,605
855,918,607
895,196,609
532,793,610
473,942,611
140,184,613
142,654,615
70,478,616
487,482,618
722,143,624
641,94,624
495,633,625
199,797,627
772,330,628
823,662,631
31,534,635
758,54,636
570,986,636
860,596,636
600,729,641
34,967,643
846,979,647
702,345,648
526,418,650
748,640,651
597,293,653
513,988,653
677,921,654
784,221,655
6,950,656
600,361,657
192,947,657
772,345,657
647,259,662
688,320,663
845,599,664
477,136,668
123,277,670
861,810,671
541,871,671
288,236,671
894,420,672
634,223,673
759,770,674
627,586,678
611,445,679
705,312,680
422,86,680
758,139,684
168,405,686
216,688,687
577,797,689
834,402,690
638,303,691
832,477,692
814,736,694
421,773,696
213,613,697
820,361,699
223,207,699
559,675,699
347,350,699
425,654,700
218,771,700
445,255,702
565,457,702
653,209,703
778,543,705
437,604,706
195,785,707
862,882,707
264,477,708
16,44,710
588,276,712
636,54,713
596,364,714
12,30,716
938,903,721
123,548,723
941,361,724
768,477,727
718,942,727
4,177,729
223,507,730
142,623,732
135,523,732
578,860,733
771,353,735
924,416,738
0,502,738
528,882,739
77,906,740
875,370,744
818,240,745
997,647,745
708,558,748
443,934,750
391,222,752
752,349,754
974,159,755
281,568,756
951,823,756
56,747,756
105,687,759
530,286,759
384,135,764
147,219,765
58,657,767
335,233,767
762,334,768
145,615,770
485,973,771
338,661,772
375,749,775
858,896,776
182,150,777
25,952,782
917,80,782
63,445,782
422,454,783
58,345,784
293,372,787
378,524,787
647,986,789
744,110,793
236,922,794
972,585,797
571,572,799
806,82,801
257,817,803
9,104,804
770,710,806
398,904,806
254,426,807
838,560,808
101,923,809
995,288,809
94,842,811
89,893,813
363,170,814
427,553,816
623,852,816
803,172,816
166,619,816
817,338,816
475,547,818
704,54,819
936,40,821
809,668,822
779,863,824
718,667,824
117,176,824
773,386,825
797,867,825
967,578,827
975,571,828
534,337,829
797,897,830
420,399,831
3,382,835
307,27,835
804,565,835
521,39,836
289,813,837
473,960,838
131,967,838
681,731,838
214,471,840
619,815,842
989,340,843
933,650,843
859,502,843
82,955,845
486,666,846
858,885,849
83,459,852
456,488,855
523,950,855
250,531,857
726,922,857
341,444,858
70,705,859
965,431,861
30,679,862
782,124,863
963,436,864
56,384,864
30,275,867
544,629,868
296,952,869
274,160,870
0,129,873
570,469,874
742,13,876
440,618,877
994,357,878
669,160,878
978,541,879
59,287,880
889,651,880
350,450,882
338,726,882
641,893,883
970,690,887
10,928,888
298,76,890
170,457,892
300,726,893
979,552,894
806,395,895
546,154,896
451,698,897
358,841,898
147,793,898
29,670,899
495,387,900
190,960,902
508,367,903
999,221,904
682,93,906
800,909,906
317,249,907
346,261,912
924,899,913
82,584,916
479,976,916
784,687,916
20,992,919
536,217,925
363,299,926
644,629,926
916,261,927
456,993,929
419,646,929
78,332,930
27,707,931
725,541,931
333,998,934
75,729,936
414,510,937
653,289,938
850,107,938
178,405,939
980,10,939
967,766,939
249,550,941
389,295,941
70,558,942
667,771,943
499,740,943
131,644,947
763,612,949
343,508,949
993,587,951
972,67,951
784,341,954
915,846,956
79,953,963
311,560,968
827,414,968
58,519,971
195,315,973
530,796,973
723,741,977
634,669,977
775,165,979
437,511,980
249,63,981
759,588,984
839,386,990
682,243,990
999,851,993
516,317,996
911,550,997
832,328,997
824,732,997
604,537,998
170,895,999
977,167,1
103,67,5
587,811,5
312,616,7
383,853,10
921,427,11
291,817,11
59,550,11
378,653,13
112,213,14
46,636,14
398,971,14
335,806,14
606,622,16
117,666,18
997,566,19
101,688,19
432,403,19
375,272,20
531,200,20
548,375,21
383,440,21
518,894,22
593,20,22
631,685,22
196,63,28
649,993,30
242,145,30
346,127,32
36,351,36
993,679,38
452,754,39
475,689,46
916,801,48
365,545,48
593,560,48
167,862,53
149,772,55
18,356,55
741,385,58
88,294,58
30,226,61
754,231,62
675,46,64
321,774,65
918,242,66
330,78,67
279,879,67
896,169,70
466,932,75
744,975,76
348,145,80
234,905,81
867,840,83
327,943,86
516,134,87
700,916,88
845,381,88
290,859,89
919,645,92
509,714,94
40,188,94
923,743,94
437,482,95
523,552,99
686,655,100
564,423,100
578,821,100
842,133,101
864,540,106
719,968,109
57,591,109
902,228,112
703,690,115
565,856,115
264,876,118
513,289,120
250,50,121
981,860,123
282,884,125
390,749,125
508,32,127
560,318,127
295,262,127
912,573,128
21,275,129
647,470,134
518,240,135
150,786,136
75,879,136
401,91,139
649,622,141
534,140,141
679,668,141
656,782,142
940,956,143
458,35,146
487,228,148
1,505,148
884,181,149
306,912,150
425,952,150
767,176,156
316,61,157
69,317,158
589,307,158
306,220,159
665,148,159
668,720,160
496,71,163
986,483,165
868,251,168
807,118,168
911,792,169
357,818,170
177,634,170
4,625,170
606,822,173
879,541,175
762,962,176
784,381,178
976,829,181
769,414,181
105,898,182
609,833,182
19,179,182
677,15,187
182,780,187
964,991,188
320,551,189
353,165,191
427,709,192
365,585,192
493,981,193
946,854,196
385,409,198
901,378,199
926,929,201
647,820,203
447,153,206
695,917,213
574,901,214
140,433,215
508,868,217
897,297,219
529,229,220
740,249,222
997,313,226
348,139,226
36,407,228
465,48,230
357,605,233
542,551,233
779,558,235
472,560,235
268,103,236
290,397,239
808,335,240
33,445,242
95,302,245
936,953,245
340,568,246
850,162,247
570,17,248
186,229,248
940,47,249
738,280,249
45,50,250
67,395,251
434,631,252
279,856,252
486,584,254
919,789,254
11,84,258
37,57,259
939,204,261
77,648,263
686,259,263
608,875,264
138,744,266
715,144,267
896,31,267
980,610,271
352,759,273
683,988,275
105,787,279
981,154,282
212,741,282
536,388,284
384,751,284
517,542,288
24,89,290
734,313,290
761,320,290
807,601,296
866,449,298
337,510,300
290,841,301
567,598,307
784,782,307
903,80,313
713,555,313
369,589,313
148,27,314
441,195,315
669,731,315
523,212,316
128,6,317
367,833,317
528,206,317
789,941,319
55,771,322
315,847,322
871,383,322
193,934,322
609,90,322
807,987,322
194,505,323
146,822,324
676,379,325
819,500,329
92,139,329
367,834,329
338,610,330
522,399,331
437,606,332
475,691,332
833,826,335
700,932,337
752,670,337
437,832,337
390,833,338
528,513,341
593,510,342
336,80,346
41,101,349
341,233,351
839,34,353
230,695,354
70,22,354
203,962,354
653,753,355
995,450,355
596,881,356
900,446,357
49,553,358
206,224,361
889,979,362
527,547,362
770,90,363
46,836,363
210,613,364
362,553,365
756,314,366
883,387,367
211,156,369
901,715,370
965,434,375
867,102,377
543,510,377
898,602,378
734,389,380
354,871,383
702,979,383
107,937,387
838,101,395
697,638,396
369,985,397
553,525,399
979,88,399
165,514,400
858,943,400
881,514,401
208,977,401
281,964,404
349,875,405
836,906,407
702,576,409
107,414,410
354,782,413
669,468,413
221,695,414
466,761,416
484,423,416
147,834,417
822,42,417
532,339,418
209,237,418
854,918,418
331,485,420
881,246,422
339,368,423
626,355,424
290,301,425
658,284,426
268,975,428
806,941,428
962,890,429
712,552,429
877,694,434
118,138,436
581,486,437
606,602,438
583,35,440
470,468,441
654,995,441
299,637,442
308,217,443
874,552,445
317,33,446
663,972,446
148,367,447
918,225,448
825,493,450
55,468,450
176,61,450
416,477,452
708,846,454
773,628,459
539,881,461
329,369,461
834,764,464
997,923,464
87,338,465
943,717,466
968,293,467
323,238,469
801,117,469
181,291,474
694,181,476
657,748,478
429,451,478
787,29,480
926,853,481
825,492,482
167,739,484
792,433,486
16,783,489
58,715,490
977,868,491
46,698,492
489,622,494
599,676,495
177,304,501
522,735,501
984,284,502
231,380,504
528,215,504
221,159,505
363,685,506
191,439,506
539,207,507
261,744,511
539,115,515
269,788,517
687,230,519
532,321,519
762,22,524
703,79,526
640,145,526
811,506,527
814,55,528
255,897,529
54,168,529
999,248,530
110,713,531
463,345,531
435,83,533
965,455,534
685,137,536
535,191,537
16,345,539
332,997,539
899,696,540
970,979,540
403,871,546
965,767,546
650,955,548
470,914,549
96,392,549
616,199,550
778,656,553
950,701,553
454,198,554
662,434,556
343,752,558
486,557,558
63,944,560
744,237,560
665,541,561
633,42,562
883,68,565
273,691,566
12,376,567
309,361,567
102,238,569
971,166,571
721,319,573
255,140,573
368,640,573
17,106,575
952,93,576
69,892,577
80,874,577
217,325,581
365,519,582
33,414,584
732,942,586
118,627,591
455,734,592
554,309,593
315,544,594
248,812,594
545,612,594
967,930,596
935,9,596
631,138,598
345,760,598
911,547,599
837,548,601
533,421,601
848,752,602
919,774,607
163,80,608
228,353,610
37,710,610
775,259,613
225,299,616
255,375,617
792,804,618
687,203,620
793,484,622
827,484,623
634,175,623
494,210,624
826,585,625
52,436,625
805,963,628
818,84,628
582,179,629
768,653,631
901,12,632
556,782,634
989,947,638
265,438,640
672,442,640
942,791,642
58,93,642
681,581,642
691,984,643
190,623,644
429,622,647
129,391,653
726,782,653
393,203,654
572,455,654
592,500,660
271,208,660
992,980,662
712,471,662
972,421,664
107,349,665
931,300,667
896,280,667
991,19,668
512,671,668
524,783,668
648,988,669
395,26,670
223,259,671
376,462,671
84,446,672
453,848,673
880,470,677
389,983,677
273,626,677
824,522,677
424,448,680
111,550,680
563,633,681
620,765,681
374,774,683
584,116,684
617,429,686
707,942,687
727,941,688
97,793,688
638,547,692
175,892,692
737,531,693
176,102,693
798,470,695
743,90,698
488,335,699
513,19,702
694,268,705
323,925,708
485,112,709
488,447,718
140,347,720
520,870,721
473,809,721
834,765,722
808,764,731
463,601,733
504,586,736
684,524,736
297,806,741
387,181,741
891,256,743
229,709,746
367,394,747
553,826,748
337,514,751
3,666,752
442,710,752
223,843,753
189,828,755
450,57,756
210,317,758
875,729,759
605,861,759
416,904,761
998,436,762
821,91,763
349,870,765
328,934,765
864,964,765
526,744,767
1,559,768
195,292,768
34,13,768
756,603,769
253,917,771
475,847,772
316,283,776
471,995,780
427,296,782
413,667,782
170,515,784
858,973,784
772,828,785
226,821,791
258,837,792
312,591,793
474,600,794
531,796,794
339,106,796
482,913,796
727,518,796
931,926,797
440,102,797
388,242,799
701,344,799
247,642,801
308,306,801
706,181,801
824,814,801
571,52,801
293,227,804
631,381,804
302,397,806
968,112,806
608,686,807
786,259,808
389,522,809
511,39,810
394,932,811
827,224,812
898,807,812
386,738,818
443,614,818
937,690,818
292,993,818
462,790,821
734,335,824
19,923,825
281,584,829
885,653,832
306,837,832
43,288,832
70,819,833
630,227,838
878,780,838
838,676,841
661,308,844
262,792,847
639,126,849
962,345,849
243,471,850
631,956,853
737,525,854
162,848,857
243,557,857
625,342,857
919,494,858
369,199,859
103,166,860
855,710,861
294,921,861
174,231,864
358,831,864
434,972,865
864,312,867
213,589,869
364,219,870
196,532,870
42,311,872
113,819,873
996,437,874
731,811,875
924,489,876
673,108,878
312,836,882
204,765,883
389,442,883
343,76,884
596,501,885
513,345,889
962,189,890
743,737,892
918,27,894
214,608,896
61,996,897
236,908,898
376,431,898
948,524,899
872,595,901
466,844,904
739,883,906
850,631,906
661,532,907
725,346,909
804,267,913
773,117,918
943,414,920
553,590,920
396,620,922
20,171,923
123,736,926
281,849,929
537,855,930
918,324,934
407,318,936
284,606,939
357,820,940
871,690,942
122,661,943
240,502,948
910,695,948
880,328,951
421,38,951
727,555,952
530,389,953
423,722,954
18,933,957
237,847,959
187,776,960
269,68,960
354,540,961
661,481,965
60,798,965
613,451,967
143,319,972
584,898,975
687,184,977
991,0,978
166,887,980
915,936,981
576,910,985
238,515,985
355,267,987
599,468,989
90,755,992
55,324,993
577,853,993
86,270,995
892,769,997
310,862,998
566,459,999
