973,313,1
90,364,2
570,733,3
114,287,3
108,276,3
68,956,3
462,183,3
323,817,4
703,296,5
652,643,5
515,783,9
263,475,9
75,675,10
953,571,10
448,994,10
786,291,11
272,130,11
70,106,12
838,407,12
635,710,12
419,584,14
101,212,14
912,257,15
820,673,15
970,193,16
574,694,17
944,823,20
423,88,21
979,780,22
766,560,24
484,695,25
177,619,28
458,562,29
426,135,29
974,666,30
343,784,31
736,641,33
214,774,33
642,111,33
474,399,34
819,960,35
398,342,35
666,291,36
74,197,37
126,935,38
67,735,39
309,5,39
950,969,39
339,57,40
773,969,41
358,794,42
501,906,43
227,788,44
403,98,44
316,414,45
716,203,45
710,813,46
87,407,47
166,629,48
16,769,48
662,186,49
493,435,49
709,426,50
488,906,51
688,175,51
940,762,51
848,313,51
455,577,53
131,940,55
554,22,56
2,746,57
167,809,57
865,534,57
749,7,57
871,774,58
289,951,58
671,677,59
160,42,60
194,78,61
447,196,61
330,86,62
540,248,65
85,87,65
545,527,65
5,479,66
993,213,67
661,857,67
536,184,68
509,783,70
914,842,72
102,277,73
649,505,73
906,757,74
712,977,75
126,674,76
993,139,76
33,313,76
796,580,77
560,95,77
333,406,80
475,644,80
438,603,82
83,766,83
796,249,83
939,973,83
531,622,84
652,620,85
976,674,87
648,767,88
788,224,88
40,178,89
610,559,92
573,839,93
552,486,94
848,578,97
41,531,97
526,541,97
928,470,97
212,709,98
578,527,99
671,201,100
342,952,103
474,121,106
832,947,106
796,11,107
765,373,108
594,225,110
238,651,112
497,50,112
188,841,112
540,691,113
854,335,114
406,385,115
94,974,115
541,62,115
451,861,116
307,148,118
927,220,120
840,650,121
860,495,125
692,515,125
550,532,126
384,809,127
949,201,127
50,838,128
192,724,129
504,940,130
274,698,131
510,703,131
221,595,131
909,183,132
382,46,133
54,230,133
693,57,133
579,952,134
156,666,136
563,451,139
251,293,139
689,56,140
439,310,141
757,142,142
315,531,144
530,168,145
675,439,145
245,27,146
778,7,146
51,385,149
812,618,149
556,803,149
480,96,150
350,683,150
274,973,152
0,137,153
750,773,157
693,941,161
486,648,161
448,683,163
427,866,164
946,113,166
585,82,168
355,409,169
464,577,169
369,727,170
938,904,171
121,804,171
718,811,174
525,876,176
204,319,178
631,705,178
887,421,179
984,19,179
894,676,184
853,570,186
724,194,187
970,907,187
145,154,187
725,594,190
712,620,191
645,423,192
768,333,192
987,828,194
261,602,195
482,464,196
860,588,197
206,316,197
280,144,197
585,484,198
46,946,199
227,900,200
673,614,201
6,801,201
776,595,202
446,136,204
110,31,209
470,689,209
834,113,211
161,265,211
530,121,213
660,777,213
281,376,216
65,250,216
96,464,216
699,50,216
63,314,217
131,773,218
285,544,219
644,367,220
651,68,221
561,468,221
215,412,221
146,455,222
945,290,223
835,984,224
799,557,226
170,281,227
943,662,228
800,756,230
75,68,231
807,969,233
999,34,233
590,409,235
561,538,236
693,601,236
344,479,237
119,167,238
86,954,239
866,987,240
276,403,240
536,285,241
742,895,241
342,3,241
662,688,243
326,915,243
703,671,243
722,535,244
361,157,244
638,602,245
762,59,245
604,615,245
102,442,245
7,443,245
175,127,248
532,923,248
870,530,248
890,80,250
70,576,252
310,225,253
53,314,253
217,242,253
678,441,254
9,93,254
413,631,256
888,697,256
929,605,256
938,140,260
962,170,261
144,979,262
674,592,262
815,31,263
812,482,265
271,883,267
555,187,267
265,298,267
559,156,268
878,483,269
424,858,271
337,129,274
785,146,278
2,236,278
105,56,278
475,722,279
99,528,280
288,613,280
173,725,281
938,458,281
296,564,281
118,361,281
687,356,282
293,503,283
411,513,284
565,860,287
324,240,288
779,766,289
304,58,289
464,604,289
155,277,289
785,174,293
268,993,293
575,153,293
990,218,294
92,559,294
429,7,296
502,107,298
694,120,300
82,917,301
420,854,301
454,190,301
669,957,303
131,585,304
456,406,305
169,24,307
565,686,307
246,932,308
132,745,309
987,747,309
583,165,310
754,886,312
831,578,313
540,913,314
346,957,314
673,896,315
529,585,316
602,976,318
329,30,321
207,463,322
310,811,327
221,371,328
453,382,328
257,462,328
168,496,329
960,549,329
713,242,329
758,149,329
474,373,329
590,327,330
350,575,330
400,997,332
752,461,333
991,28,335
839,232,336
947,961,337
412,495,338
389,709,339
903,416,341
618,729,344
792,825,345
857,878,346
258,449,346
22,967,346
120,1,348
247,717,348
284,751,349
45,134,349
817,682,349
928,204,351
868,580,352
242,881,352
323,398,353
387,154,356
706,805,356
339,755,356
611,60,356
538,625,359
674,198,362
443,634,363
773,420,365
841,414,365
653,267,365
193,948,365
530,731,366
753,402,367
245,226,368
60,89,369
401,666,370
304,222,370
293,679,371
660,493,372
225,755,372
857,171,372
174,818,373
475,760,376
655,605,376
91,225,377
737,651,377
420,952,378
624,262,381
142,125,384
2,319,389
633,937,389
478,928,389
709,315,389
677,164,391
424,545,391
974,864,393
941,119,394
13,863,394
296,964,394
747,135,395
793,655,395
6,34,395
761,796,395
519,359,398
961,916,399
943,116,402
963,969,402
794,884,403
817,167,404
759,528,405
238,343,406
834,241,407
104,522,407
705,963,407
106,437,408
108,756,410
148,140,414
902,389,415
748,322,415
643,64,415
603,393,416
173,502,416
24,786,418
108,20,418
544,390,418
938,958,418
318,603,420
312,439,421
104,56,422
802,69,422
416,154,422
554,83,424
335,776,424
111,738,425
697,191,425
556,221,426
539,868,430
10,183,431
586,5,433
131,758,434
694,575,437
902,773,437
267,353,437
523,823,437
69,626,439
695,950,440
739,424,443
153,213,444
170,317,444
683,39,445
157,435,445
263,430,447
923,138,447
736,710,447
55,390,447
280,308,448
33,669,448
958,417,448
992,395,449
269,743,450
866,865,450
999,956,451
865,679,451
134,46,454
75,731,454
211,820,455
171,820,455
536,621,457
893,391,459
286,283,460
220,656,465
728,736,465
305,57,466
649,111,466
991,644,466
205,924,468
995,397,468
203,924,470
88,88,470
739,424,471
414,794,472
818,594,472
378,527,473
847,162,474
475,95,475
873,206,475
952,630,476
969,957,477
369,927,477
969,231,479
295,741,479
188,514,482
682,300,482
345,271,483
645,550,484
520,188,484
300,443,484
218,471,485
654,813,486
966,641,488
270,767,489
858,576,489
676,649,489
23,856,489
962,611,492
427,544,493
874,568,493
28,389,493
67,371,493
687,795,495
729,43,496
643,316,497
786,935,498
805,25,498
95,230,498
329,105,498
513,283,498
436,206,502
932,796,503
839,187,504
180,955,504
876,886,505
66,766,505
730,28,505
558,779,505
93,348,506
926,452,508
911,817,508
314,283,509
537,654,510
430,215,511
77,238,512
500,45,513
631,787,513
614,319,514
643,530,515
913,425,516
157,989,516
181,741,519
205,946,519
538,243,520
488,596,520
953,388,523
103,799,523
288,645,524
918,873,524
475,857,524
892,468,527
246,99,528
930,212,528
69,417,528
789,553,528
355,147,529
101,872,529
950,349,529
309,353,530
963,348,532
380,621,532
45,34,532
598,478,534
742,260,535
964,84,535
127,427,536
446,143,537
968,932,537
581,385,537
84,702,538
173,88,540
706,40,540
296,839,541
256,575,542
224,784,542
773,909,546
341,4,549
770,202,549
446,241,550
50,21,550
272,732,552
591,132,553
386,296,554
522,229,559
565,859,560
813,507,561
712,957,561
623,413,563
757,703,564
803,702,566
674,756,570
535,314,570
732,278,570
797,129,571
138,46,571
616,582,572
486,702,574
513,728,574
774,636,576
312,395,576
653,45,578
643,437,579
10,118,580
40,760,581
654,549,581
4,439,582
551,238,585
240,717,586
765,677,587
733,4,587
81,567,587
988,258,587
619,104,587
276,891,587
168,389,589
332,805,590
579,280,591
523,608,591
523,179,592
683,843,595
670,517,595
909,944,597
634,985,598
281,538,600
438,751,601
319,893,601
924,768,603
527,963,603
478,778,604
909,720,607
226,674,608
77,180,609
122,388,612
817,458,613
293,811,614
851,580,615
329,871,616
531,801,616
630,909,617
450,843,619
721,40,619
248,697,619
120,399,620
548,516,622
866,382,622
403,260,622
60,792,622
940,272,623
470,105,624
959,644,625
485,72,625
89,961,626
373,47,628
398,48,629
650,483,629
310,535,629
606,976,630
598,677,630
747,687,630
260,35,630
841,597,631
801,778,632
868,500,632
118,584,633
853,267,634
196,652,636
497,687,636
729,918,637
570,522,638
758,633,640
820,490,640
6,109,641
679,609,641
851,99,641
520,741,642
911,665,645
519,30,645
446,139,645
530,270,645
101,197,646
644,981,646
723,790,647
160,309,647
425,45,648
537,695,648
992,913,649
285,716,649
904,698,653
490,840,655
270,529,657
48,627,657
226,36,658
151,226,658
624,389,660
461,830,660
413,163,663
558,997,664
856,348,664
622,814,664
1,139,665
307,426,666
108,937,668
496,997,668
299,477,668
812,249,670
114,202,670
562,523,672
875,307,675
692,54,675
155,267,676
491,216,679
410,920,681
836,672,682
172,179,682
505,144,684
988,70,684
832,175,684
63,793,686
802,17,688
209,194,689
677,633,690
768,96,690
998,894,690
905,557,691
76,478,692
557,52,694
13,723,694
425,824,695
798,917,696
446,528,698
604,459,698
352,788,698
702,436,699
532,901,703
98,103,704
334,862,704
697,795,705
656,918,705
958,138,708
702,232,709
250,949,709
397,803,709
469,142,711
304,418,712
809,219,713
296,737,713
3,796,714
208,64,720
516,641,720
354,30,721
3,943,723
8,298,724
464,80,724
401,351,724
784,213,725
666,394,726
17,986,726
742,241,730
964,577,730
595,20,731
168,875,732
460,337,733
449,638,735
870,734,736
712,574,736
455,793,739
192,747,739
833,654,740
834,354,743
69,874,743
702,603,744
698,86,744
39,403,744
553,677,745
71,820,746
28,993,748
718,889,749
298,505,751
132,414,753
760,939,754
155,254,755
121,628,756
405,711,756
544,485,757
345,181,758
427,401,759
646,335,760
434,696,761
698,507,761
367,290,762
353,641,763
407,126,763
96,409,765
533,375,766
53,554,767
544,234,768
437,730,770
605,123,770
648,29,772
688,270,775
258,590,776
753,208,776
440,43,777
543,136,781
903,949,781
70,322,782
839,370,783
647,380,783
963,70,785
839,407,786
30,351,787
165,902,787
67,115,788
730,510,789
400,929,790
89,882,792
610,50,792
745,967,794
741,255,794
966,28,794
76,559,794
217,439,796
708,90,797
713,94,797
274,49,797
863,485,798
657,957,798
68,403,799
177,286,799
206,728,800
190,170,803
842,781,803
169,283,804
635,90,805
325,22,806
287,856,806
315,396,806
910,671,809
669,599,810
362,946,810
620,258,815
324,14,819
426,925,819
43,751,820
754,402,821
535,829,823
263,546,825
897,914,827
626,480,829
749,461,830
177,393,832
738,726,833
182,965,834
492,405,835
206,999,836
442,305,839
910,689,839
559,743,842
212,926,844
829,976,848
539,7,848
824,260,849
20,292,852
964,481,854
300,330,854
269,287,855
857,535,855
764,431,855
20,562,856
703,453,858
738,371,860
709,102,861
863,691,861
305,772,862
359,500,865
857,295,866
114,399,866
864,910,866
775,590,866
638,88,866
817,662,867
862,809,868
950,839,869
337,793,872
719,203,873
329,28,875
506,12,875
15,698,876
82,817,877
804,929,879
885,345,879
91,414,880
119,89,881
687,89,881
425,402,882
962,285,882
257,918,883
658,588,884
708,534,885
131,106,885
510,341,886
369,569,889
366,380,889
17,229,892
338,209,893
100,425,893
997,578,897
760,113,898
523,69,900
995,558,900
152,759,900
762,863,901
409,541,902
754,52,902
677,279,903
5,53,905
209,267,905
190,310,906
246,597,906
521,217,907
922,608,907
956,438,908
44,868,908
821,175,909
152,927,911
38,544,912
670,967,917
922,548,917
101,597,919
181,848,920
738,834,921
897,764,925
502,477,926
204,840,926
836,506,928
714,184,928
973,393,929
669,912,929
154,220,930
239,260,931
416,704,931
572,52,931
641,967,932
94,586,932
721,187,932
627,166,933
522,600,933
108,173,933
399,706,934
701,947,934
612,654,935
29,996,935
900,760,936
757,140,936
919,746,937
871,87,939
942,450,940
133,275,940
502,644,942
784,402,943
498,931,945
756,887,945
211,100,946
945,32,950
219,868,955
289,28,956
571,118,956
206,277,957
468,92,959
43,894,960
747,983,961
810,420,962
198,226,963
250,882,966
607,356,968
538,778,968
86,17,968
137,780,971
20,894,971
708,89,971
485,268,972
904,794,974
954,303,975
413,250,976
969,865,977
220,76,977
150,420,977
383,246,978
882,199,978
31,12,978
76,360,982
206,823,983
175,34,983
989,735,984
932,283,985
732,368,985
68,743,986
995,977,987
421,866,987
219,642,987
947,333,988
433,657,989
628,331,990
937,209,990
514,72,991
850,766,991
246,116,991
649,729,994
327,916,994
696,614,996
762,997,997
764,409,997
254,397,998
838,461,998
613,352,1
482,677,3
846,651,4
308,956,5
637,973,8
359,703,10
603,544,11
920,863,12
298,530,12
664,864,13
287,49,13
480,481,14
158,0,14
715,825,14
306,143,14
341,827,15
316,994,20
197,141,23
337,420,24
221,833,25
130,174,26
854,986,27
152,176,28
249,538,28
723,798,29
201,506,29
344,493,31
102,443,31
21,628,32
843,686,32
948,468,34
861,291,35
120,950,36
560,695,37
841,859,38
605,572,39
67,831,40
483,487,40
57,601,42
251,558,43
419,623,43
120,341,44
508,867,46
200,866,47
478,834,48
12,935,48
91,193,48
642,382,49
548,355,51
779,343,51
526,550,51
749,741,51
94,959,51
351,70,53
126,60,53
239,631,53
507,968,54
434,415,54
326,332,55
172,926,55
401,711,56
672,488,57
831,811,58
241,415,58
9,247,58
145,675,58
832,985,61
324,353,61
671,684,62
794,219,62
61,15,62
24,384,62
237,377,63
723,401,63
636,348,65
787,374,66
210,800,67
280,404,69
280,666,69
4,527,70
333,879,70
110,495,72
918,822,73
922,93,76
408,769,79
624,124,79
838,53,80
749,470,80
336,420,80
562,206,82
794,929,84
258,619,84
544,693,86
502,681,86
168,612,88
594,644,88
704,215,88
54,912,90
973,69,90
274,495,91
195,588,92
929,695,92
346,228,93
189,401,94
880,95,95
520,953,95
884,275,95
658,289,95
572,217,96
236,277,96
179,998,97
21,328,97
520,812,98
467,342,99
678,14,99
398,596,100
470,48,101
900,13,103
808,775,103
922,156,106
344,905,106
845,85,107
971,280,110
210,933,110
228,125,111
253,289,114
765,866,115
289,46,115
530,193,116
171,938,121
808,16,121
90,880,122
25,575,122
556,578,122
191,883,123
344,106,123
264,553,123
415,685,126
828,296,126
948,829,127
835,65,128
248,916,129
969,125,130
872,343,130
894,621,132
995,962,134
508,994,135
759,851,136
325,430,140
371,194,142
835,822,142
192,914,144
965,773,145
525,676,148
254,711,152
214,635,152
216,759,153
446,909,155
603,614,155
550,677,158
552,99,158
877,119,161
66,437,162
681,374,162
20,545,163
769,298,166
315,742,167
456,663,169
360,326,169
236,161,169
290,735,170
523,57,170
612,334,170
36,941,170
276,856,170
771,36,171
451,154,172
528,861,172
901,817,174
484,229,174
662,417,177
849,431,177
77,583,178
312,707,178
222,251,178
262,298,179
191,758,179
9,612,179
571,566,181
26,406,181
769,557,183
596,632,184
494,115,186
4,116,186
54,48,187
208,657,188
218,328,190
296,876,191
446,514,191
991,689,192
511,112,192
578,616,193
393,54,194
894,293,194
875,779,195
605,802,195
982,781,196
828,178,196
514,237,196
712,131,196
683,664,197
75,673,199
655,773,200
885,965,202
859,371,203
715,469,204
45,877,204
338,282,205
994,153,207
35,872,208
616,928,210
637,512,210
23,119,210
979,774,213
440,611,214
160,786,215
841,948,219
721,714,220
479,210,220
384,833,220
490,382,220
175,197,222
403,938,222
497,103,222
106,576,223
414,306,223
681,750,225
598,902,225
358,938,226
164,687,227
260,304,228
169,28,229
29,967,229
411,337,231
125,736,231
591,131,233
135,636,233
104,484,234
445,506,237
242,194,238
315,942,238
813,259,239
573,222,239
981,599,240
654,610,241
942,508,243
359,469,244
21,874,246
964,733,246
232,83,246
851,84,247
236,203,247
247,115,247
226,388,249
573,504,250
461,538,250
79,987,252
83,620,252
28,160,252
253,370,253
520,715,253
846,849,254
400,125,254
971,706,256
475,49,256
92,788,256
506,126,257
201,267,257
271,447,257
806,180,258
35,510,258
382,797,259
214,885,259
796,599,260
549,960,260
657,418,262
124,9,263
812,824,264
960,809,267
891,49,267
813,976,267
342,932,268
331,825,269
88,639,270
927,762,271
606,250,271
827,499,273
744,504,273
438,109,273
35,219,273
282,717,274
830,382,276
458,872,276
662,886,277
36,665,279
715,812,279
91,21,280
257,440,281
620,772,281
622,851,281
772,671,284
876,797,287
285,514,288
495,330,289
10,694,290
254,371,291
658,483,292
336,486,293
710,702,293
64,797,293
746,874,293
941,471,294
564,320,296
511,506,297
634,170,297
916,919,299
275,682,300
496,374,300
128,4,303
180,171,303
582,785,304
352,633,304
95,402,305
780,509,307
714,471,307
216,564,307
882,935,308
80,556,309
997,382,309
459,462,309
412,474,310
198,81,310
894,907,310
589,812,310
958,479,311
421,9,314
667,975,314
590,460,315
971,392,318
2,123,319
514,383,321
429,892,321
718,694,322
320,459,322
991,889,322
932,836,322
240,146,323
449,599,323
986,567,325
630,294,327
801,285,329
92,99,329
940,314,330
886,38,331
901,322,333
537,52,333
78,51,334
729,215,334
505,9,334
515,215,334
412,839,334
811,106,336
632,965,338
565,709,339
359,893,339
512,200,340
354,721,340
707,922,342
397,247,344
21,48,346
561,721,348
213,362,348
843,862,349
154,352,349
687,193,350
210,910,351
772,509,352
897,300,353
856,951,355
36,94,355
975,577,357
850,894,357
972,662,357
331,394,357
326,291,358
216,393,358
872,301,358
91,171,358
822,105,359
725,584,362
45,317,363
591,273,363
165,514,364
43,455,366
234,8,367
155,668,367
699,359,368
716,867,369
50,512,369
681,334,370
642,347,373
659,817,373
513,494,375
870,59,377
597,371,377
595,445,377
605,47,377
223,884,379
108,709,383
741,818,384
380,779,385
39,855,385
13,347,386
442,128,386
569,348,388
70,770,389
636,912,389
840,447,390
780,119,390
237,788,392
35,114,393
906,288,394
231,768,395
34,483,397
441,623,397
961,402,398
382,770,399
343,576,400
844,427,401
926,282,403
776,78,405
222,425,407
125,940,408
915,174,410
645,73,413
761,291,414
290,959,414
431,676,414
165,514,414
569,919,417
52,469,419
631,115,420
619,537,421
255,240,421
868,76,427
736,929,427
7,573,428
188,35,429
90,442,429
570,728,432
763,358,433
209,213,433
743,267,434
256,908,435
286,520,437
760,272,440
476,860,442
673,373,442
569,75,443
781,21,443
364,510,444
849,304,445
317,464,446
991,681,447
252,87,447
0,998,447
299,370,447
788,645,450
144,699,452
180,348,452
389,999,453
786,168,453
468,76,453
87,765,457
444,999,457
599,259,458
874,401,458
674,458,458
946,85,460
314,206,461
779,767,461
572,506,462
584,272,462
393,958,465
144,15,465
410,154,465
672,635,465
518,904,467
64,580,467
720,405,467
37,156,468
356,269,469
101,748,471
5,975,472
533,801,473
175,865,474
201,124,474
972,301,476
579,398,481
226,427,482
713,295,482
12,480,483
238,530,484
776,959,485
683,409,485
624,200,486
774,124,486
461,259,487
773,172,488
276,414,488
603,410,488
27,829,490
277,101,493
653,998,493
962,913,493
485,57,495
508,560,495
430,775,497
889,429,497
314,286,499
279,346,500
891,723,500
184,763,502
571,793,502
686,25,505
218,699,507
825,103,509
304,965,509
908,489,511
182,503,511
904,23,512
130,197,512
704,847,513
343,418,513
293,1,514
615,447,515
166,560,515
160,954,519
386,433,520
700,582,521
661,511,521
238,184,521
373,559,523
981,928,523
142,676,524
507,939,525
508,873,525
629,167,526
467,806,527
465,74,528
896,353,529
579,732,534
74,795,536
343,837,537
246,2,539
941,456,540
442,300,540
316,714,541
10,629,543
507,969,543
295,792,544
38,526,544
597,311,544
910,513,546
229,33,546
750,269,547
62,708,549
758,651,549
533,44,549
850,636,549
254,999,550
437,58,552
300,990,552
846,583,552
990,835,553
919,246,557
393,10,557
683,128,557
574,432,558
650,630,558
469,559,558
216,655,559
634,442,563
194,273,564
522,138,564
263,496,565
695,138,566
980,435,566
553,227,568
864,322,569
77,974,569
975,417,569
823,933,570
393,842,570
865,133,571
364,400,572
177,635,575
276,108,576
376,924,576
890,914,577
578,737,577
320,661,578
434,389,578
974,821,579
711,50,579
260,704,580
210,489,580
778,931,580
578,611,581
442,866,581
853,641,583
636,581,585
533,975,587
67,445,587
660,778,589
870,416,589
55,780,593
218,801,595
826,90,596
399,623,596
462,790,597
550,409,597
693,583,598
654,606,599
304,991,599
143,337,599
38,819,599
385,865,601
974,462,603
116,754,603
537,618,603
782,684,604
802,242,605
378,808,607
468,615,610
118,975,610
705,306,612
24,403,612
314,64,613
102,741,613
592,372,614
897,546,616
353,809,616
153,659,616
408,118,617
143,775,617
248,579,618
4,765,618
682,425,619
136,455,619
550,327,620
79,194,620
356,747,621
208,288,623
761,702,624
220,199,626
473,597,629
717,960,629
315,329,629
123,28,633
175,366,633
887,765,634
724,212,634
259,494,634
68,87,635
644,197,635
337,754,636
805,665,645
279,264,645
164,947,646
122,833,646
890,48,649
493,121,649
257,773,650
432,64,651
159,497,652
797,259,652
898,219,652
370,107,654
650,549,655
681,460,656
788,214,659
85,868,660
41,236,661
850,245,661
228,974,662
162,344,664
253,678,667
481,7,667
662,718,667
537,382,669
975,816,669
629,989,670
40,390,670
828,464,671
335,133,671
408,575,671
499,389,673
229,898,674
447,791,674
770,578,674
434,678,675
511,139,679
296,867,679
99,938,680
920,979,682
351,898,683
102,848,685
881,885,687
682,343,687
131,308,692
939,785,692
582,315,693
413,258,695
159,393,696
346,110,697
766,781,697
896,866,698
8,762,699
768,354,700
469,48,700
625,106,701
141,235,702
333,462,704
745,379,705
869,989,706
120,164,707
360,787,707
678,227,709
264,817,709
509,958,709
558,23,711
725,422,711
568,637,713
491,230,713
973,727,714
207,611,714
636,57,715
162,801,716
559,592,717
308,608,719
386,340,720
437,6,720
527,675,720
341,979,722
55,12,723
664,909,723
842,275,728
996,142,736
290,55,736
847,437,737
711,47,739
251,536,739
133,896,740
95,252,740
592,510,741
588,578,742
82,692,742
491,858,743
486,586,744
987,352,745
544,634,746
129,38,747
946,985,752
790,125,752
844,880,753
512,692,756
607,95,758
73,589,759
408,293,760
632,621,760
354,110,760
569,415,761
208,775,762
947,20,763
455,596,764
792,24,764
958,813,765
690,490,765
321,975,766
960,407,767
930,854,767
810,85,769
212,458,769
842,45,770
352,870,770
27,471,772
125,461,772
392,494,774
490,325,775
324,923,779
957,45,779
765,194,779
874,116,781
473,330,784
961,6,786
57,550,789
849,974,790
786,302,791
602,39,791
777,535,792
693,298,793
728,673,793
67,171,794
196,678,794
554,186,795
331,518,795
404,959,795
571,630,795
616,361,796
402,900,796
83,898,796
457,896,797
394,661,798
611,458,799
163,255,799
473,788,802
537,11,804
880,947,805
98,933,805
89,176,806
90,170,807
901,892,808
975,894,808
623,558,808
446,503,809
229,895,809
362,80,809
129,145,811
113,119,812
802,453,812
423,395,813
625,624,813
65,781,814
892,603,819
501,929,820
481,684,823
985,583,824
536,236,826
278,348,827
281,725,828
844,700,829
530,369,831
381,278,834
585,750,837
894,343,838
909,367,839
524,226,840
318,393,841
762,98,841
705,831,842
839,864,842
351,109,843
66,883,844
310,333,846
465,738,848
966,792,848
772,574,848
479,424,849
620,381,850
564,21,851
861,649,851
742,824,852
257,670,853
953,284,853
246,741,853
597,65,854
976,784,855
433,429,855
702,8,856
820,720,856
322,263,859
125,143,861
385,704,862
634,150,864
416,79,864
37,56,866
93,4,866
192,651,867
749,562,867
917,822,867
871,764,869
370,187,869
856,269,869
354,556,872
726,235,872
537,106,873
194,125,876
67,655,877
85,718,878
420,446,879
361,436,879
838,531,879
52,818,880
32,291,880
17,935,881
541,52,881
823,986,882
190,263,882
899,569,885
95,534,886
230,278,887
2,905,887
69,697,887
554,492,888
51,11,889
169,549,891
437,653,891
82,699,894
549,611,894
228,537,894
782,377,894
913,862,897
49,519,897
278,85,898
594,882,898
685,81,899
847,356,901
836,530,902
400,867,902
966,190,903
39,372,905
600,505,906
311,793,906
705,919,906
365,811,907
179,62,908
825,847,909
467,518,910
681,200,910
203,122,910
721,686,911
829,79,912
128,516,913
371,524,913
382,598,913
269,758,914
163,318,916
207,448,916
216,195,917
699,624,918
850,2,920
632,402,922
268,369,922
331,1,923
970,183,924
304,58,925
371,108,926
261,385,929
892,575,929
705,625,935
832,639,935
402,815,937
411,507,938
97,557,938
761,501,941
988,686,945
367,482,945
600,871,946
181,421,946
414,937,946
559,417,946
928,297,948
31,184,948
934,572,950
897,110,951
931,472,951
387,411,952
927,48,953
504,466,953
321,807,955
430,940,958
938,973,959
695,27,959
982,264,960
485,403,960
73,468,961
875,810,963
861,394,964
232,208,965
835,517,967
571,577,968
38,555,970
585,475,970
849,759,971
169,168,972
846,616,972
842,835,973
699,758,976
423,847,977
774,188,977
646,533,978
462,407,978
950,897,978
598,832,982
807,558,982
325,772,983
132,747,983
123,239,985
77,652,985
368,980,986
731,940,988
137,641,989
752,474,989
9,884,991
826,338,992
723,779,993
683,922,994
440,301,996
252,419,997
340,832,3
