271,448,996
91,455,3
570,89,8
92,63,19
80,979,26
643,937,30
577,309,39
654,829,54
897,434,63
965,428,65
104,570,72
904,218,80
85,620,85
490,669,95
450,72,101
733,374,105
713,500,110
516,601,123
828,47,128
409,816,137
763,102,147
408,401,157
729,374,165
628,74,172
490,920,177
216,191,181
659,939,190
159,431,196
403,93,210
60,484,216
763,740,228
360,25,232
650,156,237
767,564,244
394,6,249
820,118,259
879,643,265
983,959,271
961,252,285
392,775,298
360,874,304
627,954,312
636,751,316
445,449,332
466,292,343
418,858,347
224,160,351
327,339,362
303,794,370
669,51,377
634,263,387
537,550,397
477,209,403
214,352,408
537,343,415
34,742,423
211,34,436
827,369,444
391,29,450
37,242,454
898,317,465
402,822,476
646,168,483
708,160,488
987,852,496
498,258,504
82,723,510
335,12,520
82,624,524
952,533,529
762,123,537
585,408,543
818,910,548
249,570,556
373,826,561
346,920,572
629,739,581
476,406,589
448,131,598
976,9,604
152,371,612
886,175,624
759,72,627
128,908,632
78,973,637
248,128,644
625,517,649
140,630,653
45,960,659
961,394,665
423,562,670
456,639,677
194,524,682
59,212,691
153,166,698
14,78,707
481,363,719
456,765,725
675,706,730
465,28,736
324,424,744
805,329,753
968,1,763
486,568,769
514,244,775
225,647,789
505,845,798
122,766,803
851,424,814
697,229,826
857,717,833
520,251,843
485,540,848
115,701,855
520,395,870
606,877,875
721,703,882
30,753,889
834,454,897
572,599,908
521,236,915
582,575,922
94,723,927
806,389,936
143,65,949
573,398,960
454,851,969
235,784,976
347,430,989
137,277,3
695,21,17
342,11,31
188,346,37
801,383,43
722,794,54
582,968,65
52,619,83
275,784,92
260,594,100
3,118,113
319,212,125
112,243,137
872,960,155
746,516,168
614,244,174
703,441,182
486,166,188
420,308,192
173,837,202
799,803,219
943,821,233
491,134,240
814,479,245
625,203,254
837,393,265
42,524,279
14,935,287
429,747,297
200,960,312
727,425,319
412,713,335
99,648,342
858,246,355
548,499,365
928,890,370
48,563,386
915,174,393
559,279,402
999,486,422
325,999,427
110,662,437
470,877,443
535,23,448
616,454,461
94,791,466
46,631,473
299,233,478
283,837,487
712,53,503
530,670,514
624,513,522
163,356,530
784,857,537
514,751,542
611,494,558
569,672,570
203,648,581
736,429,588
277,955,603
138,647,608
13,78,624
888,864,631
510,775,646
94,818,657
676,45,664
884,132,672
766,52,676
372,689,689
16,197,703
17,766,715
461,74,723
317,920,729
826,283,740
354,792,745
756,816,762
867,259,770
844,182,778
81,31,794
171,558,806
828,39,821
263,706,835
564,40,846
752,658,853
679,585,860
147,350,869
441,188,880
501,882,891
136,495,902
816,541,911
30,207,923
281,460,930
347,559,940
22,938,953
774,320,965
928,633,973
458,983,981
124,101,989
665,214,0
155,91,5
664,741,9
904,791,12
988,180,15
817,391,18
24,202,22
177,336,24
792,942,27
176,211,32
391,581,35
375,174,40
317,797,43
327,448,49
969,679,52
114,765,55
820,239,59
432,444,62
266,634,66
41,583,69
910,799,73
744,34,76
121,479,82
345,887,85
155,776,89
440,662,94
580,555,96
488,783,100
536,235,103
682,399,108
763,883,109
742,854,114
499,888,120
673,31,124
508,897,129
175,298,133
309,537,136
148,366,138
330,742,143
641,770,147
377,641,150
734,112,154
328,221,160
145,592,164
496,329,169
287,962,175
504,716,180
467,547,185
664,329,188
229,563,193
953,516,199
771,653,201
688,480,204
103,162,208
542,789,210
268,493,215
96,801,217
323,258,221
155,916,224
103,622,228
305,302,233
694,385,235
941,682,239
587,318,242
370,276,246
383,768,249
121,38,250
701,344,254
214,831,260
919,773,262
908,350,268
821,765,270
984,34,272
839,191,277
132,835,281
383,877,285
993,881,293
567,307,298
229,973,302
682,251,307
685,246,314
274,693,319
273,365,323
708,61,327
910,549,331
404,386,334
372,946,337
688,864,342
619,108,348
451,484,352
819,832,355
898,596,359
861,292,361
100,740,364
302,788,366
897,595,369
122,986,373
464,572,376
808,456,377
834,316,385
617,640,389
588,642,393
169,226,395
308,246,398
485,740,400
469,457,403
280,804,409
273,283,412
743,513,416
525,256,422
564,153,427
647,50,431
907,590,436
150,32,441
974,92,445
966,805,448
390,825,451
982,972,455
337,896,458
823,542,461
57,820,464
609,640,471
104,225,474
700,901,479
752,260,483
152,162,491
411,569,494
137,244,498
800,953,504
865,18,507
898,767,510
584,631,513
922,515,519
905,262,521
143,356,525
668,225,532
962,568,535
181,815,538
691,669,542
559,383,545
562,793,550
982,149,553
834,734,557
60,735,561
859,324,563
932,865,568
865,906,573
117,356,576
939,284,580
690,41,581
863,825,583
144,133,587
30,456,590
98,359,594
452,26,598
864,972,602
946,282,606
432,285,608
978,358,613
554,782,616
56,853,620
676,154,623
951,970,626
124,647,630
167,868,633
796,458,641
989,263,643
408,179,647
278,819,649
53,594,654
6,240,657
350,310,659
360,581,664
945,773,669
755,74,671
75,65,676
849,105,681
989,643,685
158,302,686
354,833,689
262,313,694
431,475,698
537,971,699
722,736,704
26,598,706
131,858,708
953,783,712
444,535,717
804,813,721
348,322,727
755,228,730
16,641,732
911,630,738
517,640,745
328,847,750
642,294,751
65,529,754
865,823,761
764,263,764
363,369,769
78,569,775
399,36,779
39,938,783
645,489,785
888,145,788
748,505,792
982,685,794
113,25,798
761,593,804
795,553,808
302,152,812
441,199,816
498,838,820
839,158,826
353,292,828
891,5,832
832,469,835
213,5,838
862,43,841
499,872,844
892,258,850
770,857,854
567,430,857
702,115,862
804,843,866
580,598,869
531,376,876
986,68,881
507,340,885
562,454,890
342,682,892
814,990,895
55,523,903
362,308,906
675,853,909
584,410,912
255,915,914
564,818,916
978,231,925
108,90,929
695,811,935
572,441,940
235,256,943
900,869,948
425,197,953
665,116,958
207,102,960
389,324,965
42,668,970
680,73,973
453,193,977
673,754,981
886,659,985
632,735,989
736,331,991
360,41,995
444,734,1
584,574,16
382,61,23
370,212,32
140,329,41
641,512,47
276,499,57
979,818,65
457,905,75
708,379,80
562,906,83
87,614,89
406,10,95
413,564,99
26,128,108
408,215,118
623,982,127
702,350,138
141,799,149
658,858,154
518,687,161
276,88,164
562,287,168
375,94,176
675,339,184
766,951,188
673,820,195
187,5,201
983,50,205
235,334,212
880,604,222
53,404,228
884,861,233
806,567,240
459,821,245
664,275,254
748,561,261
67,296,266
487,168,271
66,651,279
139,752,291
847,427,301
820,353,310
976,349,319
570,352,331
48,858,339
651,107,349
901,516,357
445,35,370
79,462,375
976,133,385
860,15,392
288,559,397
224,615,405
998,243,416
976,229,420
712,72,430
923,358,436
827,415,444
666,31,449
32,907,459
338,570,467
927,969,473
648,723,483
432,347,486
186,303,493
436,257,500
424,398,506
971,59,509
844,526,520
838,396,523
917,333,531
792,499,539
132,794,550
847,613,558
901,927,561
481,551,570
347,73,579
802,64,590
736,320,596
421,944,601
627,398,607
118,276,620
214,978,626
291,315,633
689,837,640
319,529,649
646,54,657
611,224,662
244,601,670
653,701,681
818,799,688
10,214,692
619,352,697
574,766,710
694,106,716
336,640,729
324,698,737
500,224,749
685,464,752
330,11,768
686,554,771
922,721,777
275,137,786
572,896,791
752,74,798
69,525,808
988,856,813
132,524,816
990,893,824
542,463,831
598,191,838
928,288,856
417,407,868
170,816,877
868,795,885
373,592,889
694,209,898
424,859,906
849,610,912
413,776,917
26,427,929
360,983,941
855,402,952
784,434,961
512,198,969
337,368,982
675,913,994
318,145,2
993,21,14
951,517,22
871,505,29
217,857,35
893,777,43
889,801,55
865,304,63
953,177,72
644,469,82
230,644,91
917,227,96
712,448,102
952,883,110
278,786,117
649,892,126
386,571,133
695,197,139
208,866,143
636,494,153
147,420,163
600,287,168
821,958,175
253,454,184
247,517,198
6,976,202
605,33,211
110,734,217
933,578,226
121,498,230
980,774,240
543,128,250
74,542,256
766,236,263
205,196,268
34,309,276
657,420,287
228,158,292
647,335,297
450,373,301
581,604,308
285,137,324
878,367,329
86,221,337
324,401,342
824,619,364
626,965,368
233,659,379
839,332,388
189,388,396
293,313,403
178,137,414
194,77,423
480,90,438
966,917,448
45,512,453
873,118,460
43,863,470
619,157,478
865,818,482
91,240,490
750,722,493
553,785,498
124,137,506
907,487,511
228,456,518
126,775,528
899,492,533
882,731,541
350,899,548
257,137,556
45,452,565
569,362,571
420,445,584
59,464,592
607,419,601
457,415,605
60,549,613
782,240,620
242,602,626
364,599,631
380,183,640
837,457,649
124,539,658
235,764,667
183,406,676
789,516,685
274,181,689
425,901,699
932,592,710
52,220,716
829,568,722
236,323,728
578,800,735
861,974,741
46,70,747
955,518,758
891,449,764
741,692,770
377,398,779
182,78,784
542,992,792
849,798,798
932,743,805
264,322,811
642,160,823
891,756,830
351,967,835
396,26,842
711,688,852
812,865,864
245,379,868
141,911,881
101,254,887
573,544,892
40,867,905
999,61,917
970,928,921
489,920,928
368,326,936
850,343,942
873,59,948
345,318,958
77,628,966
830,545,971
735,888,978
489,135,987
298,893,995
271,448,996
865,795,999
91,455,3
428,983,7
570,89,8
649,498,15
92,63,19
159,500,22
80,979,26
332,531,29
643,937,30
539,30,35
577,309,39
746,248,44
654,829,54
484,754,56
897,434,63
94,791,64
965,428,65
65,296,68
104,570,72
679,882,77
904,218,80
366,524,82
85,620,85
551,686,89
490,669,95
250,989,98
450,72,101
873,801,103
733,374,105
225,846,109
713,500,110
546,569,116
516,601,123
170,469,123
828,47,128
374,548,134
409,816,137
141,932,144
763,102,147
721,979,151
408,401,157
226,119,163
729,374,165
490,935,169
628,74,172
527,962,174
490,920,177
958,281,179
216,191,181
754,967,188
659,939,190
727,346,195
159,431,196
872,65,203
403,93,210
153,474,213
60,484,216
384,117,224
763,740,228
203,879,230
360,25,232
765,197,233
650,156,237
230,367,242
767,564,244
492,545,246
394,6,249
775,333,253
820,118,259
68,331,262
879,643,265
494,388,267
983,959,271
337,48,274
961,252,285
589,622,294
392,775,298
190,276,302
360,874,304
353,680,306
627,954,312
755,923,315
636,751,316
958,294,324
445,449,332
100,786,339
466,292,343
789,745,345
418,858,347
951,587,349
224,160,351
469,790,354
327,339,362
785,644,366
303,794,370
128,352,372
669,51,377
171,853,381
634,263,387
127,425,393
537,550,397
544,568,399
477,209,403
638,557,405
214,352,408
135,976,413
537,343,415
935,405,418
34,742,423
260,856,429
211,34,436
979,455,441
827,369,444
482,600,449
391,29,450
854,804,453
37,242,454
451,55,462
898,317,465
469,477,472
402,822,476
297,502,477
646,168,483
61,634,487
708,160,488
964,901,492
987,852,496
758,295,500
498,258,504
233,268,506
82,723,510
819,701,515
335,12,520
292,541,521
82,624,524
922,346,526
952,533,529
705,383,533
762,123,537
344,814,540
585,408,543
125,314,545
818,910,548
180,646,550
249,570,556
240,861,559
373,826,561
21,410,566
346,920,572
845,942,579
629,739,581
421,728,585
476,406,589
616,831,594
448,131,598
323,673,601
976,9,604
901,319,609
152,371,612
763,557,613
886,175,624
167,471,625
759,72,627
716,899,631
128,908,632
612,521,635
78,973,637
155,452,640
248,128,644
798,743,647
625,517,649
769,611,651
140,630,653
769,101,657
45,960,659
11,535,661
961,394,665
742,477,668
423,562,670
782,714,675
456,639,677
530,731,679
194,524,682
327,494,688
59,212,691
385,686,696
153,166,698
839,976,703
14,78,707
235,221,711
481,363,719
693,683,722
456,765,725
320,482,728
675,706,730
965,678,732
465,28,736
542,155,739
324,424,744
868,614,748
805,329,753
167,625,761
968,1,763
84,187,765
486,568,769
771,816,772
514,244,775
402,194,787
225,647,789
981,266,790
505,845,798
558,964,800
122,766,803
104,815,808
851,424,814
17,866,822
697,229,826
457,911,832
857,717,833
363,235,839
520,251,843
794,236,845
485,540,848
664,400,853
115,701,855
994,985,867
520,395,870
372,829,872
606,877,875
222,475,879
721,703,882
541,829,885
30,753,889
631,255,895
834,454,897
173,626,904
572,599,908
755,901,912
521,236,915
436,540,919
582,575,922
230,553,924
94,723,927
7,352,932
806,389,936
612,899,943
143,65,949
882,701,956
573,398,960
955,61,964
454,851,969
379,943,971
235,784,976
753,733,980
347,430,989
971,163,997
137,277,3
917,984,9
695,21,17
405,351,25
342,11,31
114,816,33
188,346,37
716,152,39
801,383,43
837,645,46
722,794,54
779,479,57
582,968,65
64,503,73
52,619,83
843,292,87
275,784,92
442,329,98
260,594,100
850,665,106
3,118,113
362,734,120
319,212,125
195,184,128
112,243,137
943,833,150
872,960,155
321,991,163
746,516,168
296,886,170
614,244,174
389,680,180
703,441,182
885,530,184
486,166,188
341,85,190
420,308,192
530,436,201
173,837,202
366,337,214
799,803,219
215,971,223
943,821,233
832,966,237
491,134,240
905,935,241
814,479,245
176,552,247
625,203,254
468,903,261
837,393,265
911,1,273
42,524,279
990,398,283
14,935,287
674,108,294
429,747,297
740,542,309
200,960,312
59,621,316
727,425,319
284,475,326
412,713,335
618,157,338
99,648,342
995,503,344
858,246,355
18,645,358
548,499,365
323,35,369
928,890,370
914,95,376
48,563,386
141,340,391
915,174,393
990,68,396
559,279,402
146,197,420
999,486,422
8,280,424
325,999,427
235,297,430
110,662,437
696,519,441
470,877,443
482,4,446
535,23,448
367,55,455
616,454,461
883,232,462
94,791,466
414,644,469
46,631,473
753,176,474
299,233,478
214,384,486
283,837,487
429,479,494
712,53,503
34,566,511
530,670,514
301,326,517
624,513,522
669,350,527
163,356,530
813,340,536
784,857,537
811,574,539
514,751,542
282,43,551
611,494,558
573,253,567
569,672,570
832,149,575
203,648,581
29,381,584
736,429,588
697,169,595
277,955,603
871,849,606
138,647,608
704,23,619
13,78,624
865,574,626
888,864,631
162,852,640
510,775,646
244,243,650
94,818,657
437,45,661
676,45,664
34,706,668
884,132,672
927,134,674
766,52,676
910,681,683
372,689,689
524,906,697
16,197,703
888,691,709
17,766,715
949,595,721
461,74,723
230,409,725
317,920,729
327,786,738
826,283,740
557,130,742
354,792,745
100,873,749
756,816,762
468,830,766
867,259,770
773,979,775
844,182,778
167,809,783
81,31,794
717,343,800
171,558,806
806,341,812
828,39,821
620,229,827
263,706,835
994,873,841
564,40,846
412,924,848
752,658,853
617,914,857
679,585,860
419,37,862
147,350,869
497,751,873
441,188,880
220,23,885
501,882,891
938,875,897
136,495,902
133,345,907
816,541,911
354,158,920
30,207,923
255,767,927
281,460,930
929,459,932
347,559,940
991,702,942
22,938,953
44,897,957
774,320,965
735,247,969
928,633,973
27,11,977
458,983,981
868,706,986
124,101,989
588,817,994
