973,313,1
613,352,1
68,956,3
462,183,3
482,677,3
308,956,5
637,973,8
448,994,10
359,703,10
272,130,11
838,407,12
635,710,12
920,863,12
101,212,14
480,481,14
944,823,20
766,560,24
337,420,24
854,986,27
177,619,28
152,176,28
426,135,29
723,798,29
974,666,30
642,111,33
398,342,35
666,291,36
120,950,36
126,935,38
358,794,42
403,98,44
716,203,45
710,813,46
200,866,47
478,834,48
493,435,49
642,382,49
709,426,50
940,762,51
848,313,51
548,355,51
351,70,53
507,968,54
131,940,55
554,22,56
401,711,56
865,534,57
749,7,57
289,951,58
831,811,58
194,78,61
447,196,61
671,684,62
794,219,62
237,377,63
545,527,65
636,348,65
787,374,66
993,213,67
661,857,67
210,800,67
536,184,68
280,404,69
110,495,72
33,313,76
922,93,76
560,95,77
408,769,79
838,53,80
438,603,82
794,929,84
544,693,86
168,612,88
594,644,88
704,215,88
54,912,90
274,495,91
346,228,93
189,401,94
880,95,95
572,217,96
928,470,97
578,527,99
900,13,103
832,947,106
922,156,106
228,125,111
188,841,112
540,691,113
94,974,115
541,62,115
765,866,115
530,193,116
171,938,121
808,16,121
90,880,122
25,575,122
191,883,123
344,106,123
692,515,125
550,532,126
415,685,126
949,201,127
948,829,127
248,916,129
221,595,131
909,183,132
693,57,133
759,851,136
757,142,142
315,531,144
530,168,145
675,439,145
525,676,148
556,803,149
350,683,150
254,711,152
0,137,153
446,909,155
550,677,158
486,648,161
448,683,163
427,866,164
456,663,169
121,804,171
718,811,174
662,417,177
631,705,178
984,19,179
262,298,179
571,566,181
26,406,181
894,676,184
145,154,187
578,616,193
982,781,196
828,178,196
514,237,196
280,144,197
585,484,198
46,946,199
75,673,199
227,900,200
673,614,201
6,801,201
776,595,202
885,965,202
446,136,204
715,469,204
45,877,204
338,282,205
35,872,208
110,31,209
470,689,209
616,928,210
637,512,210
23,119,210
979,774,213
699,50,216
285,544,219
215,412,221
106,576,223
170,281,227
943,662,228
260,304,228
169,28,229
75,68,231
411,337,231
125,736,231
693,601,236
344,479,237
242,194,238
813,259,239
276,403,240
981,599,240
342,3,241
654,610,241
703,671,243
361,157,244
359,469,244
21,874,246
964,733,246
851,84,247
573,504,250
79,987,252
217,242,253
253,370,253
520,715,253
9,93,254
846,849,254
400,125,254
929,605,256
506,126,257
806,180,258
796,599,260
812,482,265
555,187,267
265,298,267
559,156,268
827,499,273
744,504,273
337,129,274
2,236,278
105,56,278
288,613,280
296,564,281
118,361,281
257,440,281
411,513,284
324,240,288
254,371,291
658,483,292
268,993,293
575,153,293
92,559,294
941,471,294
429,7,296
564,320,296
694,120,300
454,190,301
582,785,304
352,633,304
780,509,307
714,471,307
987,747,309
412,474,310
514,383,321
718,694,322
320,459,322
240,146,323
986,567,325
758,149,329
474,373,329
801,285,329
92,99,329
886,38,331
901,322,333
78,51,334
811,106,336
632,965,338
565,709,339
618,729,344
22,967,346
687,193,350
928,204,351
210,910,351
772,509,352
339,755,356
611,60,356
975,577,357
326,291,358
216,393,358
872,301,358
822,105,359
725,584,362
443,634,363
165,514,364
193,948,365
43,455,366
245,226,368
699,359,368
60,89,369
716,867,369
50,512,369
655,605,376
870,59,377
420,952,378
223,884,379
741,818,384
380,779,385
569,348,388
478,928,389
709,315,389
840,447,390
677,164,391
424,545,391
906,288,394
519,359,398
961,402,398
382,770,399
943,116,402
963,969,402
926,282,403
238,343,406
108,756,410
915,174,410
148,140,414
748,322,415
643,64,415
173,502,416
938,958,418
312,439,421
335,776,424
111,738,425
697,191,425
556,221,426
188,35,429
539,868,430
10,183,431
586,5,433
763,358,433
743,267,434
256,908,435
69,626,439
760,272,440
476,860,442
739,424,443
569,75,443
364,510,444
683,39,445
157,435,445
923,138,447
736,710,447
55,390,447
991,681,447
866,865,450
865,679,451
144,699,452
389,999,453
75,731,454
211,820,455
171,820,455
599,259,458
946,85,460
314,206,461
728,736,465
393,958,465
991,644,466
739,424,471
5,975,472
175,865,474
952,630,476
972,301,476
295,741,479
579,398,481
682,300,482
226,427,482
713,295,482
12,480,483
461,259,487
966,641,488
773,172,488
858,576,489
676,649,489
23,856,489
874,568,493
28,389,493
67,371,493
643,316,497
430,775,497
513,283,498
314,286,499
180,955,504
876,886,505
66,766,505
730,28,505
558,779,505
686,25,505
93,348,506
314,283,509
77,238,512
904,23,512
500,45,513
631,787,513
643,530,515
157,989,516
205,946,519
700,582,521
103,799,523
373,559,523
142,676,524
507,939,525
629,167,526
950,349,529
964,84,535
581,385,537
706,40,540
10,629,543
295,792,544
38,526,544
910,513,546
229,33,546
750,269,547
62,708,549
758,651,549
50,21,550
437,58,552
990,835,553
919,246,557
574,432,558
565,859,560
623,413,563
634,442,563
263,496,565
803,702,566
864,322,569
77,974,569
535,314,570
732,278,570
823,933,570
393,842,570
364,400,572
177,635,575
653,45,578
320,661,578
654,549,581
578,611,581
4,439,582
853,641,583
533,975,587
67,445,587
332,805,590
523,608,591
523,179,592
670,517,595
826,90,596
909,944,597
462,790,597
634,985,598
693,583,598
654,606,599
304,991,599
281,538,600
319,893,601
385,865,601
527,963,603
974,462,603
909,720,607
468,615,610
122,388,612
705,306,612
851,580,615
248,579,618
248,697,619
682,425,619
136,455,619
550,327,620
356,747,621
208,288,623
470,105,624
373,47,628
310,535,629
473,597,629
260,35,630
868,500,632
123,28,633
853,267,634
887,765,634
68,87,635
644,197,635
729,918,637
570,522,638
679,609,641
851,99,641
520,741,642
101,197,646
644,981,646
160,309,647
425,45,648
537,695,648
992,913,649
285,716,649
257,773,650
432,64,651
370,107,654
650,549,655
48,627,657
788,214,659
461,830,660
41,236,661
413,163,663
622,814,664
307,426,666
299,477,668
537,382,669
629,989,670
828,464,671
562,523,672
499,389,673
988,70,684
832,175,684
102,848,685
881,885,687
798,917,696
446,528,698
604,459,698
352,788,698
896,866,698
768,354,700
333,462,704
745,379,705
869,989,706
120,164,707
360,787,707
250,949,709
397,803,709
678,227,709
264,817,709
558,23,711
296,737,713
568,637,713
491,230,713
162,801,716
559,592,717
341,979,722
464,80,724
401,351,724
666,394,726
17,986,726
842,275,728
449,638,735
996,142,736
192,747,739
711,47,739
133,896,740
544,485,757
345,181,758
408,293,760
632,621,760
698,507,761
96,409,765
958,813,765
533,375,766
321,975,766
53,554,767
810,85,769
392,494,774
753,208,776
874,116,781
647,380,783
963,70,785
839,407,786
57,550,789
400,929,790
610,50,792
554,186,795
331,518,795
708,90,797
713,94,797
274,49,797
863,485,798
657,957,798
177,286,799
842,781,803
315,396,806
90,170,807
113,119,812
426,925,819
892,603,819
985,583,824
263,546,825
536,236,826
281,725,828
580,61,830
177,393,832
206,999,836
585,750,837
524,226,840
559,743,842
705,831,842
310,333,846
465,738,848
620,381,850
20,292,852
257,670,853
953,284,853
764,431,855
976,784,855
433,429,855
702,8,856
125,143,861
359,500,865
864,910,866
775,590,866
638,88,866
37,56,866
817,662,867
192,651,867
749,562,867
862,809,868
871,764,869
370,187,869
856,269,869
537,106,873
194,125,876
67,655,877
885,345,879
420,446,879
687,89,881
17,935,881
541,52,881
425,402,882
962,285,882
823,986,882
658,588,884
131,106,885
366,380,889
51,11,889
169,549,891
338,209,893
100,425,893
82,699,894
997,578,897
760,113,898
278,85,898
152,759,900
847,356,901
409,541,902
754,52,902
246,597,906
600,505,906
311,793,906
922,608,907
956,438,908
44,868,908
825,847,909
467,518,910
152,927,911
128,516,913
101,597,919
850,2,920
632,402,922
268,369,922
970,183,924
304,58,925
204,840,926
714,184,928
669,912,929
154,220,930
572,52,931
94,586,932
721,187,932
701,947,934
612,654,935
29,996,935
705,625,935
832,639,935
919,746,937
402,815,937
411,507,938
756,887,945
600,871,946
181,421,946
928,297,948
897,110,951
387,411,952
927,48,953
219,868,955
206,277,957
430,940,958
938,973,959
982,264,960
810,420,962
198,226,963
875,810,963
861,394,964
86,17,968
38,555,970
849,759,971
169,168,972
954,303,975
220,76,977
150,420,977
423,847,977
31,12,978
646,533,978
462,407,978
325,772,983
123,239,985
68,743,986
421,866,987
219,642,987
731,940,988
433,657,989
937,209,990
246,116,991
723,779,993
327,916,994
764,409,997
252,419,997
846,651,4
603,544,11
298,530,12
664,864,13
287,49,13
158,0,14
715,825,14
306,143,14
341,827,15
316,994,20
197,141,23
221,833,25
130,174,26
249,538,28
201,506,29
344,493,31
102,443,31
21,628,32
843,686,32
948,468,34
861,291,35
560,695,37
841,859,38
605,572,39
67,831,40
483,487,40
57,601,42
419,623,43
120,341,44
508,867,46
12,935,48
91,193,48
779,343,51
526,550,51
749,741,51
94,959,51
126,60,53
239,631,53
434,415,54
326,332,55
172,926,55
672,488,57
241,415,58
9,247,58
145,675,58
832,985,61
324,353,61
61,15,62
24,384,62
723,401,63
67,61,63
280,666,69
4,527,70
333,879,70
918,822,73
624,124,79
749,470,80
336,420,80
562,206,82
258,619,84
502,681,86
973,69,90
195,588,92
929,695,92
520,953,95
884,275,95
658,289,95
236,277,96
179,998,97
21,328,97
520,812,98
467,342,99
678,14,99
398,596,100
470,48,101
808,775,103
344,905,106
845,85,107
971,280,110
210,933,110
253,289,114
289,46,115
556,578,122
264,553,123
828,296,126
835,65,128
969,125,130
872,343,130
894,621,132
995,962,134
508,994,135
325,430,140
371,194,142
835,822,142
192,914,144
965,773,145
214,635,152
216,759,153
603,614,155
552,99,158
877,119,161
66,437,162
681,374,162
20,545,163
769,298,166
315,742,167
360,326,169
236,161,169
290,735,170
523,57,170
612,334,170
36,941,170
276,856,170
771,36,171
451,154,172
528,861,172
901,817,174
484,229,174
849,431,177
77,583,178
312,707,178
222,251,178
191,758,179
9,612,179
769,557,183
596,632,184
494,115,186
4,116,186
54,48,187
208,657,188
218,328,190
296,876,191
446,514,191
991,689,192
511,112,192
393,54,194
894,293,194
875,779,195
605,802,195
712,131,196
683,664,197
655,773,200
859,371,203
994,153,207
440,611,214
160,786,215
841,948,219
721,714,220
479,210,220
384,833,220
490,382,220
175,197,222
403,938,222
497,103,222
414,306,223
681,750,225
598,902,225
358,938,226
164,687,227
29,967,229
591,131,233
135,636,233
104,484,234
445,506,237
315,942,238
573,222,239
89,144,242
942,508,243
232,83,246
236,203,247
247,115,247
226,388,249
461,538,250
83,620,252
28,160,252
971,706,256
475,49,256
92,788,256
201,267,257
271,447,257
35,510,258
382,797,259
214,885,259
549,960,260
657,418,262
124,9,263
812,824,264
960,809,267
891,49,267
813,976,267
342,932,268
331,825,269
88,639,270
927,762,271
606,250,271
438,109,273
35,219,273
282,717,274
830,382,276
458,872,276
662,886,277
36,665,279
715,812,279
91,21,280
620,772,281
622,851,281
772,671,284
876,797,287
285,514,288
495,330,289
10,694,290
336,486,293
710,702,293
64,797,293
746,874,293
511,506,297
634,170,297
916,919,299
275,682,300
496,374,300
128,4,303
180,171,303
95,402,305
216,564,307
882,935,308
80,556,309
997,382,309
459,462,309
198,81,310
894,907,310
589,812,310
958,479,311
421,9,314
667,975,314
590,460,315
971,392,318
2,123,319
429,892,321
991,889,322
932,836,322
449,599,323
630,294,327
940,314,330
537,52,333
729,215,334
505,9,334
515,215,334
412,839,334
359,893,339
512,200,340
354,721,340
707,922,342
397,247,344
21,48,346
561,721,348
213,362,348
843,862,349
154,352,349
897,300,353
856,951,355
36,94,355
850,894,357
972,662,357
331,394,357
91,171,358
45,317,363
591,273,363
234,8,367
155,668,367
681,334,370
642,347,373
659,817,373
513,494,375
597,371,377
595,445,377
605,47,377
108,709,383
39,855,385
13,347,386
442,128,386
70,770,389
636,912,389
780,119,390
237,788,392
35,114,393
231,768,395
34,483,397
441,623,397
343,576,400
844,427,401
776,78,405
222,425,407
125,940,408
645,73,413
761,291,414
290,959,414
431,676,414
165,514,414
569,919,417
52,469,419
631,115,420
619,537,421
255,240,421
868,76,427
736,929,427
7,573,428
90,442,429
570,728,432
209,213,433
286,520,437
673,373,442
781,21,443
849,304,445
317,464,446
252,87,447
0,998,447
299,370,447
788,645,450
180,348,452
786,168,453
468,76,453
87,765,457
444,999,457
874,401,458
674,458,458
779,767,461
572,506,462
584,272,462
144,15,465
410,154,465
672,635,465
518,904,467
64,580,467
720,405,467
37,156,468
356,269,469
101,748,471
351,981,472
533,801,473
201,124,474
238,530,484
776,959,485
683,409,485
624,200,486
774,124,486
276,414,488
603,410,488
27,829,490
277,101,493
653,998,493
962,913,493
485,57,495
508,560,495
889,429,497
279,346,500
891,723,500
184,763,502
571,793,502
218,699,507
825,103,509
304,965,509
908,489,511
182,503,511
130,197,512
704,847,513
343,418,513
293,1,514
615,447,515
166,560,515
160,954,519
386,433,520
661,511,521
238,184,521
981,928,523
508,873,525
467,806,527
465,74,528
896,353,529
579,732,534
74,795,536
343,837,537
246,2,539
941,456,540
442,300,540
316,714,541
507,969,543
597,311,544
533,44,549
850,636,549
254,999,550
300,990,552
846,583,552
393,10,557
683,128,557
650,630,558
469,559,558
216,655,559
194,273,564
522,138,564
695,138,566
980,435,566
553,227,568
975,417,569
865,133,571
276,108,576
376,924,576
890,914,577
578,737,577
434,389,578
974,821,579
711,50,579
260,704,580
210,489,580
778,931,580
442,866,581
636,581,585
660,778,589
870,416,589
55,780,593
218,801,595
399,623,596
550,409,597
143,337,599
38,819,599
116,754,603
537,618,603
782,684,604
802,242,605
378,808,607
118,975,610
24,403,612
314,64,613
102,741,613
592,372,614
897,546,616
353,809,616
153,659,616
408,118,617
143,775,617
4,765,618
79,194,620
761,702,624
220,199,626
717,960,629
315,329,629
175,366,633
724,212,634
259,494,634
337,754,636
805,665,645
279,264,645
164,947,646
122,833,646
890,48,649
493,121,649
159,497,652
797,259,652
898,219,652
681,460,656
85,868,660
850,245,661
228,974,662
162,344,664
253,678,667
481,7,667
662,718,667
975,816,669
40,390,670
335,133,671
408,575,671
229,898,674
447,791,674
770,578,674
434,678,675
511,139,679
296,867,679
99,938,680
920,979,682
734,58,682
351,898,683
682,343,687
131,308,692
939,785,692
582,315,693
413,258,695
159,393,696
346,110,697
766,781,697
8,762,699
469,48,700
625,106,701
141,235,702
509,958,709
725,422,711
973,727,714
207,611,714
636,57,715
308,608,719
386,340,720
437,6,720
527,675,720
55,12,723
664,909,723
290,55,736
847,437,737
251,536,739
95,252,740
592,510,741
588,578,742
82,692,742
491,858,743
486,586,744
987,352,745
544,634,746
129,38,747
946,985,752
790,125,752
844,880,753
512,692,756
607,95,758
73,589,759
354,110,760
569,415,761
208,775,762
947,20,763
455,596,764
792,24,764
690,490,765
960,407,767
930,854,767
212,458,769
842,45,770
352,870,770
27,471,772
125,461,772
490,325,775
324,923,779
957,45,779
765,194,779
473,330,784
961,6,786
849,974,790
786,302,791
602,39,791
777,535,792
693,298,793
728,673,793
67,171,794
196,678,794
404,959,795
571,630,795
616,361,796
402,900,796
83,898,796
457,896,797
394,661,798
611,458,799
163,255,799
473,788,802
537,11,804
880,947,805
98,933,805
89,176,806
901,892,808
975,894,808
623,558,808
446,503,809
229,895,809
362,80,809
129,145,811
802,453,812
423,395,813
625,624,813
65,781,814
501,929,820
481,684,823
278,348,827
844,700,829
530,369,831
381,278,834
894,343,838
909,367,839
318,393,841
762,98,841
839,864,842
351,109,843
66,883,844
966,792,848
772,574,848
479,424,849
564,21,851
861,649,851
742,824,852
246,741,853
597,65,854
820,720,856
322,263,859
385,704,862
634,150,864
416,79,864
93,4,866
917,822,867
354,556,872
726,235,872
85,718,878
361,436,879
838,531,879
52,818,880
32,291,880
190,263,882
899,569,885
95,534,886
230,278,887
2,905,887
69,697,887
554,492,888
437,653,891
549,611,894
228,537,894
782,377,894
913,862,897
49,519,897
594,882,898
685,81,899
836,530,902
400,867,902
966,190,903
39,372,905
705,919,906
365,811,907
179,62,908
681,200,910
203,122,910
721,686,911
829,79,912
371,524,913
382,598,913
269,758,914
163,318,916
207,448,916
216,195,917
699,624,918
331,1,923
371,108,926
261,385,929
892,575,929
97,557,938
761,501,941
988,686,945
367,482,945
414,937,946
559,417,946
31,184,948
934,572,950
931,472,951
504,466,953
321,807,955
695,27,959
485,403,960
73,468,961
232,208,965
835,517,967
571,577,968
585,475,970
846,616,972
842,835,973
699,758,976
774,188,977
950,897,978
598,832,982
807,558,982
132,747,983
77,652,985
368,980,986
137,641,989
752,474,989
9,884,991
826,338,992
683,922,994
440,301,996
