973,313,1
90,364,2
570,733,3
114,287,3
108,276,3
68,956,3
462,183,3
323,817,4
703,296,5
652,643,5
312,616,7
515,783,9
263,475,9
75,675,10
953,571,10
448,994,10
921,427,11
786,291,11
272,130,11
753,960,12
70,106,12
838,407,12
635,710,12
112,213,14
419,584,14
101,212,14
912,257,15
820,673,15
970,193,16
574,694,17
117,666,18
997,566,19
101,688,19
988,859,20
375,272,20
944,823,20
423,88,21
518,894,22
979,780,22
210,348,23
223,385,23
274,93,24
766,560,24
484,695,25
179,945,26
682,459,27
196,63,28
177,619,28
181,809,29
458,562,29
426,135,29
435,488,30
54,740,30
12,372,30
649,993,30
974,666,30
343,784,31
346,127,32
873,571,33
919,818,33
130,602,33
736,641,33
214,774,33
642,111,33
67,452,34
474,399,34
819,960,35
398,342,35
36,351,36
666,291,36
74,197,37
993,679,38
126,935,38
763,2,39
67,735,39
309,5,39
950,969,39
339,57,40
477,360,41
773,969,41
383,314,42
725,357,42
358,794,42
101,811,43
807,708,43
501,906,43
427,675,44
227,788,44
403,98,44
316,414,45
716,203,45
439,674,46
710,813,46
87,407,47
916,801,48
166,629,48
16,769,48
9,72,49
662,186,49
493,435,49
313,996,50
709,426,50
792,888,51
488,906,51
688,175,51
940,762,51
848,313,51
428,401,52
455,577,53
805,613,54
790,160,54
475,147,54
209,765,55
149,772,55
18,356,55
131,940,55
661,646,56
395,687,56
554,22,56
527,231,57
590,627,57
2,746,57
167,809,57
865,534,57
749,7,57
741,385,58
871,774,58
289,951,58
464,956,59
671,677,59
160,42,60
954,156,61
677,114,61
442,914,61
194,78,61
447,196,61
754,231,62
330,86,62
67,61,63
470,144,63
619,702,64
675,46,64
779,63,65
321,774,65
540,248,65
85,87,65
545,527,65
5,479,66
993,213,67
661,857,67
536,184,68
552,31,70
112,727,70
896,169,70
509,783,70
914,842,72
575,254,73
102,277,73
649,505,73
906,757,74
633,94,75
712,977,75
744,975,76
126,674,76
993,139,76
33,313,76
796,580,77
560,95,77
477,29,78
581,612,80
686,781,80
348,145,80
333,406,80
475,644,80
144,227,82
822,4,82
438,603,82
83,766,83
796,249,83
939,973,83
531,622,84
240,190,85
652,620,85
786,586,86
327,943,86
516,134,87
976,674,87
700,916,88
845,381,88
648,767,88
788,224,88
290,859,89
40,178,89
71,512,90
919,645,92
610,559,92
573,839,93
405,726,94
509,714,94
40,188,94
552,486,94
984,643,95
848,578,97
41,531,97
526,541,97
928,470,97
540,257,98
212,709,98
578,527,99
686,655,100
671,201,100
478,70,103
342,952,103
738,415,104
365,819,104
893,131,104
967,138,104
200,790,106
490,534,106
598,735,106
474,121,106
832,947,106
796,11,107
765,373,108
600,923,109
624,77,109
227,643,109
719,968,109
494,932,110
594,225,110
183,726,112
902,228,112
238,651,112
497,50,112
188,841,112
540,691,113
547,266,114
854,335,114
768,104,115
406,385,115
94,974,115
541,62,115
451,861,116
119,805,117
878,827,117
879,510,118
307,148,118
148,871,120
927,220,120
250,50,121
840,650,121
560,365,123
278,5,123
981,860,123
506,19,124
282,884,125
390,749,125
860,495,125
692,515,125
550,532,126
508,32,127
560,318,127
384,809,127
949,201,127
794,809,128
50,838,128
21,275,129
192,724,129
372,772,130
504,940,130
512,232,131
274,698,131
510,703,131
221,595,131
909,183,132
382,46,133
54,230,133
693,57,133
579,952,134
473,268,135
150,786,136
156,666,136
953,24,138
638,318,139
563,451,139
251,293,139
689,56,140
976,707,141
649,622,141
534,140,141
679,668,141
439,310,141
11,139,142
656,782,142
757,142,142
405,75,144
74,197,144
568,679,144
315,531,144
530,168,145
675,439,145
838,432,146
458,35,146
245,27,146
778,7,146
947,702,147
487,228,148
1,505,148
473,740,149
642,330,149
51,385,149
812,618,149
556,803,149
306,912,150
480,96,150
350,683,150
380,765,151
18,49,151
274,973,152
613,416,153
0,137,153
37,73,155
668,198,156
767,176,156
750,773,157
69,317,158
306,220,159
668,720,160
693,941,161
486,648,161
387,997,162
486,515,162
433,627,163
496,71,163
448,683,163
427,866,164
986,483,165
946,113,166
341,690,167
868,251,168
585,82,168
355,409,169
464,577,169
357,818,170
369,727,170
724,813,171
938,904,171
121,804,171
585,144,172
603,517,174
718,811,174
484,828,176
525,876,176
784,381,178
204,319,178
631,705,178
887,421,179
984,19,179
976,829,181
105,898,182
609,833,182
871,64,183
653,531,183
321,174,184
894,676,184
113,226,185
355,893,186
853,570,186
677,15,187
724,194,187
970,907,187
145,154,187
653,862,189
725,594,190
455,966,191
712,620,191
427,709,192
645,423,192
768,333,192
987,828,194
261,602,195
946,854,196
482,464,196
860,588,197
206,316,197
280,144,197
189,837,198
229,299,198
585,484,198
191,923,199
983,981,199
46,946,199
227,900,200
673,614,201
6,801,201
776,595,202
647,820,203
446,136,204
424,475,205
202,846,206
685,448,208
110,31,209
470,689,209
380,535,210
834,113,211
161,265,211
546,152,212
695,917,213
530,121,213
660,777,213
763,284,214
787,540,215
560,386,216
281,376,216
65,250,216
96,464,216
699,50,216
508,868,217
63,314,217
147,769,218
131,773,218
166,542,219
285,544,219
644,367,220
270,797,221
651,68,221
561,468,221
215,412,221
146,455,222
872,754,223
788,99,223
945,290,223
570,813,224
121,398,224
835,984,224
795,934,225
937,427,226
997,313,226
799,557,226
832,830,227
170,281,227
415,714,228
36,407,228
943,662,228
537,842,229
627,680,229
50,612,229
465,48,230
800,756,230
778,985,231
614,595,231
75,68,231
53,753,232
42,961,232
302,921,233
357,605,233
807,969,233
999,34,233
102,62,234
779,558,235
590,409,235
773,235,236
561,538,236
693,601,236
924,9,237
344,479,237
119,167,238
369,731,239
86,954,239
631,311,240
246,387,240
866,987,240
276,403,240
536,285,241
742,895,241
342,3,241
89,144,242
172,599,242
278,145,242
33,445,242
662,688,243
326,915,243
703,671,243
16,992,244
722,535,244
361,157,244
920,27,245
643,907,245
95,302,245
936,953,245
638,602,245
762,59,245
604,615,245
102,442,245
7,443,245
357,987,246
340,568,246
658,933,247
464,525,247
37,710,247
850,162,247
175,127,248
532,923,248
870,530,248
764,885,249
940,47,249
738,280,249
45,50,250
890,80,250
67,395,251
434,631,252
279,856,252
70,576,252
780,16,253
310,225,253
53,314,253
217,242,253
744,717,254
486,584,254
678,441,254
9,93,254
413,631,256
888,697,256
929,605,256
714,15,258
37,57,259
938,140,260
390,820,261
828,728,261
962,170,261
144,979,262
674,592,262
77,648,263
815,31,263
148,871,264
73,110,264
550,518,265
812,482,265
831,784,266
715,144,267
271,883,267
555,187,267
265,298,267
559,156,268
905,659,269
878,483,269
254,43,271
424,858,271
153,736,272
919,771,274
468,751,274
337,129,274
907,963,275
802,191,276
697,321,277
758,749,278
785,146,278
2,236,278
105,56,278
882,74,279
105,787,279
475,722,279
198,992,280
99,528,280
288,613,280
173,725,281
938,458,281
296,564,281
118,361,281
981,154,282
687,356,282
655,424,283
293,503,283
536,388,284
411,513,284
497,689,285
507,556,287
733,460,287
565,860,287
377,973,288
517,542,288
324,240,288
415,612,289
779,766,289
304,58,289
464,604,289
155,277,289
24,89,290
734,313,290
761,320,290
399,386,292
917,30,292
785,174,293
268,993,293
575,153,293
28,958,294
990,218,294
92,559,294
253,588,295
807,601,296
429,7,296
198,557,297
709,482,298
568,571,298
866,449,298
502,107,298
574,793,299
694,120,300
40,132,301
290,841,301
82,917,301
420,854,301
454,190,301
695,689,303
669,957,303
674,334,304
131,585,304
456,406,305
138,527,306
32,765,307
588,887,307
567,598,307
169,24,307
565,686,307
519,658,308
246,932,308
767,399,309
132,745,309
987,747,309
824,595,310
583,165,310
754,886,312
903,80,313
831,578,313
615,748,314
540,913,314
346,957,314
441,195,315
673,896,315
655,574,316
529,585,316
520,563,317
633,753,317
128,6,317
24,822,318
212,582,318
602,976,318
886,559,319
789,941,319
503,339,320
565,650,321
329,30,321
55,771,322
315,847,322
871,383,322
207,463,322
241,622,323
642,88,324
146,822,324
24,40,325
654,105,326
749,2,326
571,186,327
310,811,327
8,740,328
221,371,328
453,382,328
257,462,328
819,500,329
92,139,329
367,834,329
168,496,329
960,549,329
713,242,329
758,149,329
474,373,329
338,610,330
590,327,330
350,575,330
380,621,331
522,399,331
45,151,332
437,606,332
400,997,332
752,461,333
287,612,335
833,826,335
991,28,335
839,232,336
23,451,337
700,932,337
947,961,337
390,833,338
412,495,338
66,998,339
389,709,339
507,349,340
773,138,341
903,416,341
411,808,342
818,452,343
618,729,344
8,727,345
668,219,345
792,825,345
662,770,346
857,878,346
258,449,346
22,967,346
120,1,348
247,717,348
284,751,349
45,134,349
817,682,349
989,217,350
391,466,351
928,204,351
868,580,352
242,881,352
685,160,353
606,360,353
323,398,353
230,695,354
653,753,355
596,881,356
387,154,356
706,805,356
339,755,356
611,60,356
874,411,357
900,446,357
967,256,359
538,625,359
860,629,361
674,198,362
576,979,363
443,634,363
191,482,365
362,553,365
773,420,365
841,414,365
653,267,365
193,948,365
756,314,366
530,731,366
323,215,367
883,387,367
753,402,367
245,226,368
858,150,369
60,89,369
901,715,370
401,666,370
304,222,370
293,679,371
660,493,372
225,755,372
857,171,372
174,818,373
709,97,374
475,760,376
655,605,376
954,980,377
867,102,377
543,510,377
91,225,377
737,651,377
420,952,378
98,981,381
624,262,381
388,629,383
354,871,383
142,125,384
853,748,387
107,937,387
49,309,388
670,570,389
851,887,389
2,319,389
633,937,389
478,928,389
709,315,389
677,164,391
424,545,391
370,789,393
974,864,393
941,119,394
13,863,394
296,964,394
12,661,395
747,135,395
793,655,395
6,34,395
761,796,395
501,917,396
762,260,397
709,11,397
369,985,397
152,62,398
519,359,398
80,112,399
442,745,399
553,525,399
961,916,399
373,745,400
165,514,400
881,514,401
943,116,402
963,969,402
334,460,403
835,724,403
606,253,403
794,884,403
281,964,404
817,167,404
349,875,405
759,528,405
238,343,406
801,50,407
199,179,407
735,217,407
834,241,407
104,522,407
705,963,407
106,437,408
930,912,409
108,756,410
997,481,411
641,441,412
354,782,413
669,468,413
148,140,414
945,367,415
902,389,415
748,322,415
643,64,415
466,761,416
603,393,416
173,502,416
147,834,417
822,42,417
532,339,418
24,786,418
108,20,418
544,390,418
938,958,418
318,603,420
782,167,421
312,439,421
901,360,422
881,246,422
104,56,422
802,69,422
416,154,422
339,368,423
554,83,424
335,776,424
548,510,425
111,738,425
697,191,425
556,221,426
803,19,428
268,975,428
806,941,428
962,890,429
838,280,430
539,868,430
10,183,431
245,456,433
586,5,433
66,532,434
469,976,434
131,758,434
64,45,436
125,625,436
581,486,437
694,575,437
902,773,437
267,353,437
523,823,437
606,602,438
195,10,439
424,924,439
69,626,439
583,35,440
695,950,440
464,904,442
308,217,443
739,424,443
143,724,444
275,790,444
153,213,444
170,317,444
683,39,445
157,435,445
774,861,446
148,367,447
263,430,447
923,138,447
736,710,447
55,390,447
918,225,448
280,308,448
33,669,448
958,417,448
992,395,449
825,493,450
55,468,450
269,743,450
866,865,450
87,838,451
999,956,451
865,679,451
279,744,453
984,974,454
708,846,454
134,46,454
75,731,454
223,206,455
211,820,455
171,820,455
896,316,457
536,621,457
893,391,459
286,283,460
483,60,461
539,881,461
345,177,463
609,797,464
834,764,464
785,455,465
87,338,465
220,656,465
728,736,465
239,549,466
943,717,466
305,57,466
649,111,466
991,644,466
918,616,467
685,149,468
205,924,468
995,397,468
323,238,469
58,453,470
203,924,470
88,88,470
740,682,471
302,310,471
739,424,471
351,981,472
397,824,472
292,765,472
40,244,472
414,794,472
818,594,472
378,527,473
719,622,474
181,291,474
847,162,474
475,95,475
873,206,475
952,630,476
969,957,477
369,927,477
500,719,478
657,748,478
539,288,479
969,231,479
295,741,479
347,171,480
11,402,480
58,849,481
744,834,482
825,492,482
188,514,482
682,300,482
883,282,483
345,271,483
253,529,484
167,739,484
645,550,484
520,188,484
300,443,484
648,53,485
218,471,485
792,433,486
654,813,486
319,253,487
224,844,488
966,641,488
270,947,489
270,767,489
858,576,489
676,649,489
23,856,489
901,795,490
977,868,491
166,713,492
371,558,492
962,611,492
909,351,493
427,544,493
874,568,493
28,389,493
67,371,493
599,676,495
687,795,495
893,432,496
297,455,496
729,43,496
83,47,497
643,316,497
786,935,498
805,25,498
95,230,498
329,105,498
513,283,498
88,613,499
869,517,502
470,752,502
984,284,502
436,206,502
932,796,503
231,380,504
528,215,504
839,187,504
180,955,504
221,159,505
876,886,505
66,766,505
730,28,505
558,779,505
363,685,506
93,348,506
579,727,507
265,406,507
157,661,507
312,627,508
926,452,508
911,817,508
738,36,509
314,283,509
518,436,510
537,654,510
950,312,511
549,66,511
430,215,511
77,238,512
7,260,513
500,45,513
631,787,513
614,319,514
539,115,515
643,530,515
913,425,516
157,989,516
957,562,517
269,788,517
749,36,518
994,991,519
181,741,519
205,946,519
716,928,520
538,243,520
488,596,520
858,730,521
40,511,522
404,72,522
953,388,523
103,799,523
762,22,524
288,645,524
918,873,524
475,857,524
703,79,526
127,398,527
811,506,527
892,468,527
974,616,528
246,99,528
930,212,528
69,417,528
789,553,528
355,147,529
101,872,529
950,349,529
309,353,530
110,713,531
239,172,532
963,348,532
380,621,532
45,34,532
435,83,533
224,123,534
400,225,534
965,455,534
598,478,534
403,321,535
742,260,535
964,84,535
127,427,536
624,552,537
348,849,537
446,143,537
968,932,537
581,385,537
962,676,538
84,702,538
639,860,539
16,345,539
899,696,540
173,88,540
706,40,540
732,630,541
296,839,541
95,232,542
564,799,542
256,575,542
224,784,542
306,954,543
24,505,543
96,168,545
623,316,545
886,935,545
463,74,546
403,871,546
965,767,546
773,909,546
933,691,547
711,692,547
650,955,548
470,914,549
96,392,549
341,4,549
770,202,549
446,241,550
50,21,550
533,980,551
370,974,552
272,732,552
954,762,553
591,132,553
454,198,554
386,296,554
909,775,555
85,664,556
703,414,557
591,236,559
522,229,559
63,944,560
744,237,560
565,859,560
612,42,561
813,507,561
712,957,561
853,849,562
633,42,562
571,822,563
623,413,563
94,569,564
757,703,564
329,310,566
803,702,566
748,861,567
166,321,567
12,376,567
309,361,567
401,14,568
674,756,570
535,314,570
732,278,570
194,69,571
797,129,571
138,46,571
466,827,572
585,46,572
616,582,572
679,772,573
301,31,573
721,319,573
255,140,573
486,702,574
513,728,574
17,106,575
3,955,576
774,636,576
312,395,576
379,772,577
69,892,577
145,269,578
653,45,578
643,437,579
10,118,580
995,978,581
101,183,581
217,325,581
40,760,581
654,549,581
595,831,582
4,439,582
437,931,585
377,401,585
551,238,585
732,942,586
240,717,586
596,905,587
436,864,587
765,677,587
733,4,587
81,567,587
988,258,587
619,104,587
276,891,587
168,389,589
332,805,590
118,627,591
579,280,591
523,608,591
6,335,592
455,734,592
523,179,592
956,838,593
562,676,593
315,544,594
248,812,594
355,111,595
683,843,595
670,517,595
967,930,596
935,9,596
909,944,597
631,138,598
345,760,598
634,985,598
281,538,600
837,548,601
438,751,601
319,893,601
812,975,602
701,380,602
840,955,602
901,461,602
924,768,603
527,963,603
226,991,604
478,778,604
688,443,605
855,918,607
919,774,607
909,720,607
226,674,608
895,196,609
77,180,609
532,793,610
228,353,610
473,942,611
122,388,612
140,184,613
817,458,613
293,811,614
142,654,615
851,580,615
70,478,616
329,871,616
531,801,616
630,909,617
487,482,618
450,843,619
721,40,619
248,697,619
120,399,620
548,516,622
866,382,622
403,260,622
60,792,622
827,484,623
940,272,623
722,143,624
641,94,624
470,105,624
495,633,625
959,644,625
485,72,625
89,961,626
199,797,627
772,330,628
805,963,628
373,47,628
582,179,629
398,48,629
650,483,629
310,535,629
606,976,630
598,677,630
747,687,630
260,35,630
823,662,631
841,597,631
801,778,632
868,500,632
118,584,633
853,267,634
31,534,635
758,54,636
570,986,636
860,596,636
196,652,636
497,687,636
729,918,637
570,522,638
758,633,640
820,490,640
600,729,641
6,109,641
679,609,641
851,99,641
942,791,642
520,741,642
34,967,643
691,984,643
190,623,644
911,665,645
519,30,645
446,139,645
530,270,645
101,197,646
644,981,646
846,979,647
723,790,647
160,309,647
702,345,648
425,45,648
537,695,648
992,913,649
285,716,649
526,418,650
748,640,651
597,293,653
513,988,653
129,391,653
904,698,653
677,921,654
393,203,654
572,455,654
784,221,655
490,840,655
6,950,656
600,361,657
192,947,657
772,345,657
270,529,657
48,627,657
226,36,658
151,226,658
592,500,660
624,389,660
461,830,660
647,259,662
688,320,663
413,163,663
845,599,664
558,997,664
856,348,664
622,814,664
1,139,665
307,426,666
931,300,667
477,136,668
108,937,668
496,997,668
299,477,668
123,277,670
395,26,670
812,249,670
114,202,670
861,810,671
541,871,671
288,236,671
223,259,671
894,420,672
84,446,672
562,523,672
634,223,673
453,848,673
759,770,674
875,307,675
692,54,675
155,267,676
880,470,677
627,586,678
611,445,679
491,216,679
705,312,680
422,86,680
424,448,680
111,550,680
563,633,681
410,920,681
836,672,682
172,179,682
374,774,683
758,139,684
584,116,684
505,144,684
988,70,684
832,175,684
168,405,686
63,793,686
216,688,687
802,17,688
577,797,689
209,194,689
834,402,690
677,633,690
768,96,690
998,894,690
638,303,691
905,557,691
832,477,692
76,478,692
737,531,693
176,102,693
814,736,694
557,52,694
13,723,694
798,470,695
425,824,695
421,773,696
798,917,696
213,613,697
743,90,698
446,528,698
604,459,698
352,788,698
820,361,699
223,207,699
559,675,699
347,350,699
702,436,699
425,654,700
218,771,700
445,255,702
565,457,702
653,209,703
532,901,703
98,103,704
334,862,704
778,543,705
697,795,705
656,918,705
437,604,706
195,785,707
862,882,707
264,477,708
958,138,708
485,112,709
702,232,709
250,949,709
397,803,709
16,44,710
469,142,711
588,276,712
304,418,712
636,54,713
809,219,713
296,737,713
596,364,714
3,796,714
12,30,716
488,447,718
140,347,720
208,64,720
516,641,720
938,903,721
520,870,721
354,30,721
834,765,722
123,548,723
3,943,723
941,361,724
8,298,724
464,80,724
401,351,724
784,213,725
666,394,726
17,986,726
768,477,727
718,942,727
4,177,729
223,507,730
742,241,730
964,577,730
595,20,731
142,623,732
135,523,732
168,875,732
578,860,733
463,601,733
460,337,733
771,353,735
449,638,735
870,734,736
712,574,736
924,416,738
0,502,738
528,882,739
455,793,739
192,747,739
77,906,740
833,654,740
834,354,743
69,874,743
875,370,744
702,603,744
698,86,744
39,403,744
818,240,745
997,647,745
553,677,745
229,709,746
71,820,746
708,558,748
553,826,748
28,993,748
718,889,749
443,934,750
337,514,751
298,505,751
391,222,752
132,414,753
752,349,754
760,939,754
974,159,755
155,254,755
281,568,756
951,823,756
56,747,756
450,57,756
121,628,756
405,711,756
544,485,757
210,317,758
345,181,758
105,687,759
530,286,759
875,729,759
427,401,759
646,335,760
416,904,761
434,696,761
698,507,761
998,436,762
367,290,762
353,641,763
407,126,763
384,135,764
147,219,765
349,870,765
328,934,765
96,409,765
533,375,766
58,657,767
335,233,767
526,744,767
53,554,767
762,334,768
1,559,768
195,292,768
544,234,768
756,603,769
145,615,770
437,730,770
605,123,770
485,973,771
253,917,771
338,661,772
475,847,772
648,29,772
375,749,775
688,270,775
858,896,776
316,283,776
258,590,776
753,208,776
182,150,777
440,43,777
471,995,780
543,136,781
903,949,781
25,952,782
917,80,782
63,445,782
427,296,782
70,322,782
422,454,783
839,370,783
647,380,783
58,345,784
170,515,784
772,828,785
963,70,785
839,407,786
293,372,787
378,524,787
30,351,787
165,902,787
67,115,788
647,986,789
730,510,789
400,929,790
258,837,792
89,882,792
610,50,792
744,110,793
312,591,793
236,922,794
474,600,794
531,796,794
745,967,794
741,255,794
966,28,794
76,559,794
217,439,796
972,585,797
931,926,797
708,90,797
713,94,797
274,49,797
863,485,798
657,957,798
571,572,799
388,242,799
701,344,799
68,403,799
177,286,799
206,728,800
806,82,801
247,642,801
308,306,801
706,181,801
824,814,801
257,817,803
190,170,803
842,781,803
9,104,804
293,227,804
631,381,804
169,283,804
635,90,805
770,710,806
398,904,806
302,397,806
325,22,806
287,856,806
315,396,806
254,426,807
608,686,807
838,560,808
786,259,808
101,923,809
995,288,809
389,522,809
910,671,809
511,39,810
669,599,810
362,946,810
94,842,811
394,932,811
827,224,812
898,807,812
89,893,813
363,170,814
620,258,815
427,553,816
623,852,816
803,172,816
166,619,816
817,338,816
475,547,818
386,738,818
443,614,818
937,690,818
704,54,819
324,14,819
426,925,819
43,751,820
936,40,821
754,402,821
809,668,822
535,829,823
779,863,824
718,667,824
117,176,824
734,335,824
773,386,825
797,867,825
263,546,825
967,578,827
897,914,827
975,571,828
534,337,829
281,584,829
626,480,829
797,897,830
749,461,830
420,399,831
885,653,832
306,837,832
177,393,832
70,819,833
738,726,833
182,965,834
3,382,835
307,27,835
804,565,835
492,405,835
521,39,836
206,999,836
289,813,837
473,960,838
131,967,838
681,731,838
630,227,838
442,305,839
910,689,839
214,471,840
838,676,841
619,815,842
559,743,842
989,340,843
933,650,843
859,502,843
212,926,844
82,955,845
486,666,846
829,976,848
539,7,848
858,885,849
639,126,849
824,260,849
243,471,850
83,459,852
20,292,852
737,525,854
964,481,854
300,330,854
456,488,855
523,950,855
269,287,855
857,535,855
764,431,855
20,562,856
250,531,857
726,922,857
162,848,857
341,444,858
703,453,858
70,705,859
369,199,859
738,371,860
965,431,861
709,102,861
863,691,861
30,679,862
305,772,862
782,124,863
963,436,864
56,384,864
174,231,864
359,500,865
857,295,866
114,399,866
864,910,866
775,590,866
638,88,866
30,275,867
817,662,867
544,629,868
862,809,868
296,952,869
950,839,869
274,160,870
364,219,870
196,532,870
337,793,872
0,129,873
113,819,873
719,203,873
570,469,874
996,437,874
731,811,875
329,28,875
506,12,875
742,13,876
15,698,876
440,618,877
82,817,877
994,357,878
669,160,878
673,108,878
978,541,879
804,929,879
885,345,879
59,287,880
889,651,880
91,414,880
119,89,881
687,89,881
350,450,882
338,726,882
312,836,882
425,402,882
962,285,882
641,893,883
204,765,883
389,442,883
257,918,883
658,588,884
708,534,885
131,106,885
510,341,886
970,690,887
10,928,888
369,569,889
366,380,889
298,76,890
170,457,892
743,737,892
17,229,892
300,726,893
338,209,893
100,425,893
979,552,894
918,27,894
806,395,895
546,154,896
214,608,896
451,698,897
61,996,897
997,578,897
358,841,898
147,793,898
236,908,898
760,113,898
29,670,899
948,524,899
495,387,900
523,69,900
995,558,900
152,759,900
872,595,901
762,863,901
190,960,902
409,541,902
754,52,902
508,367,903
677,279,903
999,221,904
466,844,904
5,53,905
209,267,905
682,93,906
800,909,906
190,310,906
246,597,906
317,249,907
521,217,907
922,608,907
956,438,908
44,868,908
725,346,909
821,175,909
152,927,911
346,261,912
38,544,912
924,899,913
82,584,916
479,976,916
784,687,916
670,967,917
922,548,917
20,992,919
101,597,919
943,414,920
181,848,920
738,834,921
536,217,925
897,764,925
363,299,926
644,629,926
123,736,926
502,477,926
204,840,926
916,261,927
836,506,928
714,184,928
456,993,929
419,646,929
281,849,929
973,393,929
669,912,929
78,332,930
154,220,930
27,707,931
725,541,931
239,260,931
416,704,931
572,52,931
641,967,932
94,586,932
721,187,932
627,166,933
522,600,933
108,173,933
333,998,934
918,324,934
399,706,934
701,947,934
612,654,935
29,996,935
75,729,936
900,760,936
757,140,936
414,510,937
919,746,937
653,289,938
850,107,938
178,405,939
980,10,939
967,766,939
871,87,939
357,820,940
942,450,940
133,275,940
249,550,941
389,295,941
70,558,942
502,644,942
667,771,943
499,740,943
122,661,943
784,402,943
498,931,945
756,887,945
211,100,946
131,644,947
240,502,948
763,612,949
343,508,949
945,32,950
993,587,951
972,67,951
880,328,951
530,389,953
784,341,954
423,722,954
219,868,955
915,846,956
289,28,956
571,118,956
18,933,957
206,277,957
468,92,959
43,894,960
354,540,961
747,983,961
810,420,962
79,953,963
198,226,963
250,882,966
613,451,967
311,560,968
827,414,968
607,356,968
538,778,968
86,17,968
58,519,971
137,780,971
20,894,971
708,89,971
485,268,972
195,315,973
530,796,973
904,794,974
954,303,975
413,250,976
723,741,977
634,669,977
969,865,977
220,76,977
150,420,977
383,246,978
882,199,978
31,12,978
775,165,979
437,511,980
249,63,981
915,936,981
76,360,982
206,823,983
175,34,983
759,588,984
989,735,984
576,910,985
932,283,985
732,368,985
68,743,986
355,267,987
995,977,987
421,866,987
219,642,987
947,333,988
599,468,989
433,657,989
839,386,990
682,243,990
628,331,990
937,209,990
514,72,991
850,766,991
246,116,991
999,851,993
649,729,994
327,916,994
86,270,995
516,317,996
696,614,996
911,550,997
832,328,997
824,732,997
762,997,997
764,409,997
604,537,998
310,862,998
254,397,998
838,461,998
613,352,1
482,677,3
846,651,4
308,956,5
637,973,8
359,703,10
603,544,11
920,863,12
298,530,12
664,864,13
287,49,13
480,481,14
158,0,14
715,825,14
306,143,14
341,827,15
316,994,20
197,141,23
337,420,24
221,833,25
130,174,26
854,986,27
152,176,28
249,538,28
723,798,29
201,506,29
344,493,31
102,443,31
21,628,32
843,686,32
948,468,34
861,291,35
120,950,36
560,695,37
841,859,38
605,572,39
67,831,40
483,487,40
57,601,42
251,558,43
419,623,43
120,341,44
508,867,46
200,866,47
478,834,48
12,935,48
91,193,48
642,382,49
548,355,51
779,343,51
526,550,51
749,741,51
94,959,51
351,70,53
126,60,53
239,631,53
507,968,54
434,415,54
326,332,55
172,926,55
401,711,56
672,488,57
831,811,58
241,415,58
9,247,58
145,675,58
832,985,61
324,353,61
671,684,62
794,219,62
61,15,62
24,384,62
237,377,63
723,401,63
636,348,65
787,374,66
210,800,67
280,404,69
280,666,69
4,527,70
333,879,70
110,495,72
918,822,73
922,93,76
408,769,79
624,124,79
838,53,80
749,470,80
336,420,80
562,206,82
794,929,84
258,619,84
544,693,86
502,681,86
168,612,88
594,644,88
704,215,88
54,912,90
973,69,90
274,495,91
195,588,92
929,695,92
346,228,93
189,401,94
880,95,95
520,953,95
884,275,95
658,289,95
572,217,96
236,277,96
179,998,97
21,328,97
520,812,98
467,342,99
678,14,99
398,596,100
470,48,101
900,13,103
808,775,103
922,156,106
344,905,106
845,85,107
971,280,110
210,933,110
228,125,111
253,289,114
765,866,115
289,46,115
530,193,116
171,938,121
808,16,121
90,880,122
25,575,122
556,578,122
191,883,123
344,106,123
264,553,123
415,685,126
828,296,126
948,829,127
835,65,128
248,916,129
969,125,130
872,343,130
894,621,132
995,962,134
508,994,135
759,851,136
325,430,140
371,194,142
835,822,142
192,914,144
965,773,145
525,676,148
254,711,152
214,635,152
216,759,153
446,909,155
603,614,155
550,677,158
552,99,158
877,119,161
66,437,162
681,374,162
20,545,163
769,298,166
315,742,167
456,663,169
360,326,169
236,161,169
290,735,170
523,57,170
612,334,170
36,941,170
276,856,170
771,36,171
451,154,172
528,861,172
901,817,174
484,229,174
662,417,177
849,431,177
77,583,178
312,707,178
222,251,178
262,298,179
191,758,179
9,612,179
571,566,181
26,406,181
769,557,183
596,632,184
494,115,186
4,116,186
54,48,187
208,657,188
218,328,190
296,876,191
446,514,191
991,689,192
511,112,192
578,616,193
393,54,194
894,293,194
875,779,195
605,802,195
982,781,196
828,178,196
514,237,196
712,131,196
683,664,197
75,673,199
655,773,200
885,965,202
859,371,203
715,469,204
45,877,204
338,282,205
994,153,207
35,872,208
616,928,210
637,512,210
23,119,210
979,774,213
440,611,214
160,786,215
841,948,219
721,714,220
479,210,220
384,833,220
490,382,220
175,197,222
403,938,222
497,103,222
106,576,223
414,306,223
681,750,225
598,902,225
358,938,226
164,687,227
260,304,228
169,28,229
29,967,229
411,337,231
125,736,231
591,131,233
135,636,233
104,484,234
445,506,237
242,194,238
315,942,238
813,259,239
573,222,239
981,599,240
654,610,241
942,508,243
359,469,244
21,874,246
964,733,246
232,83,246
851,84,247
236,203,247
247,115,247
226,388,249
573,504,250
461,538,250
79,987,252
83,620,252
28,160,252
253,370,253
520,715,253
846,849,254
400,125,254
971,706,256
475,49,256
92,788,256
506,126,257
201,267,257
271,447,257
806,180,258
35,510,258
382,797,259
214,885,259
796,599,260
549,960,260
657,418,262
124,9,263
812,824,264
960,809,267
891,49,267
813,976,267
342,932,268
331,825,269
88,639,270
927,762,271
606,250,271
827,499,273
744,504,273
438,109,273
35,219,273
282,717,274
830,382,276
458,872,276
662,886,277
36,665,279
715,812,279
91,21,280
257,440,281
620,772,281
622,851,281
772,671,284
876,797,287
285,514,288
495,330,289
10,694,290
254,371,291
658,483,292
336,486,293
710,702,293
64,797,293
746,874,293
941,471,294
564,320,296
511,506,297
634,170,297
916,919,299
275,682,300
496,374,300
128,4,303
180,171,303
582,785,304
352,633,304
95,402,305
780,509,307
714,471,307
216,564,307
882,935,308
80,556,309
997,382,309
459,462,309
412,474,310
198,81,310
894,907,310
589,812,310
958,479,311
421,9,314
667,975,314
590,460,315
971,392,318
2,123,319
514,383,321
429,892,321
718,694,322
320,459,322
991,889,322
932,836,322
240,146,323
449,599,323
986,567,325
630,294,327
801,285,329
92,99,329
940,314,330
886,38,331
901,322,333
537,52,333
78,51,334
729,215,334
505,9,334
515,215,334
412,839,334
811,106,336
632,965,338
565,709,339
359,893,339
512,200,340
354,721,340
707,922,342
397,247,344
21,48,346
561,721,348
213,362,348
843,862,349
154,352,349
687,193,350
210,910,351
772,509,352
897,300,353
856,951,355
36,94,355
975,577,357
850,894,357
972,662,357
331,394,357
326,291,358
216,393,358
872,301,358
91,171,358
822,105,359
725,584,362
45,317,363
591,273,363
165,514,364
43,455,366
234,8,367
155,668,367
699,359,368
716,867,369
50,512,369
681,334,370
642,347,373
659,817,373
513,494,375
870,59,377
597,371,377
595,445,377
605,47,377
223,884,379
108,709,383
741,818,384
380,779,385
39,855,385
13,347,386
442,128,386
569,348,388
70,770,389
636,912,389
840,447,390
780,119,390
237,788,392
35,114,393
906,288,394
231,768,395
34,483,397
441,623,397
961,402,398
382,770,399
343,576,400
844,427,401
926,282,403
776,78,405
222,425,407
125,940,408
915,174,410
645,73,413
761,291,414
290,959,414
431,676,414
165,514,414
569,919,417
52,469,419
631,115,420
619,537,421
255,240,421
868,76,427
736,929,427
7,573,428
188,35,429
90,442,429
570,728,432
763,358,433
209,213,433
743,267,434
256,908,435
286,520,437
760,272,440
476,860,442
673,373,442
569,75,443
781,21,443
364,510,444
849,304,445
317,464,446
991,681,447
252,87,447
0,998,447
299,370,447
788,645,450
144,699,452
180,348,452
389,999,453
786,168,453
468,76,453
87,765,457
444,999,457
599,259,458
874,401,458
674,458,458
946,85,460
314,206,461
779,767,461
572,506,462
584,272,462
393,958,465
144,15,465
410,154,465
672,635,465
518,904,467
64,580,467
720,405,467
37,156,468
356,269,469
101,748,471
5,975,472
533,801,473
175,865,474
201,124,474
972,301,476
579,398,481
226,427,482
713,295,482
12,480,483
238,530,484
776,959,485
683,409,485
624,200,486
774,124,486
461,259,487
773,172,488
276,414,488
603,410,488
27,829,490
277,101,493
653,998,493
962,913,493
485,57,495
508,560,495
430,775,497
889,429,497
314,286,499
279,346,500
891,723,500
184,763,502
571,793,502
686,25,505
218,699,507
825,103,509
304,965,509
908,489,511
182,503,511
904,23,512
130,197,512
704,847,513
343,418,513
293,1,514
615,447,515
166,560,515
160,954,519
386,433,520
700,582,521
661,511,521
238,184,521
373,559,523
981,928,523
142,676,524
507,939,525
508,873,525
629,167,526
467,806,527
465,74,528
896,353,529
579,732,534
74,795,536
343,837,537
246,2,539
941,456,540
442,300,540
316,714,541
10,629,543
507,969,543
295,792,544
38,526,544
597,311,544
910,513,546
229,33,546
750,269,547
62,708,549
758,651,549
533,44,549
850,636,549
254,999,550
437,58,552
300,990,552
846,583,552
990,835,553
919,246,557
393,10,557
683,128,557
574,432,558
650,630,558
469,559,558
216,655,559
634,442,563
194,273,564
522,138,564
263,496,565
695,138,566
980,435,566
553,227,568
864,322,569
77,974,569
975,417,569
823,933,570
393,842,570
865,133,571
364,400,572
177,635,575
276,108,576
376,924,576
890,914,577
578,737,577
320,661,578
434,389,578
974,821,579
711,50,579
260,704,580
210,489,580
778,931,580
578,611,581
442,866,581
853,641,583
636,581,585
533,975,587
67,445,587
660,778,589
870,416,589
55,780,593
218,801,595
826,90,596
399,623,596
462,790,597
550,409,597
693,583,598
654,606,599
304,991,599
143,337,599
38,819,599
385,865,601
974,462,603
116,754,603
537,618,603
782,684,604
802,242,605
378,808,607
468,615,610
118,975,610
705,306,612
24,403,612
314,64,613
102,741,613
592,372,614
897,546,616
353,809,616
153,659,616
408,118,617
143,775,617
248,579,618
4,765,618
682,425,619
136,455,619
550,327,620
79,194,620
356,747,621
208,288,623
761,702,624
220,199,626
473,597,629
717,960,629
315,329,629
123,28,633
175,366,633
887,765,634
724,212,634
259,494,634
68,87,635
644,197,635
337,754,636
805,665,645
279,264,645
164,947,646
122,833,646
890,48,649
493,121,649
257,773,650
432,64,651
159,497,652
797,259,652
898,219,652
370,107,654
650,549,655
681,460,656
788,214,659
85,868,660
41,236,661
850,245,661
228,974,662
162,344,664
253,678,667
481,7,667
662,718,667
537,382,669
975,816,669
629,989,670
40,390,670
828,464,671
335,133,671
408,575,671
499,389,673
229,898,674
447,791,674
770,578,674
434,678,675
511,139,679
296,867,679
99,938,680
920,979,682
351,898,683
102,848,685
881,885,687
682,343,687
131,308,692
939,785,692
582,315,693
413,258,695
159,393,696
346,110,697
766,781,697
896,866,698
8,762,699
768,354,700
469,48,700
625,106,701
141,235,702
333,462,704
745,379,705
869,989,706
120,164,707
360,787,707
678,227,709
264,817,709
509,958,709
558,23,711
725,422,711
568,637,713
491,230,713
973,727,714
207,611,714
636,57,715
162,801,716
559,592,717
308,608,719
386,340,720
437,6,720
527,675,720
341,979,722
55,12,723
664,909,723
842,275,728
996,142,736
290,55,736
847,437,737
711,47,739
251,536,739
133,896,740
95,252,740
592,510,741
588,578,742
82,692,742
491,858,743
486,586,744
987,352,745
544,634,746
129,38,747
946,985,752
790,125,752
844,880,753
512,692,756
607,95,758
73,589,759
408,293,760
632,621,760
354,110,760
569,415,761
208,775,762
947,20,763
455,596,764
792,24,764
958,813,765
690,490,765
321,975,766
960,407,767
930,854,767
810,85,769
212,458,769
842,45,770
352,870,770
27,471,772
125,461,772
392,494,774
490,325,775
324,923,779
957,45,779
765,194,779
874,116,781
473,330,784
961,6,786
57,550,789
849,974,790
786,302,791
602,39,791
777,535,792
693,298,793
728,673,793
67,171,794
196,678,794
554,186,795
331,518,795
404,959,795
571,630,795
616,361,796
402,900,796
83,898,796
457,896,797
394,661,798
611,458,799
163,255,799
473,788,802
537,11,804
880,947,805
98,933,805
89,176,806
90,170,807
901,892,808
975,894,808
623,558,808
446,503,809
229,895,809
362,80,809
129,145,811
113,119,812
802,453,812
423,395,813
625,624,813
65,781,814
892,603,819
501,929,820
481,684,823
985,583,824
536,236,826
278,348,827
281,725,828
844,700,829
530,369,831
381,278,834
585,750,837
894,343,838
909,367,839
524,226,840
318,393,841
762,98,841
705,831,842
839,864,842
351,109,843
66,883,844
310,333,846
465,738,848
966,792,848
772,574,848
479,424,849
620,381,850
564,21,851
861,649,851
742,824,852
257,670,853
953,284,853
246,741,853
597,65,854
976,784,855
433,429,855
702,8,856
820,720,856
322,263,859
125,143,861
385,704,862
634,150,864
416,79,864
37,56,866
93,4,866
192,651,867
749,562,867
917,822,867
871,764,869
370,187,869
856,269,869
354,556,872
726,235,872
537,106,873
194,125,876
67,655,877
85,718,878
420,446,879
361,436,879
838,531,879
52,818,880
32,291,880
17,935,881
541,52,881
823,986,882
190,263,882
899,569,885
95,534,886
230,278,887
2,905,887
69,697,887
554,492,888
51,11,889
169,549,891
437,653,891
82,699,894
549,611,894
228,537,894
782,377,894
913,862,897
49,519,897
278,85,898
594,882,898
685,81,899
847,356,901
836,530,902
400,867,902
966,190,903
39,372,905
600,505,906
311,793,906
705,919,906
365,811,907
179,62,908
825,847,909
467,518,910
681,200,910
203,122,910
721,686,911
829,79,912
128,516,913
371,524,913
382,598,913
269,758,914
163,318,916
207,448,916
216,195,917
699,624,918
850,2,920
632,402,922
268,369,922
331,1,923
970,183,924
304,58,925
371,108,926
261,385,929
892,575,929
705,625,935
832,639,935
402,815,937
411,507,938
97,557,938
761,501,941
988,686,945
367,482,945
600,871,946
181,421,946
414,937,946
559,417,946
928,297,948
31,184,948
934,572,950
897,110,951
931,472,951
387,411,952
927,48,953
504,466,953
321,807,955
430,940,958
938,973,959
695,27,959
982,264,960
485,403,960
73,468,961
875,810,963
861,394,964
232,208,965
835,517,967
571,577,968
38,555,970
585,475,970
849,759,971
169,168,972
846,616,972
842,835,973
699,758,976
423,847,977
774,188,977
646,533,978
462,407,978
950,897,978
598,832,982
807,558,982
325,772,983
132,747,983
123,239,985
77,652,985
368,980,986
731,940,988
137,641,989
752,474,989
9,884,991
826,338,992
723,779,993
683,922,994
440,301,996
252,419,997
340,832,3
130,206,2
228,692,3
417,404,3
904,147,4
120,224,4
629,154,5
629,893,8
306,207,8
846,526,9
834,631,12
869,622,12
63,149,13
533,979,13
713,866,15
512,425,15
796,876,15
912,787,16
505,535,17
60,997,17
622,836,20
967,98,20
999,993,23
897,467,24
609,824,25
554,208,26
418,437,26
492,758,26
805,640,27
597,282,30
847,564,33
778,503,34
488,869,34
738,604,35
58,518,37
324,249,37
238,407,38
482,167,43
759,307,44
159,991,44
873,868,45
344,421,46
677,827,47
44,489,47
225,386,50
963,370,51
912,534,51
865,882,55
77,984,57
713,372,57
374,31,57
979,529,57
120,901,58
10,801,60
492,469,60
528,772,60
696,297,62
312,140,63
155,58,63
857,952,64
518,184,64
836,436,67
346,545,67
906,763,69
918,625,69
104,144,70
166,446,72
374,503,75
882,726,75
120,774,77
378,287,77
64,382,80
605,408,80
984,638,80
826,512,80
441,771,81
608,815,82
694,526,83
366,732,83
632,634,83
486,755,83
631,45,85
121,240,87
471,9,87
593,140,89
721,581,89
681,826,91
411,0,94
528,80,94
249,204,96
499,126,96
287,499,96
104,298,96
432,155,97
692,517,97
277,79,99
829,759,102
921,586,102
318,194,103
924,809,103
653,163,105
104,514,106
567,405,108
200,451,109
290,892,109
862,64,109
0,963,110
718,402,110
525,499,110
882,874,111
275,11,112
943,760,112
166,450,113
279,195,114
91,428,114
408,132,115
402,219,116
55,565,116
181,391,117
845,508,122
801,245,123
185,178,124
337,309,125
625,328,125
600,265,126
684,706,126
932,788,126
271,917,131
718,759,135
99,182,135
421,947,139
867,536,142
264,764,144
242,121,144
506,247,146
533,368,146
741,304,147
80,793,147
16,105,148
193,269,152
493,362,152
36,484,155
166,421,155
808,178,155
30,643,158
434,420,158
552,643,158
25,204,160
263,213,160
821,661,160
723,146,160
298,29,162
270,977,162
979,195,164
888,170,164
878,645,164
742,856,165
39,157,165
69,352,165
688,225,168
922,516,168
469,901,168
186,877,170
43,811,171
844,462,173
398,699,173
636,909,173
62,825,175
855,926,175
843,135,176
482,758,177
566,21,177
760,346,177
907,253,178
622,761,179
197,695,179
816,945,181
252,575,181
551,626,182
407,742,182
244,469,183
289,709,183
369,877,183
528,551,183
108,167,183
771,227,184
262,911,185
383,162,191
942,80,191
759,99,194
14,647,195
215,236,196
518,359,196
352,45,197
942,119,197
164,624,200
111,747,200
603,924,201
514,18,201
482,469,201
203,31,202
88,623,203
169,765,203
514,428,204
964,250,205
465,419,206
847,479,207
97,318,208
408,934,208
832,762,210
623,589,210
969,860,211
908,606,212
144,491,213
909,425,213
830,16,213
372,11,215
781,495,216
321,170,216
841,159,216
959,889,217
135,372,217
999,812,218
663,250,218
656,762,219
569,318,221
318,595,221
278,553,222
391,192,222
31,962,224
865,53,225
658,265,226
84,878,227
446,807,228
646,48,228
550,653,229
191,863,229
496,516,229
545,117,231
707,380,232
955,355,233
266,1,236
953,822,238
867,731,239
577,569,241
661,34,241
987,141,246
913,158,247
811,552,247
950,988,248
76,982,248
371,686,253
241,530,254
265,850,254
997,173,256
505,744,256
480,297,256
375,778,258
855,750,259
819,666,261
560,746,261
716,398,262
239,930,263
759,367,264
379,116,264
931,356,265
973,838,267
139,321,267
758,66,270
372,481,270
583,447,273
58,651,273
318,233,273
310,723,274
923,178,275
818,486,275
82,114,275
102,668,275
751,23,277
302,322,277
489,276,278
159,400,279
391,647,281
647,527,283
708,713,284
616,350,286
972,109,286
719,714,287
252,714,287
669,624,289
363,458,290
616,322,290
419,685,292
801,735,292
24,736,293
347,568,293
745,402,294
940,298,295
156,513,296
631,855,296
946,708,299
173,83,300
587,941,300
289,103,301
958,21,304
188,718,305
617,874,307
996,141,310
667,196,312
869,830,313
116,392,313
795,35,314
428,749,318
763,304,318
385,510,319
939,715,320
738,9,322
699,938,322
894,169,324
499,93,324
28,591,324
75,746,325
555,664,326
343,599,328
563,793,328
929,196,329
554,485,330
414,458,330
146,616,330
951,7,331
323,38,332
841,351,333
26,964,333
636,981,337
824,987,338
274,380,338
247,820,338
56,397,341
670,830,342
982,676,344
676,823,346
207,269,348
107,844,350
796,86,350
950,66,351
782,839,351
221,985,352
588,158,353
971,943,354
367,284,354
615,394,354
156,832,360
670,684,361
276,220,361
276,411,362
497,284,363
891,288,364
502,806,366
761,12,366
251,457,368
567,638,370
967,922,370
615,276,372
718,361,374
112,98,375
685,545,375
774,488,377
74,555,378
368,105,378
484,56,380
178,839,382
764,483,383
607,621,385
558,605,386
228,306,389
125,395,389
445,317,390
689,899,391
965,14,394
710,872,394
103,553,394
768,933,395
818,552,395
908,839,395
574,940,395
217,340,398
919,808,399
378,603,399
798,360,399
931,878,399
659,820,399
776,731,402
929,925,403
636,271,403
138,226,405
860,767,406
746,367,406
958,886,407
444,366,407
175,197,409
362,878,410
762,642,410
219,242,411
169,976,411
888,143,411
212,989,411
874,183,411
704,763,414
796,853,414
52,270,414
579,935,415
269,790,416
758,791,416
731,291,417
910,383,419
774,490,420
731,526,422
326,625,422
412,30,423
348,773,424
554,913,424
790,674,425
253,95,426
362,362,427
305,775,428
54,893,432
534,599,432
929,275,432
854,712,435
177,690,436
175,4,437
391,91,437
346,310,437
780,749,438
114,128,438
152,606,438
697,899,440
824,227,441
384,169,441
917,97,444
629,786,445
24,177,446
854,156,447
174,168,447
907,470,448
927,58,448
163,442,449
495,967,450
522,308,451
456,742,451
712,659,451
937,305,452
343,812,452
593,515,453
659,344,453
301,180,453
471,766,454
864,290,454
557,357,456
101,681,456
756,370,459
87,510,459
768,242,459
254,415,460
63,485,461
7,279,462
80,23,462
106,877,462
795,122,463
541,13,465
347,741,465
983,240,465
903,472,465
707,644,466
673,330,466
267,602,467
202,599,467
838,147,469
30,250,470
735,810,471
703,108,471
676,342,472
768,713,472
18,4,472
637,260,473
800,832,473
368,843,475
57,547,476
451,153,477
938,828,478
109,460,478
436,962,478
674,604,479
486,500,485
453,308,486
99,37,487
708,128,489
225,312,489
1,134,489
20,18,492
484,901,492
228,45,493
399,492,495
103,910,496
234,671,498
182,181,499
807,447,500
574,849,500
858,923,500
461,592,501
957,755,501
932,326,501
211,147,501
176,643,503
268,644,503
330,890,505
281,174,507
213,842,510
908,641,512
281,444,512
247,704,512
831,350,514
944,146,514
629,556,515
356,145,515
616,741,516
305,318,516
459,625,517
334,87,517
642,189,519
671,905,520
511,178,521
590,969,523
679,22,523
302,593,524
892,131,530
310,422,531
950,815,532
241,249,532
870,908,532
905,612,532
132,729,533
552,275,534
37,843,534
939,546,534
165,579,535
301,485,536
895,428,536
52,296,537
558,862,537
50,582,537
110,62,540
36,113,540
364,558,543
982,651,543
112,298,543
509,895,544
216,592,544
745,491,544
224,590,545
792,524,547
440,848,549
318,101,549
983,466,550
477,384,550
606,739,551
694,976,551
900,133,552
405,117,552
474,524,553
13,570,553
99,841,555
187,356,557
559,793,560
145,812,561
3,713,561
803,476,563
623,568,564
280,444,565
753,662,565
347,647,565
936,392,565
199,357,567
606,202,567
635,173,569
580,660,569
215,773,570
140,936,571
171,389,572
962,486,574
939,200,574
330,701,577
54,366,579
310,261,579
347,336,582
241,540,583
451,580,583
892,848,584
336,123,585
21,640,588
494,57,588
846,151,588
317,106,589
829,670,589
599,992,592
705,805,592
143,230,592
35,212,595
209,125,596
208,710,597
630,79,597
395,618,597
811,471,597
539,551,598
246,464,598
373,205,600
605,570,600
976,330,600
436,304,601
412,230,602
95,186,602
494,22,604
262,975,605
3,45,605
181,68,606
475,691,609
691,811,609
115,749,612
72,699,612
175,552,612
800,743,612
108,911,613
275,467,613
531,879,613
60,70,615
230,607,615
512,632,615
323,714,616
375,202,616
176,826,617
684,590,618
852,390,620
842,263,622
500,928,623
879,998,624
413,601,625
65,927,626
780,420,626
111,467,627
376,820,628
13,325,629
856,221,629
11,630,631
382,989,631
550,447,633
101,546,634
633,417,634
452,422,635
727,87,638
500,223,638
235,179,639
685,986,639
416,431,639
763,797,640
496,975,641
497,136,641
780,786,642
901,780,642
599,22,647
372,725,650
868,146,650
418,152,651
262,189,651
411,678,651
155,434,652
767,696,653
341,264,654
880,485,655
443,836,655
524,201,660
875,295,660
933,865,660
453,897,662
280,86,662
495,813,662
16,97,662
190,32,664
66,972,665
401,119,665
250,665,665
117,350,666
97,177,668
223,991,669
542,1,670
144,734,671
500,341,671
201,493,671
849,57,672
496,873,674
903,147,675
67,123,676
609,183,676
989,608,677
582,641,677
237,276,681
643,372,685
189,941,685
794,589,685
26,881,686
398,416,687
149,347,689
75,361,689
704,339,693
479,596,693
169,446,694
198,339,694
774,627,695
322,120,696
240,571,697
56,786,697
417,676,697
65,981,699
982,61,699
209,66,699
770,5,699
684,667,700
591,403,700
28,307,700
581,207,700
137,23,701
900,640,705
99,880,705
326,449,706
867,930,706
464,219,708
360,28,708
563,226,708
848,140,709
232,314,714
677,790,717
362,487,718
712,16,718
820,340,719
718,672,719
732,132,721
407,541,724
621,622,726
198,525,726
894,577,726
497,600,727
339,66,728
792,646,730
329,593,730
428,814,731
472,503,731
822,982,734
113,619,734
886,545,734
832,66,735
48,994,736
566,132,737
991,98,737
449,354,738
632,857,738
266,615,739
2,755,739
770,156,740
556,933,744
876,420,744
505,914,745
134,95,746
432,531,746
263,593,747
40,717,747
195,120,748
999,476,748
527,302,749
962,811,751
20,480,752
163,228,752
831,808,753
447,29,753
638,275,753
874,597,753
154,976,754
209,564,756
210,29,758
220,284,758
871,290,759
858,404,759
523,69,759
200,297,760
339,471,760
431,358,761
875,324,762
832,796,762
439,498,763
714,620,765
53,68,767
912,7,768
791,908,769
216,541,770
332,431,770
841,801,770
970,911,771
626,267,771
654,965,771
898,782,774
121,134,774
847,578,775
800,957,775
830,762,775
615,237,777
705,331,778
767,993,781
372,70,782
135,758,782
843,68,785
11,152,786
817,133,787
349,572,787
603,624,788
144,152,791
137,565,793
177,527,796
788,602,799
965,51,801
540,928,801
701,95,803
974,126,804
234,937,804
557,788,804
649,500,806
801,110,807
73,544,807
970,666,807
477,121,807
670,372,808
702,907,809
234,277,809
564,129,810
820,604,813
144,270,814
859,573,814
58,529,814
158,831,816
69,831,817
654,33,817
611,741,818
179,957,818
202,377,819
563,353,820
111,519,821
660,785,821
499,351,823
962,454,824
854,591,824
962,458,825
681,201,826
671,649,827
757,886,827
571,875,827
44,759,828
481,640,828
159,57,829
284,359,830
543,758,832
351,254,832
5,789,832
840,648,836
679,843,840
442,285,840
336,659,841
168,412,842
382,897,844
38,879,845
844,936,845
152,681,846
564,478,846
633,60,847
320,555,847
436,733,848
193,679,849
479,417,850
854,197,851
68,149,852
789,515,853
180,272,854
932,852,854
545,534,855
861,942,855
204,61,855
489,724,855
103,8,855
354,443,857
41,64,857
423,518,858
53,978,858
612,565,860
741,224,861
877,871,861
373,592,867
609,497,868
87,588,868
134,733,869
558,557,870
74,398,871
652,962,872
737,488,872
808,852,872
745,842,875
155,325,875
764,616,876
466,659,877
271,356,880
486,242,880
547,932,883
753,119,884
250,435,884
526,400,886
161,164,887
581,726,888
721,212,888
123,993,889
56,72,891
477,438,891
412,537,891
46,554,891
86,978,893
774,389,893
777,806,894
90,58,895
278,896,897
137,89,905
695,760,906
379,37,909
790,995,913
115,747,913
700,750,914
826,418,916
690,497,919
677,91,921
326,141,923
458,219,923
190,222,923
3,893,924
932,389,925
715,728,926
86,615,927
772,904,927
80,886,930
299,924,932
967,543,933
211,323,934
54,145,935
156,573,935
745,745,936
774,816,936
796,49,936
321,695,937
564,974,937
29,242,938
780,190,940
598,633,941
106,894,942
151,143,942
588,173,943
590,29,944
917,146,944
404,503,945
885,516,949
684,184,949
675,647,950
730,894,950
426,209,951
50,726,952
183,446,952
474,488,953
45,413,954
130,695,955
37,803,956
970,314,958
318,207,958
733,508,959
724,293,959
937,805,960
835,971,962
710,523,964
633,429,967
148,679,969
311,164,970
44,506,971
465,423,971
399,389,972
961,631,976
512,555,977
714,617,977
193,385,979
461,205,980
123,872,981
475,859,983
273,745,984
115,41,984
980,247,985
764,657,987
341,979,987
637,439,989
564,732,990
720,885,990
733,171,990
529,179,991
131,454,991
276,943,991
767,449,992
56,660,992
706,543,993
133,165,994
746,651,995
729,992,997
955,351,998
412,695,0
189,278,1
372,356,1
