665,214,0
665,214,0
217,40,3
217,40,3
155,91,5
155,91,5
336,9,7
336,9,7
664,741,9
664,741,9
664,741,9
980,483,10
904,791,12
904,791,12
904,791,12
934,113,13
934,113,13
988,180,15
988,180,15
12,434,16
12,434,16
817,391,18
817,391,18
85,802,20
85,802,20
24,202,22
75,627,23
177,336,24
71,707,24
99,63,24
177,336,24
107,457,25
513,339,25
792,942,27
792,942,27
658,534,28
658,534,28
176,211,32
176,211,32
157,517,33
157,517,33
391,581,35
391,581,35
957,702,38
344,478,39
375,174,40
375,174,40
209,501,43
209,501,43
209,501,43
317,797,43
768,148,47
768,148,47
327,448,49
327,448,49
519,775,50
690,462,50
969,679,52
233,907,53
233,907,53
233,907,53
114,765,55
114,765,55
551,948,58
551,948,58
866,194,59
820,239,59
612,714,61
612,714,61
432,444,62
432,444,62
588,176,63
588,176,63
843,110,65
266,634,66
266,634,66
837,62,68
837,62,68
41,583,69
41,583,69
339,512,71
509,119,71
910,799,73
597,919,76
726,813,76
983,285,76
597,919,76
744,34,76
940,698,80
121,479,82
121,479,82
524,984,84
524,984,84
345,887,85
345,887,85
892,238,88
892,238,88
155,776,89
155,776,89
155,776,89
393,335,93
393,335,93
440,662,94
440,662,94
928,278,96
928,278,96
928,278,96
580,555,96
35,468,98
35,468,98
488,783,100
488,783,100
958,37,101
958,37,101
536,235,103
536,235,103
863,565,105
863,565,105
682,399,108
682,399,108
682,399,108
128,275,108
745,891,109
763,883,109
742,854,114
578,740,114
742,854,114
545,164,118
100,991,118
545,164,118
499,888,120
499,888,120
828,104,122
828,104,122
673,31,124
673,31,124
599,502,127
599,502,127
508,897,129
684,293,129
508,897,129
355,360,130
355,360,130
175,298,133
175,298,133
335,922,134
37,711,134
309,537,136
309,537,136
268,108,137
268,108,137
661,532,138
148,366,138
918,256,140
918,256,140
330,742,143
480,849,144
480,849,144
641,770,147
641,770,147
529,681,149
529,681,149
377,641,150
377,641,150
184,879,153
184,879,153
508,984,154
734,112,154
936,86,156
877,310,156
328,221,160
328,221,160
19,677,162
19,677,162
816,668,164
145,592,164
313,551,167
313,551,167
5,558,169
496,329,169
19,124,173
287,962,175
287,962,175
210,507,178
210,507,178
504,716,180
504,716,180
315,916,184
315,916,184
678,522,185
467,547,185
925,670,187
664,329,188
664,329,188
664,329,188
167,909,190
167,909,190
229,563,193
229,563,193
717,187,194
70,50,194
953,516,199
953,516,199
953,516,199
58,290,199
771,653,201
771,653,201
771,653,201
399,892,202
399,892,202
688,480,204
688,480,204
343,215,207
343,215,207
103,162,208
103,162,208
191,435,209
191,435,209
542,789,210
542,789,210
907,638,213
907,638,213
268,493,215
268,493,215
36,255,216
874,50,216
96,801,217
96,801,217
461,928,220
461,928,220
343,551,221
323,258,221
457,245,223
457,245,223
259,935,224
155,916,224
567,639,225
567,639,225
706,369,228
103,622,228
706,369,228
839,583,231
305,302,233
305,302,233
579,433,234
579,433,234
694,385,235
318,699,237
318,699,237
813,441,238
941,682,239
941,682,239
620,281,241
620,281,241
305,877,242
587,318,242
725,272,243
171,888,243
370,276,246
370,276,246
216,566,247
40,604,247
383,768,249
383,768,249
83,57,249
383,768,249
83,57,249
121,38,250
349,275,252
349,275,252
701,344,254
701,344,254
9,579,257
9,579,257
214,831,260
214,831,260
557,305,261
557,305,261
811,418,262
919,773,262
229,378,264
612,560,265
908,350,268
908,350,268
380,883,269
821,765,270
821,765,270
821,765,270
492,882,271
492,882,271
343,268,272
984,34,272
806,510,275
806,510,275
839,191,277
839,191,277
117,936,279
117,936,279
646,587,280
132,835,281
132,835,281
30,473,283
30,473,283
383,877,285
322,728,288
378,817,289
378,817,289
993,881,293
437,279,294
100,645,296
100,645,296
567,307,298
567,307,298
884,744,299
695,397,299
229,973,302
229,973,302
145,637,304
145,637,304
682,251,307
682,251,307
710,474,309
710,474,309
685,246,314
685,246,314
749,946,315
749,946,315
274,693,319
274,693,319
94,837,321
94,837,321
273,365,323
273,365,323
273,365,323
492,714,323
708,61,327
708,61,327
708,61,327
432,402,327
910,549,331
910,549,331
910,549,331
155,793,331
404,386,334
404,386,334
404,386,334
825,481,334
372,946,337
372,946,337
965,370,339
965,370,339
688,864,342
688,864,342
981,204,345
981,204,345
619,108,348
457,507,349
300,239,350
300,239,350
451,484,352
451,484,352
832,656,354
129,913,354
819,832,355
898,407,356
389,858,357
389,858,357
898,596,359
898,596,359
289,727,360
289,727,360
861,292,361
336,587,362
336,587,362
745,954,363
100,740,364
100,740,364
302,788,366
391,718,366
991,415,366
302,788,366
203,213,367
471,311,367
897,595,369
897,595,369
110,566,370
110,566,370
122,986,373
122,986,373
911,199,374
32,58,375
464,572,376
464,572,376
464,572,376
808,456,377
851,432,377
808,456,377
823,297,380
891,326,384
891,326,384
834,316,385
248,710,387
248,710,387
617,640,389
575,91,391
575,91,391
784,444,392
588,642,393
757,888,394
757,888,394
169,226,395
169,226,395
996,414,396
996,414,396
466,105,397
308,246,398
308,246,398
505,252,399
485,740,400
485,740,400
154,83,402
154,83,402
469,457,403
469,457,403
989,99,407
989,99,407
861,815,408
280,804,409
104,498,410
104,498,410
273,283,412
273,283,412
586,206,414
586,206,414
17,342,416
743,513,416
378,407,420
378,407,420
525,256,422
525,256,422
435,204,424
435,204,424
564,153,427
564,153,427
409,130,430
409,130,430
647,50,431
647,50,431
62,241,433
62,241,433
907,590,436
448,84,437
364,382,439
364,382,439
150,32,441
150,32,441
272,876,442
974,92,445
974,92,445
415,498,446
806,302,447
806,302,447
966,805,448
617,10,449
617,10,449
617,10,449
390,825,451
390,825,451
659,600,452
982,972,455
982,972,455
973,440,456
973,440,456
534,37,458
337,896,458
219,750,459
837,382,459
823,542,461
823,542,461
864,50,463
864,50,463
57,820,464
57,820,464
444,601,466
450,39,467
450,39,467
609,640,471
609,640,471
930,902,472
930,902,472
104,225,474
104,225,474
104,225,474
793,34,474
956,931,478
700,901,479
700,901,479
752,260,483
425,482,483
557,897,483
752,260,483
903,821,487
903,821,487
152,162,491
152,162,491
782,899,492
782,899,492
411,569,494
411,569,494
177,412,498
177,412,498
177,412,498
137,244,498
403,830,502
403,830,502
703,598,504
800,953,504
728,421,506
728,421,506
865,18,507
865,18,507
568,655,509
568,655,509
924,510,510
898,767,510
829,867,512
829,867,512
464,710,513
584,631,513
238,532,517
238,532,517
181,250,519
922,515,519
922,515,519
181,250,519
905,262,521
905,262,521
732,635,522
432,844,522
143,356,525
528,395,527
206,199,528
668,225,532
668,225,532
84,131,535
84,131,535
84,131,535
962,568,535
364,892,537
364,892,537
181,815,538
181,815,538
440,445,540
440,445,540
691,669,542
691,669,542
183,778,543
183,778,543
63,792,545
559,383,545
17,747,546
17,747,546
443,395,549
562,793,550
562,793,550
765,591,552
765,591,552
982,149,553
982,149,553
991,226,556
991,226,556
834,734,557
834,734,557
468,807,559
468,807,559
918,982,561
60,735,561
383,538,562
859,324,563
859,324,563
685,674,565
926,449,566
926,449,566
932,865,568
932,865,568
690,827,572
690,827,572
865,906,573
865,906,573
208,661,574
414,87,574
842,249,575
117,356,576
835,35,579
835,35,579
939,284,580
939,284,580
184,146,581
44,18,581
184,146,581
690,41,581
138,466,582
863,825,583
150,270,583
666,639,583
863,825,583
195,967,585
195,967,585
144,133,587
144,133,587
995,686,588
406,813,589
406,813,589
30,456,590
966,714,592
966,714,592
98,359,594
98,359,594
16,495,597
16,495,597
452,26,598
452,26,598
563,988,600
415,188,600
864,972,602
864,972,602
925,489,604
925,489,604
946,282,606
946,282,606
415,661,608
415,661,608
415,661,608
432,285,608
469,992,610
469,992,610
469,992,610
978,358,613
978,358,613
848,358,615
153,936,615
554,782,616
553,992,618
614,975,619
614,975,619
56,853,620
274,433,621
781,862,622
676,154,623
676,154,623
993,56,624
993,56,624
951,970,626
951,970,626
324,462,628
324,462,628
124,647,630
124,647,630
650,811,632
878,546,632
650,811,632
167,868,633
167,868,633
817,262,638
817,262,638
796,458,641
796,458,641
777,335,642
777,335,642
989,263,643
989,263,643
195,951,645
195,951,645
408,179,647
886,881,647
408,179,647
635,917,648
635,917,648
608,897,649
278,819,649
563,186,653
712,928,653
48,946,654
53,594,654
725,383,656
725,383,656
6,240,657
6,240,657
283,617,658
706,155,658
283,617,658
350,310,659
56,281,660
56,281,660
56,281,660
360,581,664
360,581,664
743,96,667
743,96,667
268,213,669
945,773,669
755,74,671
898,960,671
755,74,671
524,677,675
524,677,675
957,689,676
75,65,676
80,393,680
849,105,681
849,105,681
466,254,683
466,254,683
989,643,685
989,643,685
158,302,686
936,927,686
936,927,686
158,302,686
529,613,688
529,613,688
354,833,689
768,489,690
783,922,691
262,313,694
262,313,694
678,868,695
678,868,695
431,475,698
431,475,698
431,475,698
784,550,698
537,971,699
537,971,699
537,971,699
823,732,701
823,732,701
722,736,704
722,736,704
396,144,705
26,598,706
26,598,706
38,643,708
38,643,708
38,643,708
131,858,708
723,51,709
953,783,712
953,783,712
282,241,714
871,599,714
444,535,717
444,535,717
980,915,720
980,915,720
804,813,721
804,813,721
860,100,725
860,100,725
348,322,727
348,322,727
161,700,728
161,700,728
226,584,729
755,228,730
755,228,730
603,837,731
603,837,731
16,641,732
137,393,734
137,393,734
911,630,738
911,630,738
755,148,740
755,148,740
517,640,745
517,640,745
594,799,747
594,799,747
328,847,750
328,847,750
642,294,751
755,353,751
522,935,751
642,294,751
255,215,752
401,833,752
547,387,754
65,529,754
683,306,757
683,306,757
865,823,761
865,823,761
561,961,762
561,961,762
561,961,762
764,263,764
764,263,764
180,371,767
180,371,767
363,369,769
363,369,769
689,605,773
501,654,773
78,569,775
78,569,775
378,929,778
378,929,778
399,36,779
399,36,779
948,420,780
39,938,783
39,938,783
330,16,784
330,16,784
645,489,785
645,489,785
658,682,786
658,682,786
888,145,788
888,145,788
776,475,791
776,475,791
748,505,792
748,505,792
748,505,792
836,350,793
982,685,794
982,685,794
947,599,797
947,599,797
113,25,798
113,25,798
555,615,803
555,615,803
761,593,804
388,474,805
388,474,805
795,553,808
338,784,808
795,553,808
375,940,811
302,152,812
302,152,812
221,256,815
221,256,815
441,199,816
441,199,816
510,559,817
510,559,817
498,838,820
498,838,820
363,184,823
363,184,823
839,158,826
839,158,826
839,158,826
605,769,826
353,292,828
353,292,828
946,632,829
946,632,829
891,5,832
891,5,832
245,234,833
245,234,833
621,42,834
832,469,835
832,469,835
822,505,837
963,694,837
724,978,838
213,5,838
925,683,839
711,52,839
862,43,841
862,43,841
109,973,842
109,973,842
499,872,844
499,872,844
658,743,847
658,743,847
892,258,850
50,66,851
50,66,851
50,66,851
770,857,854
770,857,854
937,333,856
937,333,856
567,430,857
202,743,858
974,52,860
693,245,861
702,115,862
702,115,862
52,774,863
52,774,863
804,843,866
422,771,868
422,771,868
580,598,869
580,598,869
759,751,874
759,751,874
531,376,876
666,707,877
960,308,879
960,308,879
986,68,881
469,301,883
469,301,883
354,808,884
507,340,885
507,340,885
256,529,888
256,529,888
562,454,890
562,454,890
751,8,891
342,682,892
342,682,892
294,86,893
294,86,893
814,990,895
814,990,895
360,82,899
360,82,899
886,776,902
296,717,903
55,523,903
296,717,903
570,816,904
362,308,906
362,308,906
467,353,907
467,353,907
675,853,909
615,841,911
615,841,911
584,410,912
584,410,912
584,410,912
255,915,914
542,707,914
255,915,914
819,284,915
564,818,916
41,367,916
358,655,916
564,818,916
414,441,921
414,441,921
978,231,925
475,969,927
475,969,927
28,87,928
108,90,929
231,867,931
663,88,933
663,88,933
499,763,935
695,811,935
274,378,938
274,378,938
572,441,940
572,441,940
572,441,940
201,91,940
235,256,943
235,256,943
188,615,945
188,615,945
900,869,948
900,869,948
993,584,951
993,584,951
425,197,953
760,117,955
538,404,956
665,116,958
665,116,958
665,116,958
946,199,959
946,199,959
88,743,960
207,102,960
681,744,961
793,805,961
389,324,965
389,324,965
606,509,966
42,668,970
42,668,970
746,17,971
746,17,971
680,73,973
680,73,973
809,241,976
809,241,976
236,515,977
453,193,977
164,743,979
164,743,979
673,754,981
673,754,981
757,889,983
757,889,983
999,770,984
886,659,985
914,716,988
914,716,988
632,735,989
632,735,989
602,613,991
602,613,991
736,331,991
999,612,993
902,526,994
360,41,995
360,41,995
793,548,998
793,548,998
793,548,998
793,548,998
