350,235,1
565,889,3
854,734,3
763,458,4
700,590,4
265,338,4
175,163,5
753,109,5
993,575,8
363,632,9
969,113,9
587,296,9
799,667,9
263,53,10
234,131,11
662,610,13
806,813,13
510,659,14
135,679,14
637,171,16
288,506,17
343,212,18
672,23,18
350,432,19
94,144,19
218,342,19
179,674,20
603,970,24
720,327,25
466,884,25
560,739,27
868,172,28
546,979,28
173,271,30
702,3,30
693,224,30
483,956,32
340,296,34
517,246,35
612,151,36
583,557,37
918,330,39
137,741,40
477,599,41
159,7,43
524,3,44
873,932,45
933,437,45
488,289,45
512,504,45
727,990,46
451,509,46
837,933,48
977,928,49
493,322,49
946,571,50
748,203,51
485,43,52
931,523,54
851,411,55
825,319,55
504,860,56
709,399,58
35,419,61
566,501,61
293,693,62
899,255,62
840,680,63
999,602,64
295,59,65
117,402,65
825,176,66
175,645,66
974,123,66
389,922,71
701,288,71
173,538,72
465,536,73
479,791,75
530,511,75
855,88,82
512,126,82
511,142,82
77,90,84
12,553,84
296,906,84
372,466,85
49,925,85
73,56,88
104,782,88
108,971,88
129,1,89
726,418,90
61,692,91
669,127,92
828,656,92
976,545,92
614,448,94
476,62,97
845,299,98
372,249,98
108,86,100
486,697,101
247,72,101
83,911,101
317,598,102
727,808,102
217,188,102
383,521,105
696,826,106
185,150,106
738,472,106
601,360,108
712,977,109
582,240,110
61,459,110
409,276,112
110,324,112
820,522,112
300,900,112
740,498,112
691,99,114
613,756,114
448,650,114
887,568,116
697,570,116
942,850,117
269,261,117
799,606,119
704,773,119
190,482,120
982,573,121
510,99,121
70,738,121
643,129,121
897,654,122
702,935,123
638,335,123
783,757,123
222,140,124
244,672,124
927,737,125
646,220,125
431,877,125
879,937,126
284,250,126
749,889,128
193,591,128
862,884,128
983,849,129
445,976,130
710,105,132
46,218,132
439,5,134
656,656,134
169,691,134
934,985,135
716,270,136
824,943,136
268,710,137
19,579,138
393,820,140
537,704,140
352,737,140
324,741,141
381,799,141
674,780,141
510,591,142
387,735,144
945,355,144
727,85,146
65,320,146
485,182,147
130,566,147
217,813,148
327,839,149
695,59,150
449,424,150
661,306,150
148,395,151
674,549,151
221,214,153
250,726,154
807,780,154
440,897,155
77,520,156
510,769,156
532,37,160
305,123,161
962,89,162
792,667,163
453,862,163
869,771,164
28,541,165
71,546,165
35,638,166
212,519,166
802,305,166
578,512,167
267,321,167
881,0,167
194,615,167
300,507,167
600,563,168
998,343,170
938,15,170
893,604,171
874,985,173
208,689,173
42,286,174
496,224,174
305,188,176
254,580,177
444,473,179
701,264,179
229,991,180
509,58,182
484,90,184
547,871,184
323,937,184
976,497,184
739,31,184
506,930,185
590,70,187
391,244,187
374,9,187
767,372,188
582,209,189
59,815,189
252,727,190
366,531,191
298,533,192
982,999,192
268,403,196
942,454,197
370,341,197
98,557,198
604,91,198
633,60,199
377,476,199
865,284,201
304,526,201
708,602,203
339,396,203
488,725,203
976,720,206
772,258,207
972,509,208
638,789,208
473,442,209
661,533,209
960,67,209
370,768,211
346,513,211
484,806,213
687,318,213
221,418,215
987,24,215
817,353,217
692,590,218
356,367,219
297,287,224
79,771,225
754,171,227
571,512,228
686,676,229
62,859,234
546,523,235
272,275,237
645,447,239
209,994,240
644,314,242
17,244,242
183,90,243
399,506,243
14,797,243
29,32,244
910,234,245
150,975,245
37,556,245
156,525,248
794,35,248
111,196,249
73,773,250
363,375,251
114,258,251
72,611,252
187,258,253
715,148,253
25,586,253
958,814,255
948,706,259
59,987,262
116,38,263
306,79,263
767,645,264
333,984,264
855,641,265
398,406,267
315,195,268
987,314,268
491,138,269
887,395,271
729,571,273
168,277,274
822,261,275
535,13,276
232,278,276
701,244,278
836,887,278
666,348,278
593,444,280
453,306,280
882,969,281
784,731,281
276,199,282
76,549,282
139,378,283
30,68,286
47,41,288
735,705,288
596,844,288
727,883,290
510,958,292
107,102,295
95,324,296
229,902,296
763,464,298
907,770,298
741,694,299
607,608,300
575,332,303
515,987,304
29,777,305
579,843,308
936,983,309
886,238,309
20,173,309
813,751,309
101,688,310
290,433,311
510,724,312
629,134,312
706,322,312
148,59,313
274,905,316
458,265,317
81,746,317
496,2,317
488,850,319
920,744,321
558,966,321
728,162,321
957,915,322
458,282,323
254,240,324
561,960,324
663,993,328
974,706,328
204,893,329
469,44,330
890,152,331
535,306,334
12,116,335
735,982,335
921,692,336
877,737,342
862,366,344
850,556,344
601,234,345
264,850,345
564,375,345
0,231,349
594,136,349
793,69,349
887,930,351
811,757,353
69,27,353
756,952,354
706,590,355
714,89,356
659,318,358
680,32,358
8,56,361
398,927,361
805,987,362
549,353,363
261,214,363
965,875,366
544,13,367
366,979,367
646,486,370
517,1,371
278,311,371
827,707,372
371,732,372
64,981,373
871,644,373
721,699,374
240,119,376
408,284,377
827,587,378
528,737,381
853,166,381
890,752,382
605,909,383
150,235,383
682,243,384
488,449,385
73,103,386
673,500,386
717,517,388
891,329,390
783,448,390
860,478,391
627,132,391
60,463,391
819,205,392
152,40,392
305,546,393
883,356,393
199,283,393
352,959,394
53,580,395
420,411,396
541,893,397
5,957,398
906,35,400
891,902,402
243,572,404
991,245,405
853,59,408
616,490,408
723,28,412
458,433,412
508,353,413
114,601,417
583,836,418
216,543,418
233,154,418
645,323,419
417,826,423
266,609,424
808,303,426
548,380,427
625,758,427
487,815,427
583,97,428
459,741,428
207,178,429
955,109,431
970,955,432
939,365,434
315,432,434
208,139,435
857,616,435
465,785,436
863,258,437
52,563,440
949,450,440
501,991,441
998,762,442
972,516,442
557,559,442
449,571,442
133,663,443
391,246,444
843,499,446
161,29,448
513,601,451
32,331,452
330,792,453
566,70,453
706,219,454
247,857,456
590,172,456
937,669,460
705,122,460
939,273,461
585,665,461
906,89,462
443,599,463
288,642,463
783,795,463
201,294,464
29,179,465
330,676,468
633,483,469
958,621,470
692,678,470
990,131,471
449,245,471
620,71,472
866,645,473
433,286,473
549,311,474
441,552,475
383,684,476
530,693,476
474,947,476
630,782,477
423,843,478
431,726,478
2,59,478
533,211,478
93,67,478
452,777,479
3,822,480
853,734,481
142,826,481
260,905,485
104,549,485
249,457,486
894,59,487
824,269,487
417,653,488
816,414,490
978,293,490
74,928,491
879,346,492
328,289,494
280,92,495
913,712,497
204,266,497
359,954,498
104,321,499
555,840,500
997,589,500
305,985,501
61,290,502
243,775,505
911,872,505
546,948,506
924,406,508
286,187,508
129,819,510
345,301,511
445,847,513
634,96,514
722,412,514
181,823,515
234,804,515
888,769,515
127,172,516
645,666,516
620,983,518
318,194,520
217,465,522
868,871,522
753,679,523
383,119,524
607,485,525
57,649,526
694,49,527
131,744,527
374,158,528
227,92,529
910,166,529
837,160,529
832,25,531
396,481,532
384,744,535
520,462,535
739,595,536
595,29,537
368,71,538
731,388,539
620,128,540
941,779,540
951,502,540
930,758,543
34,739,545
765,274,545
317,609,546
778,106,547
657,917,547
187,515,547
312,917,549
756,70,550
91,962,550
705,171,551
16,225,551
763,27,552
234,223,552
264,675,553
925,844,554
225,32,557
346,219,557
23,718,559
46,887,559
241,262,560
149,282,561
389,232,562
168,292,564
92,620,565
463,689,566
166,399,569
578,498,570
825,607,570
128,526,571
349,881,571
200,10,572
796,264,573
398,461,574
818,269,575
820,504,576
55,154,579
161,950,583
466,891,586
824,639,586
302,629,587
199,471,588
378,203,588
748,40,588
346,363,589
893,944,590
980,185,590
298,620,591
346,585,592
47,853,593
513,231,593
481,440,594
521,73,596
645,723,596
917,393,597
81,222,597
822,443,598
677,738,599
404,801,599
805,75,600
965,330,601
482,210,604
945,123,605
387,764,607
338,435,607
307,625,608
21,835,609
411,770,609
348,829,610
250,890,611
584,780,612
104,874,612
619,234,612
41,44,614
934,204,615
613,722,619
105,401,620
178,526,621
927,437,622
62,718,623
541,895,624
398,711,626
519,300,627
658,904,627
258,455,627
1,800,627
995,473,629
26,117,630
565,33,632
967,995,634
181,677,635
76,369,637
350,484,638
825,617,638
906,311,639
46,563,640
369,687,641
305,48,642
767,502,642
302,943,643
70,966,643
608,773,645
849,853,647
811,42,647
678,281,648
416,445,648
947,506,649
555,15,649
49,488,651
500,536,652
722,489,656
933,508,657
355,802,658
511,375,659
542,531,660
280,310,660
110,393,661
100,685,663
582,485,664
218,8,665
381,104,666
928,431,667
182,920,671
274,940,672
159,567,672
337,937,673
863,202,673
90,375,674
767,448,674
617,712,674
887,867,675
729,128,675
888,908,676
337,652,677
802,170,679
665,510,680
991,399,681
17,581,684
428,854,684
847,739,684
452,343,685
414,890,685
415,715,685
221,473,685
868,147,686
611,693,686
243,827,688
812,895,689
57,71,690
34,425,690
888,141,692
766,476,693
632,954,696
967,638,696
229,231,697
810,865,697
436,135,698
177,942,698
699,35,699
864,828,700
895,334,701
292,751,701
50,573,702
914,506,703
47,584,703
685,542,704
496,319,705
111,641,706
208,198,706
897,445,706
787,613,708
809,757,709
340,173,710
733,2,711
273,15,712
981,685,714
16,441,716
188,112,716
24,659,717
67,570,718
429,306,718
690,844,718
431,479,719
89,441,719
404,464,720
448,898,723
804,779,723
465,440,729
512,318,731
989,659,733
917,373,733
814,544,734
607,809,735
373,266,736
222,730,738
44,624,738
674,365,738
243,774,740
273,193,740
786,201,741
154,401,742
569,646,742
239,574,743
855,391,744
62,36,744
448,63,747
586,898,748
106,523,749
408,600,750
885,631,751
167,697,756
151,301,758
295,570,758
881,313,761
28,209,765
328,598,768
757,993,768
573,367,769
741,120,771
90,159,772
599,440,772
692,370,775
145,11,776
794,922,776
814,119,779
253,191,779
642,426,780
486,862,780
734,575,781
988,305,781
303,258,783
316,236,784
769,343,785
30,223,786
921,200,786
505,302,787
582,889,789
945,106,790
655,140,791
389,822,792
770,770,793
905,414,794
85,742,795
844,228,795
133,418,796
950,370,797
76,198,797
524,224,797
309,316,797
865,667,797
521,418,798
9,524,800
221,519,800
631,110,800
959,361,800
850,513,801
848,166,801
208,68,801
451,103,807
22,382,808
56,417,808
670,748,809
86,526,810
191,351,810
900,275,811
168,433,811
474,636,812
174,317,812
18,546,812
794,100,813
899,205,814
53,579,814
412,13,815
997,224,815
456,38,816
186,40,817
792,504,819
953,21,819
969,74,823
154,514,824
155,274,825
673,633,825
612,661,825
617,558,826
637,972,826
35,561,828
283,946,829
598,807,830
519,287,831
708,621,831
709,650,832
443,798,834
932,652,834
687,84,835
992,860,837
285,587,837
409,281,838
554,11,839
152,593,840
342,489,840
614,726,841
879,404,842
828,943,842
954,873,847
506,644,848
5,249,848
31,1,850
316,596,850
393,292,850
864,43,851
906,993,853
603,600,855
809,420,858
799,349,859
487,510,860
212,227,862
233,879,863
371,284,863
72,213,863
856,414,863
835,318,866
109,207,866
262,994,867
400,729,868
355,171,869
778,733,870
581,212,871
554,572,872
756,29,872
235,465,874
264,518,875
727,972,876
568,682,876
374,38,876
602,430,880
579,248,880
690,268,881
546,348,882
21,778,883
77,109,883
700,826,883
682,942,883
521,593,883
262,102,887
994,567,887
253,561,888
419,700,888
802,749,889
475,552,889
250,984,890
286,549,891
963,894,892
751,247,892
276,557,893
259,835,894
490,633,896
373,64,897
255,27,899
364,693,900
866,75,900
951,250,901
557,98,903
215,826,905
20,18,906
38,742,907
138,631,907
177,711,909
988,575,911
262,758,911
804,76,912
372,201,913
511,274,914
164,947,916
927,460,916
978,117,920
820,638,921
919,384,922
747,110,925
269,805,925
9,6,927
156,546,930
777,508,932
369,257,934
244,632,934
784,304,934
959,864,935
389,444,936
478,564,939
525,858,940
174,260,940
353,492,942
75,814,944
655,629,946
384,77,947
50,21,948
346,528,948
561,904,950
54,653,952
662,196,952
953,675,954
461,356,955
718,785,955
689,292,956
855,229,956
692,725,956
213,730,957
992,872,961
354,414,963
687,57,963
104,549,963
652,77,964
418,965,966
3,757,966
998,126,966
678,16,967
943,688,969
124,572,969
734,593,971
197,471,972
630,879,973
998,390,974
887,502,975
824,309,975
761,392,976
577,194,976
268,378,977
6,414,978
44,413,978
858,486,979
509,249,979
669,503,979
42,218,980
177,366,980
85,264,982
326,784,982
400,666,982
0,481,986
335,51,987
661,200,987
48,280,987
772,966,988
324,461,988
52,556,991
168,239,994
819,170,995
58,819,996
20,951,996
348,941,996
192,541,996
442,515,997
915,742,997
819,551,997
842,519,2
368,557,2
912,188,3
317,269,3
771,895,3
480,250,4
87,198,5
905,370,5
255,121,7
69,881,7
887,691,10
453,100,10
383,429,11
816,832,11
352,814,11
972,356,12
488,531,15
636,32,16
806,380,17
669,479,19
201,679,19
596,38,19
640,288,25
923,896,25
726,92,29
917,677,31
832,682,33
969,735,33
181,22,34
730,578,35
125,941,36
94,199,37
270,787,38
754,745,39
530,333,39
257,690,39
120,386,40
688,937,40
678,775,42
337,471,43
961,279,44
785,566,46
529,742,47
986,865,48
338,812,49
164,770,49
279,685,54
619,430,54
113,237,54
466,204,55
357,177,56
966,622,56
862,485,57
904,614,60
47,700,62
94,658,63
471,296,69
393,9,73
849,17,74
27,451,76
126,156,78
541,369,78
279,90,80
935,53,82
907,416,82
189,262,83
534,9,87
319,736,88
182,859,88
513,972,88
659,496,92
486,919,92
479,890,92
651,129,94
15,582,96
416,74,97
256,88,99
594,16,103
778,245,105
784,379,107
634,33,107
359,114,113
324,211,118
18,752,118
8,457,119
546,119,121
441,554,122
385,147,122
542,336,122
649,755,124
289,378,124
723,794,125
603,889,125
111,892,126
64,676,126
124,183,126
96,476,126
830,805,126
28,266,127
114,566,128
538,545,129
146,230,132
180,51,133
564,943,136
271,957,137
866,340,141
908,562,141
507,281,141
298,521,143
724,947,143
86,742,144
235,654,144
158,488,145
806,681,146
927,101,146
891,805,146
981,769,148
126,920,148
159,638,152
331,941,152
802,593,153
664,459,154
974,689,154
839,868,157
583,906,161
651,443,163
558,571,164
435,336,171
319,626,174
80,346,180
902,267,182
545,442,182
203,729,182
883,867,184
612,555,185
94,975,188
703,687,195
312,567,195
298,52,196
673,368,196
913,213,197
899,861,198
542,489,198
55,375,202
404,449,202
421,175,202
548,644,203
703,860,205
672,638,206
969,776,210
708,190,212
916,717,213
915,788,216
700,799,216
82,666,216
181,280,217
205,535,217
200,646,218
767,685,220
927,20,221
105,495,223
18,185,225
892,737,225
647,898,226
672,525,227
740,171,228
313,434,231
228,782,231
193,698,232
943,465,234
361,408,235
846,965,237
408,178,242
365,738,244
24,508,247
963,520,252
536,319,254
104,18,256
519,583,256
595,944,256
426,783,258
608,450,260
171,109,262
174,65,263
608,583,263
349,201,264
970,275,265
151,18,265
818,718,266
270,552,269
952,380,269
45,175,272
753,495,272
469,304,274
812,36,275
873,388,277
367,288,279
318,160,281
989,235,281
306,944,281
766,812,282
936,938,282
182,993,282
861,961,285
201,618,285
568,927,285
247,173,286
314,403,290
949,872,290
64,366,291
937,225,291
734,684,293
167,37,294
504,191,297
630,866,297
28,396,299
358,220,300
827,916,301
112,728,301
357,377,302
794,12,302
424,299,302
317,225,303
532,690,303
630,53,304
672,413,305
530,75,305
914,926,305
338,64,306
210,920,306
97,966,306
764,190,306
334,465,307
504,192,308
359,352,311
943,601,312
956,816,312
49,550,314
788,364,315
264,86,316
926,732,318
939,285,318
436,84,319
505,787,321
860,68,321
75,41,322
990,661,324
71,997,324
32,589,325
991,249,328
156,29,328
764,299,333
654,940,333
194,92,335
242,111,339
782,385,339
247,608,339
406,156,340
817,491,343
620,700,343
440,547,344
609,710,344
575,944,344
303,539,345
154,192,347
457,230,348
208,105,350
46,335,354
405,788,354
472,885,357
20,331,359
209,345,360
644,687,360
429,978,362
654,450,362
187,169,369
800,852,371
622,148,372
268,260,372
857,486,372
352,237,373
705,341,374
58,701,374
822,460,375
483,333,376
541,15,376
369,495,377
712,444,377
251,4,377
46,110,380
243,871,380
171,928,383
244,134,385
452,924,386
306,32,388
285,232,391
960,556,391
620,171,393
567,765,396
563,625,400
418,268,400
371,510,401
634,724,402
337,68,404
970,64,404
939,370,406
599,482,406
919,661,406
634,566,408
736,431,410
523,922,413
905,468,416
628,321,419
538,131,421
297,38,423
150,521,424
658,298,424
825,472,426
633,238,429
849,361,429
733,72,430
58,718,431
372,918,432
676,810,432
124,775,433
640,351,436
680,612,438
987,58,439
128,148,442
782,664,443
670,706,445
596,797,445
509,870,446
333,762,447
529,722,449
984,808,453
749,752,456
616,879,456
578,715,457
414,343,458
828,458,461
194,931,462
257,746,463
37,431,463
605,556,465
350,929,466
808,616,468
661,42,468
565,735,469
864,958,470
940,707,473
129,936,474
671,515,474
999,820,475
234,639,475
398,552,475
463,330,475
5,472,475
614,896,476
542,913,478
137,446,478
979,744,478
158,945,479
531,977,479
663,742,480
525,878,482
865,137,483
190,819,484
876,353,485
507,403,485
845,987,485
975,170,486
508,283,487
305,990,488
871,250,489
413,988,490
36,703,490
214,568,490
837,465,492
293,29,493
419,360,494
596,40,494
91,531,500
635,378,506
684,206,508
438,115,508
82,239,509
946,97,509
492,635,510
821,452,510
584,866,511
463,313,511
157,270,512
409,334,512
782,272,513
474,205,514
935,636,515
948,755,516
866,506,516
511,86,518
95,786,519
307,417,520
18,354,521
308,753,523
149,936,523
269,654,525
324,321,526
526,321,528
529,217,528
26,629,531
235,749,533
600,845,533
398,165,534
793,889,535
780,173,537
678,201,538
466,291,539
459,253,541
302,584,542
476,287,542
444,454,546
50,493,546
916,148,547
624,764,549
257,615,549
522,296,551
757,989,553
206,152,554
334,160,557
883,927,559
688,778,560
526,735,560
41,488,560
544,850,561
283,747,563
28,189,568
339,155,569
801,548,570
495,841,571
708,120,571
371,637,574
194,219,574
110,298,577
492,112,578
389,304,580
67,704,581
331,898,581
854,29,582
627,972,584
397,17,585
634,410,585
109,177,586
584,775,587
385,752,587
740,756,588
458,280,589
119,179,589
377,39,590
253,244,590
683,790,591
34,40,592
43,924,592
737,550,594
222,941,597
511,820,598
759,614,598
526,810,598
915,198,599
732,887,600
561,888,600
590,623,600
647,59,600
498,670,603
355,868,604
596,884,604
144,557,605
487,572,606
293,601,609
135,393,610
72,526,611
606,153,611
774,999,611
888,658,612
846,374,613
308,638,615
258,526,621
256,70,621
765,190,622
754,205,623
888,651,624
274,905,626
370,98,627
681,246,629
726,645,629
913,133,630
300,165,631
440,674,631
796,782,636
362,691,638
714,374,641
636,396,643
818,926,645
764,927,645
486,20,645
273,266,649
12,889,649
885,45,650
907,89,650
107,46,651
902,517,655
949,406,657
75,681,659
500,307,660
816,453,661
879,679,662
917,706,662
380,381,665
128,377,665
614,561,666
925,137,668
459,314,668
863,375,670
877,4,672
639,683,672
205,186,673
810,226,675
540,817,675
953,39,675
767,843,675
305,494,676
885,425,677
97,973,678
332,765,681
993,769,681
693,848,684
953,578,684
415,548,685
855,316,687
283,626,687
385,231,688
720,99,689
881,741,691
359,577,691
635,399,693
359,731,697
637,795,702
858,130,703
82,235,703
263,840,704
295,327,705
838,65,706
541,993,707
471,161,707
943,184,707
177,61,710
892,108,712
911,521,713
352,118,714
879,447,714
112,806,715
390,411,717
449,626,717
362,294,717
565,351,717
305,716,720
258,519,722
102,639,723
618,420,725
590,234,727
156,916,728
64,729,728
164,194,729
584,826,730
739,826,731
448,280,732
789,977,733
156,546,737
343,306,738
266,519,741
753,633,741
615,863,742
542,205,743
363,737,743
371,457,746
657,302,748
198,50,749
66,23,750
175,852,752
884,350,752
135,78,753
370,749,754
850,890,754
588,415,755
326,10,755
592,213,755
499,186,756
148,251,757
625,307,758
990,173,758
214,549,759
750,623,760
352,290,760
853,374,762
65,930,762
294,964,762
135,20,762
84,287,765
229,570,766
7,379,767
775,901,768
862,319,769
948,307,770
128,692,771
648,925,776
471,144,776
845,154,777
890,806,777
512,539,779
680,508,782
592,825,782
926,767,782
745,249,783
670,289,783
104,942,783
697,442,784
66,234,784
249,362,787
507,119,787
669,415,788
733,166,789
167,402,791
436,218,793
472,36,794
622,947,798
374,159,800
372,994,800
850,984,806
107,234,807
121,565,808
311,832,812
162,831,812
77,280,813
639,970,813
893,115,815
322,968,819
388,515,821
567,764,822
195,916,824
78,980,825
166,771,825
361,398,828
913,606,829
497,845,829
217,288,831
425,396,833
108,920,833
871,542,836
403,5,837
591,532,844
633,787,844
656,794,845
203,643,845
369,459,845
547,462,849
686,222,849
45,982,850
278,779,850
985,183,853
451,221,854
277,199,854
823,16,858
17,461,858
813,961,860
744,879,863
495,808,863
197,427,864
302,65,865
299,549,869
985,765,869
776,113,870
148,90,870
602,399,870
438,485,871
777,37,871
418,137,871
972,513,872
373,53,872
1,777,876
232,233,876
236,458,876
871,391,877
386,558,877
663,264,878
693,702,879
235,272,879
886,106,880
202,520,881
722,283,882
547,789,882
481,466,885
569,948,885
373,799,886
167,129,886
210,865,888
605,97,889
576,276,891
348,332,894
445,14,896
412,448,898
997,185,899
682,156,900
143,959,901
875,70,902
895,530,903
755,222,903
90,559,903
453,170,903
585,81,903
641,892,904
888,835,904
568,40,905
634,945,905
777,963,908
693,892,910
396,792,910
111,993,911
386,550,913
714,160,915
41,237,917
505,19,917
181,739,917
321,535,917
230,980,920
693,962,921
624,350,922
935,899,925
809,591,926
286,465,926
340,258,927
932,158,928
443,195,935
888,767,936
510,581,938
730,736,942
620,318,942
183,845,944
494,234,951
356,486,953
840,341,953
965,323,955
108,634,958
98,160,958
332,266,958
26,233,961
669,752,964
574,0,964
130,463,965
66,321,967
70,521,970
864,452,972
138,688,974
11,704,974
62,22,976
592,583,978
83,12,978
181,237,979
330,342,980
288,280,980
799,346,981
475,397,981
986,623,983
116,818,983
161,383,984
9,233,984
888,843,985
325,81,986
224,801,988
430,460,989
398,42,992
814,613,992
219,455,992
599,246,993
115,869,994
690,44,996
55,187,999
