47,57,3
200,476,9
0,120,11
949,372,12
671,968,14
418,692,15
593,208,17
959,424,18
982,231,19
273,571,24
226,818,25
607,334,27
693,807,27
355,743,34
405,457,35
9,624,36
238,18,36
977,849,37
55,732,38
548,138,39
310,644,41
566,771,44
390,611,46
856,377,48
791,732,51
252,91,52
658,392,52
39,640,55
302,875,56
702,308,57
737,448,58
723,906,61
287,115,64
429,208,65
637,764,65
629,456,65
489,883,69
225,353,70
321,941,76
845,663,76
446,656,77
476,141,78
692,43,78
771,830,81
548,273,82
689,317,84
592,614,87
419,904,88
249,618,91
826,538,91
890,587,94
624,718,96
250,586,101
502,183,102
775,153,103
773,217,105
890,156,106
939,514,107
561,983,107
775,447,108
2,846,110
789,876,115
599,572,117
517,456,121
387,968,134
597,519,135
324,568,142
713,978,144
179,608,151
738,75,151
161,772,155
17,458,157
31,413,160
10,935,164
168,582,165
969,310,167
73,858,167
300,66,172
964,166,174
478,507,176
22,561,176
993,826,178
980,892,178
752,387,182
104,274,185
526,364,187
363,540,188
879,434,189
497,574,189
834,800,189
432,320,190
512,764,191
651,695,195
69,687,196
452,719,197
767,453,202
302,534,206
56,734,210
187,230,211
448,624,214
584,120,215
299,417,218
605,349,221
93,507,222
407,822,225
925,942,226
544,427,227
123,632,229
227,921,232
642,771,234
338,285,234
558,752,238
809,325,243
251,265,245
404,799,248
116,453,251
917,301,257
943,808,257
727,481,259
161,651,261
987,916,261
425,394,262
167,409,270
620,322,277
9,533,282
386,0,282
474,836,282
209,138,284
92,649,285
265,786,294
90,901,299
518,163,300
571,45,301
557,170,303
877,283,303
200,552,305
131,471,307
668,889,308
62,471,308
599,855,310
872,100,312
7,65,319
917,203,319
396,86,322
556,579,322
443,393,322
206,540,324
863,637,326
447,810,328
273,415,334
353,363,334
131,79,337
102,268,337
151,540,338
417,685,338
306,401,338
483,241,341
746,53,343
418,217,343
416,728,344
681,114,350
259,408,352
470,715,353
137,932,356
951,155,358
529,560,359
447,434,360
709,707,364
182,509,366
905,32,369
766,515,371
630,161,372
73,500,375
740,603,376
67,201,377
330,684,379
604,781,379
962,925,379
402,697,381
454,476,388
53,639,394
73,170,396
567,648,397
70,717,398
406,786,398
224,245,404
634,973,405
141,720,408
193,127,409
80,775,416
747,882,417
288,120,417
314,113,418
15,218,420
928,87,420
280,200,422
987,62,422
580,432,425
507,483,429
121,734,431
617,888,432
325,364,432
814,267,433
372,137,434
362,221,435
737,268,440
576,774,443
401,650,444
883,109,451
609,884,459
750,833,460
112,578,461
812,622,467
789,822,467
657,207,468
35,326,469
771,925,473
948,246,475
49,842,480
821,557,497
492,235,500
682,719,501
692,221,504
556,942,504
867,325,506
128,710,509
621,483,509
184,289,510
326,606,511
367,732,512
773,976,519
261,158,519
698,801,523
398,395,524
579,703,524
931,173,525
221,288,525
768,603,529
733,540,530
624,850,532
754,60,532
25,419,533
101,134,535
34,291,535
77,595,543
37,8,548
688,790,550
248,236,552
22,561,552
223,955,552
110,386,553
663,251,554
549,236,554
406,781,557
217,587,558
867,979,563
537,966,565
125,541,567
88,708,568
931,412,569
610,386,569
442,898,575
201,577,579
531,633,581
725,402,582
987,550,584
890,765,584
362,253,587
532,779,596
641,679,604
976,602,606
156,247,606
353,809,607
703,254,611
4,785,613
917,388,622
352,62,623
954,535,623
410,30,623
371,827,625
923,504,626
67,922,626
43,31,629
230,810,629
122,765,630
291,307,633
403,84,635
306,11,635
4,912,636
522,545,637
507,887,637
357,891,639
175,304,642
777,309,643
771,899,646
58,905,646
200,213,650
409,673,652
782,791,655
963,894,659
520,959,659
997,776,659
28,995,660
131,545,662
57,733,662
673,646,663
666,351,664
332,271,671
726,607,676
990,767,676
120,749,677
645,279,679
999,255,682
645,213,683
769,36,688
965,77,688
208,677,691
24,44,693
31,68,694
817,227,695
531,807,696
381,433,697
475,271,697
657,77,698
437,91,701
519,902,707
681,570,708
190,45,711
694,404,714
605,456,714
742,130,715
171,283,718
100,172,718
450,938,718
42,174,721
391,17,723
277,935,723
86,752,728
998,124,728
955,329,728
661,764,732
89,478,733
112,602,734
199,924,735
169,585,736
84,512,740
703,402,741
438,707,742
214,90,744
740,836,747
741,171,751
745,363,751
433,50,761
231,533,762
105,386,767
460,677,771
763,628,776
32,412,778
149,953,778
780,495,778
278,518,781
418,62,782
670,212,782
925,381,783
859,124,784
287,621,785
781,963,790
256,930,794
323,13,795
480,721,797
765,48,798
947,904,803
590,758,803
770,602,805
565,667,805
939,934,807
153,974,812
245,565,814
747,78,814
794,91,815
579,300,815
23,672,818
901,42,820
943,244,824
910,627,825
641,905,826
827,889,829
923,102,839
866,389,839
935,703,839
65,835,840
113,865,841
384,932,842
520,71,848
442,8,849
700,176,850
149,214,850
720,81,851
474,82,854
177,810,855
664,206,860
816,55,861
586,942,861
462,1,862
28,392,864
866,488,864
296,893,867
658,450,870
184,905,870
155,83,871
429,457,871
607,0,872
630,10,873
566,577,876
440,516,879
608,680,886
542,762,889
913,444,890
388,770,891
865,6,891
522,941,896
160,827,898
238,5,898
242,93,898
741,547,899
580,678,904
652,581,910
612,700,910
492,266,910
925,185,916
781,527,916
942,981,922
64,10,922
760,312,922
298,878,923
337,49,923
44,204,929
216,491,930
188,500,931
261,648,935
278,417,935
447,140,938
14,83,940
831,653,946
584,625,947
54,620,947
589,417,948
914,179,954
651,541,957
448,638,963
670,606,965
658,673,965
120,67,966
623,873,967
14,684,970
891,772,972
368,118,974
797,91,975
868,623,976
113,285,979
345,87,979
561,418,980
457,449,984
739,320,984
314,244,987
416,958,988
