397,608,999
750,321,0
940,655,2
793,726,5
927,722,7
574,747,8
871,702,11
119,376,11
442,899,14
93,939,15
545,477,17
950,63,18
907,933,20
457,566,24
276,82,26
804,462,31
742,528,33
905,987,33
886,81,38
698,59,40
423,596,42
113,913,43
241,811,43
452,2,47
707,120,49
976,616,50
483,105,55
722,533,57
571,717,58
177,839,60
712,768,61
804,63,62
750,402,65
807,208,66
119,137,67
102,64,69
405,166,72
149,693,74
581,607,75
492,875,79
696,904,80
173,639,82
860,960,83
602,222,86
971,81,90
947,442,99
484,793,100
96,981,102
850,919,103
576,695,104
333,171,106
798,423,109
681,449,111
301,591,113
443,758,116
94,431,117
442,951,118
955,606,119
112,745,121
756,659,121
344,450,123
162,451,128
640,702,132
779,187,132
55,384,136
729,163,137
818,773,142
28,109,143
205,23,144
543,926,150
716,878,151
454,206,152
272,348,154
738,394,157
963,583,157
317,820,161
759,993,164
354,743,165
249,333,167
894,597,168
477,914,169
47,920,170
801,554,172
320,626,173
352,735,173
584,217,175
346,131,177
267,841,177
938,786,179
687,106,182
390,657,183
479,83,185
807,401,190
191,599,192
130,668,193
355,615,194
682,225,195
348,317,197
299,444,203
501,117,203
97,509,205
627,91,208
564,575,209
567,910,210
230,835,213
926,794,215
17,631,217
159,82,217
478,935,218
397,993,220
287,286,221
873,192,223
929,434,225
26,145,228
714,705,230
480,139,232
450,300,236
81,322,238
34,657,240
935,41,243
649,283,243
258,445,246
213,447,248
775,118,250
6,968,253
742,474,255
4,419,256
461,58,259
363,351,260
253,377,261
341,277,263
643,374,265
317,842,273
344,34,276
92,908,278
9,368,279
446,343,282
835,138,286
619,746,288
362,763,292
632,909,293
766,437,294
817,538,295
423,414,297
319,382,301
176,25,305
757,727,307
549,428,309
253,669,310
251,715,312
914,976,313
96,905,315
891,267,316
47,143,319
699,208,325
380,381,326
896,179,328
49,10,328
729,978,329
223,287,329
424,443,331
161,490,334
85,882,336
963,522,339
413,594,342
718,558,344
826,299,345
170,31,349
42,805,350
473,675,357
52,108,359
79,359,362
154,539,362
669,165,364
449,836,365
646,719,367
775,644,367
163,124,370
207,397,377
193,231,378
598,12,379
553,782,381
654,358,382
137,879,384
719,370,389
305,419,392
931,21,397
457,383,397
519,497,399
893,25,400
12,752,401
714,576,401
319,377,404
434,342,405
878,531,408
539,407,409
267,693,411
989,821,414
739,681,415
554,804,415
395,498,417
640,730,418
995,651,419
474,517,420
819,301,420
239,191,421
536,70,424
96,771,425
329,617,428
862,850,429
195,337,430
465,551,431
924,541,433
835,479,434
606,343,438
654,466,439
403,945,440
648,587,440
543,913,443
15,694,445
298,483,447
723,516,449
638,662,457
827,327,458
236,344,459
254,782,460
166,152,462
864,349,463
175,500,465
710,222,472
198,545,474
221,787,476
965,970,477
633,251,479
387,678,481
865,154,482
677,454,484
595,261,488
241,558,489
738,690,491
147,658,491
161,781,495
667,603,499
365,113,502
227,544,502
483,964,503
629,462,503
850,427,505
758,292,506
929,143,507
707,747,509
888,373,509
514,475,510
763,528,513
467,596,517
536,500,524
346,517,525
569,528,527
984,841,528
629,22,529
128,879,530
463,894,535
451,820,536
677,658,537
748,516,538
883,673,541
553,409,543
301,690,543
481,242,544
686,18,545
807,378,546
568,149,547
396,535,548
581,170,549
322,243,550
438,80,551
119,17,552
718,14,554
418,218,556
830,583,558
435,610,561
75,946,566
437,446,567
659,208,568
114,287,569
96,971,571
943,9,571
580,828,574
484,812,576
229,230,577
747,55,577
792,656,578
399,503,579
699,57,580
896,75,580
852,603,580
365,359,583
138,294,583
149,511,587
93,279,588
452,939,590
519,811,591
829,438,594
632,214,594
520,179,595
485,759,597
841,533,599
191,455,602
374,815,604
187,419,605
854,396,607
757,117,608
278,773,609
185,353,609
435,166,610
423,683,612
678,738,614
260,828,616
448,613,616
221,534,620
521,373,621
44,623,624
277,824,627
46,182,629
416,656,631
26,257,633
633,684,638
546,90,640
610,625,643
854,529,644
40,685,645
994,887,647
684,197,648
948,340,649
635,563,649
344,342,650
589,427,652
538,961,653
726,166,653
913,617,655
342,764,656
596,503,658
88,91,658
422,435,660
886,844,661
568,921,663
867,420,664
615,642,666
952,268,669
496,813,670
931,964,673
82,164,675
241,784,677
510,847,678
933,365,678
52,28,680
101,784,681
221,367,682
55,373,684
58,767,688
72,169,692
259,39,693
880,930,694
210,409,695
8,913,696
897,594,700
701,167,702
542,207,703
774,495,708
689,356,710
624,527,711
474,25,711
264,59,714
736,561,714
730,839,717
657,239,718
124,837,719
112,182,720
762,681,722
250,545,724
248,338,726
768,858,727
640,654,730
265,888,732
377,916,734
93,139,738
20,586,740
181,376,742
136,722,744
841,969,746
988,278,746
915,839,747
368,7,751
708,409,752
760,463,756
593,48,759
773,980,761
977,705,762
726,811,764
418,82,765
912,946,766
907,112,768
247,626,770
403,28,771
779,867,773
750,55,776
480,775,777
117,835,779
39,178,779
390,764,781
25,621,783
247,364,783
5,570,784
971,357,784
46,427,787
926,118,789
655,477,790
537,710,791
697,526,793
303,268,795
986,691,796
248,339,797
989,647,800
346,560,800
979,921,802
811,315,806
459,15,808
735,943,811
162,68,811
616,24,813
282,358,816
809,348,819
123,51,822
752,65,824
254,241,826
410,807,830
981,395,841
927,403,842
629,266,843
885,861,843
192,39,844
70,122,845
602,918,846
386,227,851
968,857,853
707,682,853
59,241,854
807,209,856
489,447,861
801,722,863
643,634,863
187,667,865
979,604,867
10,331,868
66,60,868
302,16,870
197,785,873
560,417,875
678,703,877
735,567,883
161,616,884
123,966,885
742,583,888
896,572,889
5,639,895
883,608,899
587,269,902
751,79,906
402,150,908
861,663,911
642,939,912
817,486,919
393,171,920
252,331,921
317,599,925
239,857,927
359,463,927
41,520,928
67,768,929
767,52,932
822,118,935
516,746,936
236,568,937
535,16,938
202,807,939
611,636,941
44,636,943
459,708,945
892,256,953
280,810,954
594,686,954
12,733,957
271,24,959
160,465,961
477,136,961
777,972,964
24,96,966
563,123,967
853,100,970
912,130,970
546,447,971
478,903,973
813,765,976
476,954,980
861,494,985
348,403,988
791,768,991
661,769,992
736,622,994
463,720,996
133,157,996
423,98,997
613,363,998
534,38,0
492,907,0
269,215,3
634,702,4
710,385,6
126,816,9
111,261,10
608,230,11
75,446,13
872,456,13
379,361,16
264,917,18
65,136,18
463,52,21
731,664,24
608,148,26
327,451,27
178,337,27
952,596,28
841,179,31
685,738,32
313,933,35
219,269,36
411,701,37
944,569,37
643,520,38
345,0,40
900,522,41
941,234,42
130,439,45
858,365,46
463,799,47
717,642,50
794,66,52
667,162,54
898,765,55
321,637,55
819,896,56
61,858,58
649,848,59
479,624,62
199,496,63
40,566,64
258,994,66
400,49,68
671,81,72
915,278,76
144,723,78
575,134,79
746,96,79
982,983,81
216,623,82
535,765,83
34,491,84
23,349,87
695,859,88
613,600,90
194,883,92
840,19,94
233,484,95
142,925,96
263,239,96
671,759,104
70,268,106
415,59,107
97,333,109
925,504,115
520,540,116
312,614,117
834,146,117
745,571,122
725,527,123
432,792,125
451,598,125
788,19,128
726,13,131
305,721,132
51,753,135
477,81,135
443,35,136
910,118,136
490,465,138
325,232,142
753,953,143
105,409,146
103,449,147
563,998,150
237,750,152
355,636,153
126,316,153
29,578,155
429,863,157
695,796,159
188,286,163
164,65,166
406,923,167
422,365,169
330,703,171
304,259,172
844,474,174
257,789,176
286,522,177
190,485,181
470,308,183
747,709,184
423,643,184
550,389,186
417,312,189
62,810,190
665,888,191
993,617,191
798,538,196
817,682,197
464,979,202
73,638,203
583,960,205
509,812,207
686,639,209
429,216,210
369,958,211
303,477,211
41,836,215
727,18,218
421,212,218
987,196,219
716,538,221
824,134,222
391,103,222
72,817,224
637,742,225
607,305,227
989,636,233
745,597,242
37,809,244
602,938,247
490,594,250
442,37,251
563,419,253
204,567,255
704,653,256
777,412,259
907,273,263
687,106,263
274,96,264
896,785,265
904,937,269
929,494,272
353,918,273
985,350,274
63,230,276
554,833,277
480,221,279
130,711,280
851,909,283
858,923,286
856,876,288
782,118,290
442,642,292
824,235,293
995,727,298
9,254,302
47,551,304
857,806,304
249,109,307
651,317,309
679,566,311
807,46,314
970,60,315
611,293,316
456,675,318
923,386,319
87,799,321
492,882,321
555,115,323
455,914,324
732,670,325
987,298,329
741,247,331
595,770,332
958,812,335
686,753,338
754,803,339
404,449,340
323,53,344
458,28,345
692,647,347
562,152,348
978,468,348
386,926,352
690,393,357
102,351,358
130,699,362
62,792,363
944,255,366
574,248,367
757,382,369
215,581,371
408,584,374
369,797,376
630,506,377
978,521,378
337,422,380
783,369,382
389,860,383
191,53,386
511,176,391
759,629,391
487,588,393
735,363,393
811,754,395
264,861,397
192,841,399
165,189,401
526,294,403
236,927,406
804,396,407
983,772,408
452,842,409
561,74,410
434,893,411
271,259,417
525,890,417
327,362,418
615,143,420
349,548,422
209,499,424
582,185,428
204,16,430
291,69,431
106,164,434
304,388,437
235,609,438
619,652,443
9,563,445
501,760,446
304,260,447
647,223,450
486,594,453
356,276,455
933,96,458
246,386,459
524,159,459
330,35,462
576,452,464
111,975,464
728,837,465
153,768,466
278,795,467
728,861,471
265,937,475
800,873,476
141,957,478
608,0,479
90,110,481
298,718,483
0,284,484
41,93,485
695,515,487
507,322,488
8,226,490
655,297,494
274,299,495
469,597,496
436,699,496
922,39,498
15,879,501
566,543,504
380,226,510
904,318,510
370,369,511
133,65,513
509,953,514
299,538,517
455,124,517
389,941,518
906,273,519
216,681,520
705,787,521
286,23,521
648,121,522
62,82,524
130,240,527
160,730,534
162,349,534
602,519,540
616,951,542
748,381,543
180,843,544
548,745,546
373,4,547
294,862,548
159,627,551
772,63,552
671,292,552
640,190,553
113,450,554
909,420,555
357,495,556
974,612,560
89,856,564
277,691,565
465,481,566
236,886,568
32,493,571
429,352,575
880,625,576
89,846,578
194,371,579
730,820,580
983,12,582
824,639,585
621,926,587
761,32,589
992,159,594
574,447,596
2,335,598
177,810,599
424,685,601
501,307,604
993,243,607
918,50,608
938,148,610
138,883,612
502,980,613
299,682,615
482,729,616
739,194,619
121,220,624
189,747,626
854,897,627
883,373,629
69,722,629
31,447,630
891,173,631
615,827,634
694,276,638
248,826,641
343,474,643
106,105,644
112,983,648
817,261,649
272,357,651
495,908,655
536,227,659
175,509,660
812,893,662
775,40,662
596,814,663
963,201,665
566,726,668
441,13,671
347,172,672
998,670,673
32,43,674
202,75,677
804,199,680
321,532,683
281,954,685
973,7,686
146,984,690
219,775,694
197,676,697
987,511,698
737,911,699
198,764,700
646,718,703
831,279,706
75,274,707
411,787,710
226,594,717
395,339,718
56,621,719
521,362,722
205,443,723
223,174,724
638,332,726
598,593,730
603,165,731
915,263,734
970,276,737
370,343,738
947,149,739
781,500,743
329,574,743
383,21,746
220,216,750
491,848,752
670,131,754
35,654,755
862,239,757
754,961,759
136,317,760
844,798,761
50,356,763
314,160,764
512,417,767
727,779,768
136,499,770
480,780,772
383,568,773
115,542,775
195,444,778
362,512,778
880,418,781
62,176,782
65,21,783
864,468,787
273,682,789
247,122,790
8,382,791
96,347,794
368,721,797
152,408,800
114,116,804
453,856,804
757,113,805
763,125,808
259,148,809
701,345,810
932,510,810
672,16,811
526,359,815
457,103,819
406,820,820
393,820,822
613,998,823
885,177,827
650,161,829
406,9,834
261,815,835
534,543,837
179,501,840
690,627,840
774,587,843
59,800,845
412,962,846
185,880,847
706,810,848
789,901,851
68,706,854
747,976,855
678,727,857
210,555,859
737,951,859
279,39,860
679,912,863
533,186,865
171,747,868
805,712,870
507,799,871
946,290,872
389,47,875
744,604,878
424,583,879
230,333,882
162,672,883
662,201,884
114,961,885
728,991,887
366,406,888
986,514,889
172,833,891
508,79,895
19,269,895
684,351,902
895,889,902
410,286,910
882,847,911
988,873,912
983,371,913
991,224,917
297,710,918
531,728,919
206,57,922
220,293,924
356,583,925
640,831,926
243,587,926
331,0,932
341,289,935
930,256,940
912,848,942
368,408,943
655,557,943
924,908,944
22,172,946
977,258,953
710,999,955
212,541,957
927,917,960
596,514,963
783,147,964
512,886,966
747,192,967
38,768,968
412,941,969
334,574,972
610,232,973
925,667,977
749,849,979
580,842,981
365,614,981
764,997,983
824,774,985
743,653,987
272,35,989
766,874,991
369,286,993
962,679,994
821,969,995
56,312,998
943,811,999
461,392,0
761,358,1
727,331,3
961,108,5
912,39,5
772,111,9
78,33,12
396,815,13
196,460,17
304,123,19
124,616,21
923,957,22
903,115,24
706,481,25
815,423,26
587,361,26
143,455,29
184,8,31
349,476,33
2,971,36
967,996,38
503,46,44
114,63,46
197,308,47
604,731,47
256,384,48
948,499,48
20,926,49
723,10,50
421,764,50
910,482,51
694,375,52
823,710,53
77,882,56
83,529,58
476,726,60
764,682,62
269,333,67
341,619,70
825,148,72
384,362,73
550,492,73
777,356,74
703,960,75
642,603,78
294,480,78
302,592,79
478,841,81
751,455,84
843,956,85
883,719,91
437,421,91
844,986,93
902,450,95
353,716,96
96,782,97
176,124,98
277,229,101
738,664,102
344,452,102
636,435,104
175,541,107
407,357,112
512,543,114
398,45,114
694,91,116
323,847,118
351,418,118
210,268,123
99,560,125
709,120,126
431,879,128
189,176,130
540,336,133
681,428,134
69,15,135
809,273,137
580,588,138
62,727,138
14,462,139
853,793,140
482,386,141
4,891,143
833,946,143
735,116,144
88,983,147
572,698,150
32,465,151
454,823,153
133,17,155
46,271,161
551,78,162
746,919,163
852,856,164
323,721,166
625,524,167
881,293,169
826,356,172
123,595,173
480,660,175
516,900,176
205,772,178
370,940,179
401,381,180
328,671,182
447,385,183
574,837,186
492,713,187
351,173,189
209,422,190
170,881,192
41,218,194
195,307,196
524,768,200
862,744,201
212,184,204
944,750,208
279,609,210
758,69,211
77,362,212
224,940,217
203,833,218
553,567,221
283,426,222
554,586,222
389,979,223
760,418,224
298,176,227
294,306,228
6,298,230
733,652,233
473,277,238
778,24,238
114,492,239
319,412,240
795,871,241
138,460,242
959,13,245
63,262,247
475,800,248
935,157,249
782,225,256
782,561,256
889,177,257
92,662,259
270,457,260
567,381,261
128,187,263
683,759,264
437,951,266
9,55,267
472,302,271
450,683,275
796,876,276
603,373,278
666,801,282
557,379,283
538,120,287
282,539,287
135,225,289
280,205,289
837,997,290
539,928,294
0,261,295
271,379,297
809,525,298
580,590,299
601,841,300
841,296,303
644,954,305
142,146,306
627,236,309
299,998,313
522,143,314
778,911,316
239,370,318
281,432,320
712,338,321
297,546,326
533,946,327
24,67,328
541,636,331
357,566,333
990,182,334
924,227,334
746,446,338
377,209,340
295,352,340
744,819,343
673,964,344
261,138,347
826,450,348
985,182,349
648,17,350
70,533,354
764,344,356
394,793,357
185,631,358
621,49,359
710,310,362
168,564,364
7,664,369
308,715,369
692,469,369
392,739,370
215,255,370
836,380,373
295,445,375
573,391,378
351,98,381
429,537,381
880,485,385
410,505,387
795,665,391
908,3,393
562,959,395
70,974,399
502,855,400
452,154,403
88,156,404
127,738,408
394,250,410
148,258,412
478,710,413
994,54,414
905,10,414
373,263,416
775,581,418
482,282,423
784,602,426
558,111,428
106,652,430
840,579,433
710,643,435
379,429,436
389,396,439
845,311,440
908,595,441
836,792,449
183,129,451
871,279,453
262,24,453
183,477,454
220,377,456
870,346,458
516,469,458
161,164,460
214,598,460
829,340,463
528,620,465
166,355,466
744,832,469
329,110,471
494,248,473
264,496,475
315,352,479
775,882,484
703,854,485
489,656,486
419,440,487
446,510,488
201,568,489
965,253,491
222,245,492
136,438,493
787,359,494
144,819,499
10,263,504
798,106,506
159,149,507
383,678,508
492,287,510
758,518,511
298,249,512
429,920,513
358,695,513
115,448,514
692,26,520
11,835,521
179,136,523
705,365,524
101,460,527
616,996,529
599,987,530
862,326,532
574,73,533
518,730,534
361,77,535
950,465,540
823,297,546
554,682,547
603,283,548
31,408,549
762,996,551
586,252,553
62,491,555
663,14,558
874,182,560
541,20,561
771,494,562
870,330,563
395,601,566
704,826,568
994,440,570
714,676,573
60,291,575
577,636,577
389,784,579
570,153,580
966,313,583
985,768,584
892,691,585
284,287,587
768,89,588
857,726,592
735,727,594
209,409,596
924,53,600
730,248,600
777,545,601
81,671,608
794,859,611
633,931,614
50,971,614
567,197,617
536,398,620
666,547,621
296,683,625
783,195,626
482,955,628
29,503,629
581,756,633
469,652,634
308,24,638
907,623,640
115,580,641
480,53,643
396,243,646
334,537,647
403,238,650
985,647,652
412,147,653
411,808,655
535,787,656
802,992,657
682,857,660
877,28,663
381,245,663
592,659,665
933,756,667
370,533,667
216,255,672
472,334,674
496,184,674
971,865,680
747,967,681
273,34,683
187,895,688
938,534,690
123,959,692
599,206,693
304,339,697
740,53,697
41,941,698
862,988,703
375,616,705
595,852,707
977,197,707
360,690,709
624,217,711
972,305,712
372,249,714
189,44,721
938,269,721
241,133,723
883,225,725
484,116,725
130,776,727
535,441,729
389,131,732
26,735,734
998,782,740
118,964,742
118,25,743
214,967,747
345,217,748
748,364,748
907,641,750
329,682,752
823,596,753
614,866,754
574,824,757
781,942,759
516,306,760
948,743,765
884,355,767
810,233,768
318,483,768
262,804,768
841,383,771
510,115,778
631,727,778
208,855,780
211,644,782
233,165,782
926,16,788
891,806,790
730,77,791
210,150,795
902,62,800
191,546,801
595,683,804
221,77,806
349,37,807
491,734,808
830,212,809
61,208,809
719,264,812
319,748,814
772,720,816
179,141,821
354,278,822
892,173,824
830,443,825
91,91,829
145,164,831
319,431,834
256,217,834
921,614,837
257,223,838
671,746,841
493,774,845
94,966,846
798,485,848
957,46,849
453,711,850
676,896,851
310,328,852
110,633,853
331,934,855
688,639,856
432,164,856
615,882,860
972,886,862
165,183,863
396,8,864
941,417,866
177,328,870
571,651,871
775,175,875
267,515,878
726,874,878
341,433,880
856,987,882
437,998,883
926,55,884
36,571,885
141,643,887
125,754,889
162,317,890
745,344,891
557,600,894
294,113,897
311,87,897
626,259,898
156,539,902
775,406,904
486,29,905
660,976,906
832,101,908
655,504,910
931,764,910
15,251,911
935,739,912
152,749,913
832,910,915
849,73,917
110,679,918
396,272,921
883,503,923
396,845,924
800,908,926
327,55,927
612,536,929
322,225,931
382,660,933
977,385,935
259,705,937
511,47,942
402,222,943
879,373,944
590,141,944
550,580,945
745,649,948
581,363,951
747,128,955
889,422,956
222,498,958
390,431,960
671,163,962
616,902,966
795,865,970
890,777,972
890,594,974
949,887,975
967,904,978
983,594,983
922,828,987
131,132,989
560,933,991
74,197,993
497,191,994
512,595,0
510,109,2
9,519,4
467,192,5
239,368,6
600,562,7
775,616,7
246,925,8
329,370,12
826,707,15
140,908,17
621,922,19
300,649,20
89,465,22
245,644,30
78,855,33
356,239,35
142,961,38
666,599,38
262,428,39
171,218,40
280,156,41
190,494,43
827,509,44
139,578,47
141,559,49
0,355,50
979,152,54
889,891,56
635,958,61
496,630,64
128,141,67
69,701,68
134,504,68
360,261,69
168,980,72
420,867,76
146,632,77
330,90,79
326,449,80
917,387,81
893,422,82
980,1,84
636,177,90
647,803,91
636,365,93
692,77,95
367,609,98
110,58,102
703,807,104
403,739,105
164,929,108
168,913,109
736,760,111
399,691,113
109,598,113
146,646,114
549,649,118
724,260,124
688,108,126
971,647,126
732,656,127
895,329,132
528,555,133
193,390,135
733,261,137
261,419,142
880,776,143
166,286,144
439,494,149
31,574,151
887,586,152
822,172,154
105,388,154
739,587,156
296,977,156
506,225,159
354,865,160
429,941,162
956,548,162
159,841,164
706,351,165
444,189,167
376,361,171
242,605,172
428,508,173
274,943,173
986,682,175
547,70,178
533,692,181
574,14,184
780,981,187
670,765,188
171,820,189
395,612,190
819,459,191
957,717,192
640,338,194
250,56,199
736,455,203
193,871,203
959,894,204
105,569,206
1,695,206
350,525,209
644,709,210
343,360,212
124,702,216
184,263,224
280,5,224
211,217,226
886,55,227
922,913,231
360,37,232
272,204,232
627,504,233
246,714,234
663,948,235
685,367,237
307,641,238
381,112,238
246,140,240
455,644,242
819,334,246
884,600,248
755,24,249
129,171,253
923,53,257
172,317,259
382,21,260
493,317,261
263,375,264
238,211,268
583,508,269
589,171,270
798,700,271
631,614,273
615,143,278
156,883,280
545,595,281
5,282,282
975,520,283
921,225,285
406,395,290
597,434,292
428,84,295
639,600,298
616,98,302
131,136,303
775,730,304
503,486,306
59,182,310
20,862,310
211,712,311
226,705,312
483,298,312
422,798,314
21,798,318
546,587,319
160,38,323
378,688,324
53,492,325
765,901,325
55,715,328
35,451,330
336,867,331
613,583,333
395,610,334
719,523,338
48,271,340
918,814,342
278,722,343
515,918,344
104,637,346
305,486,352
405,819,356
65,551,358
415,281,361
433,977,362
687,886,362
13,79,364
4,290,367
440,581,368
587,502,371
335,37,372
73,20,378
291,102,380
887,875,381
496,358,382
715,592,382
48,610,387
930,289,388
728,11,389
470,966,390
982,649,392
569,880,395
86,204,397
869,783,398
586,565,399
158,6,399
674,914,400
753,177,401
544,902,407
842,834,409
8,707,411
866,132,413
8,531,415
254,161,416
875,304,417
397,905,419
844,125,421
937,869,421
238,785,422
783,541,424
148,500,426
987,917,427
661,764,429
816,172,434
759,765,435
218,229,437
641,80,439
860,360,440
824,737,444
537,803,447
25,438,448
759,300,449
529,970,451
93,896,452
620,541,453
747,788,455
929,245,457
665,515,458
204,624,459
806,322,461
457,395,462
286,478,462
650,385,463
615,183,464
440,559,466
754,307,468
875,383,469
923,960,470
4,710,473
619,723,473
678,343,476
519,74,479
490,557,481
154,868,483
173,225,484
790,272,486
155,781,488
186,225,492
963,907,495
591,963,495
791,276,497
555,598,500
146,993,503
751,929,504
339,638,505
158,417,507
455,288,510
635,269,511
823,310,514
135,729,517
822,67,519
514,962,521
963,743,523
543,887,526
836,718,527
20,845,528
435,409,531
286,138,534
138,474,535
368,164,536
690,181,540
771,917,541
525,496,542
107,149,545
702,611,547
920,631,549
365,489,550
279,20,552
476,466,554
244,639,555
619,163,560
851,774,561
734,615,564
180,339,566
690,891,567
491,553,569
789,301,571
478,648,574
824,143,580
456,401,582
371,46,583
605,142,584
704,520,587
862,541,589
566,63,592
739,51,596
313,961,598
402,58,598
9,839,600
745,441,604
130,312,607
520,871,609
37,333,613
901,697,614
2,97,617
256,932,618
968,38,623
915,491,626
293,286,630
259,990,633
605,867,638
339,216,639
738,765,640
157,396,643
163,276,646
504,646,648
663,881,648
454,673,649
752,803,649
367,531,650
562,331,652
87,995,652
779,875,654
361,697,655
254,487,656
92,684,657
245,677,660
311,185,662
550,793,664
548,872,665
968,717,668
484,0,669
654,142,671
38,664,672
736,250,678
379,734,681
265,456,682
747,709,684
783,115,685
24,342,689
747,315,690
443,758,695
415,86,697
639,849,700
105,585,703
843,233,704
857,991,705
721,425,706
39,416,709
228,196,711
742,931,713
855,377,715
708,233,716
751,33,718
872,806,719
933,659,721
207,974,721
250,806,721
251,337,722
64,385,725
183,740,725
917,15,728
863,324,728
7,5,729
675,183,730
83,555,731
409,695,732
851,651,732
808,549,738
788,745,744
803,470,746
769,527,746
637,427,748
129,550,750
99,260,750
272,203,751
542,856,753
813,710,755
250,463,757
698,19,760
192,119,763
544,256,763
293,524,764
390,116,766
909,27,767
76,555,769
287,521,771
45,543,774
338,516,775
172,871,778
114,93,779
48,806,782
656,707,784
935,954,785
405,481,785
939,233,789
710,175,790
714,974,790
365,461,792
752,788,795
481,637,799
567,436,802
145,594,807
126,26,810
648,693,811
910,129,815
612,187,816
470,565,817
913,878,818
374,294,820
197,25,824
443,652,826
87,968,827
29,947,828
923,70,832
593,547,833
937,111,836
416,620,838
45,293,839
993,414,841
367,512,843
372,602,845
547,598,847
19,919,847
7,503,852
18,806,853
35,581,854
147,885,856
959,418,860
111,382,862
113,1,865
843,167,866
534,54,867
774,916,870
201,754,871
594,450,874
501,47,876
341,883,878
555,84,878
276,85,878
423,431,885
26,754,885
641,910,885
452,761,887
414,299,888
345,916,889
60,550,892
188,79,895
588,840,896
198,851,900
975,235,903
705,835,910
743,79,910
37,674,910
710,126,913
46,191,917
831,57,918
73,379,919
334,441,920
523,923,923
29,456,924
792,278,925
191,262,926
14,376,931
527,40,933
366,375,934
167,259,938
214,904,939
264,102,940
167,689,942
172,595,943
822,955,943
892,497,944
300,493,946
952,935,947
998,998,949
987,986,950
316,82,952
133,761,955
377,366,955
171,767,962
755,887,963
495,616,965
293,454,965
86,347,967
844,720,969
496,558,970
698,987,970
420,522,972
425,142,972
848,740,974
998,266,975
950,327,978
864,851,981
915,921,982
639,479,983
796,546,984
156,195,985
0,719,986
26,874,988
364,126,989
435,982,992
417,63,993
34,114,993
881,86,995
