964,86,0
945,183,0
20,137,2
91,381,2
154,478,3
28,987,4
543,618,4
129,315,6
902,717,6
4,557,8
756,145,9
579,388,11
589,93,12
680,168,14
310,505,15
782,402,15
387,371,16
440,993,16
577,717,17
516,802,19
898,937,19
870,33,19
404,546,21
874,316,22
174,749,24
8,23,24
66,97,28
205,236,29
72,21,29
798,850,31
755,237,32
272,960,32
127,5,33
640,51,34
479,854,37
375,5,38
172,871,39
241,538,40
971,192,41
675,438,41
402,189,42
718,600,43
25,828,44
314,888,45
621,338,46
219,625,46
563,501,47
10,646,47
372,570,48
920,642,48
676,218,48
140,856,49
816,860,50
298,644,51
502,891,52
567,6,52
0,1,53
885,362,55
400,941,55
893,541,56
278,191,56
703,125,57
923,528,58
246,96,59
25,60,61
841,577,61
798,961,63
569,143,64
167,348,64
450,235,64
446,466,65
250,817,66
827,955,70
563,674,70
966,979,71
759,680,72
850,90,72
308,26,73
556,591,74
355,548,74
60,216,75
350,447,76
704,443,76
614,50,77
911,384,78
387,224,78
174,272,79
916,302,81
794,537,82
159,116,82
474,200,84
851,130,85
461,563,86
393,545,86
893,469,87
392,187,88
782,700,89
899,928,89
535,896,90
241,269,90
628,814,92
414,348,92
182,60,93
100,668,94
767,516,94
119,523,94
688,95,98
113,784,98
562,916,98
145,817,99
456,756,100
666,310,100
580,828,103
999,21,103
671,83,104
696,396,106
816,639,107
754,959,107
49,502,108
50,144,109
867,631,110
237,844,111
312,298,111
672,653,114
265,975,114
872,46,116
51,390,116
819,379,118
362,492,119
831,71,120
39,261,124
942,40,124
811,309,125
40,415,126
405,270,128
761,358,130
34,257,132
708,405,132
86,352,132
732,946,133
87,598,134
432,404,135
852,458,137
256,579,138
267,431,138
293,383,139
988,659,139
128,800,142
546,171,144
594,944,144
106,563,144
741,325,145
665,71,145
79,319,146
156,941,147
358,979,148
634,65,149
531,463,150
792,768,152
127,746,153
266,521,154
488,710,156
481,576,156
820,131,157
83,2,157
837,456,157
693,953,158
358,498,160
468,493,160
747,278,161
622,621,161
490,476,165
780,333,166
531,430,167
193,575,168
724,676,168
816,514,170
851,361,170
549,418,170
634,776,170
868,342,171
26,265,173
106,81,174
860,710,176
877,600,177
615,91,177
609,451,177
307,687,179
804,169,180
438,709,180
986,254,180
440,933,182
224,808,183
156,254,185
299,72,186
184,394,186
419,262,189
429,977,189
838,489,190
541,660,191
881,710,191
754,574,192
632,395,192
76,871,194
497,982,195
272,960,196
61,3,198
520,839,199
332,945,200
589,447,200
815,107,202
457,2,202
261,328,206
11,638,207
32,800,209
88,546,209
916,575,210
247,196,211
946,23,211
907,891,213
589,412,214
632,995,215
126,191,216
983,852,217
970,498,218
538,252,219
602,469,220
283,364,220
380,607,221
30,520,222
118,65,223
842,613,224
684,374,224
773,311,224
506,36,228
841,824,229
503,6,230
378,893,231
761,913,231
379,592,232
603,637,233
800,262,234
978,118,234
367,663,235
557,410,235
614,172,238
435,864,239
846,555,240
405,57,240
277,301,241
990,565,241
200,148,242
325,229,243
736,656,244
920,214,244
223,535,245
844,831,248
702,988,248
234,917,249
927,310,250
810,12,250
730,851,251
764,266,251
508,504,251
900,764,252
775,718,252
234,856,253
934,571,254
141,982,258
496,501,259
338,290,259
880,198,260
340,323,261
610,902,261
772,456,263
181,447,264
546,879,266
922,988,266
64,508,268
568,904,268
284,39,270
212,0,271
209,499,271
963,242,274
911,230,275
464,978,276
622,651,277
712,52,278
219,625,280
364,670,280
348,967,282
754,315,282
605,195,283
518,976,284
627,455,285
348,64,289
331,418,289
140,851,290
583,48,291
151,46,292
537,868,294
159,792,294
548,86,296
40,52,296
714,700,297
390,474,299
558,435,299
502,128,300
82,727,300
540,934,301
822,913,301
193,530,302
10,660,303
397,710,304
978,870,304
784,722,305
233,916,305
248,247,306
860,362,307
855,66,308
370,112,309
121,401,310
417,119,311
404,376,311
888,659,312
687,592,313
108,675,315
952,985,315
63,540,316
853,792,318
78,611,318
209,839,319
334,11,320
545,718,321
448,557,323
477,419,324
478,332,325
189,385,326
482,938,327
582,75,328
4,729,329
878,764,330
168,733,333
609,370,334
949,105,336
285,577,336
116,161,337
639,31,337
445,229,337
826,45,340
360,976,341
363,738,342
103,629,344
361,232,345
614,42,346
10,335,347
599,499,348
800,356,349
164,91,349
635,780,352
65,519,353
668,164,354
974,74,354
503,951,356
154,555,358
92,24,358
781,504,362
359,786,363
48,34,364
800,323,365
215,7,366
486,148,367
940,141,368
954,376,368
91,553,369
389,214,370
171,917,371
81,842,371
834,29,372
694,3,372
659,265,373
394,69,375
434,523,375
547,213,376
889,818,377
480,232,378
803,151,379
411,424,380
791,236,382
227,814,383
899,798,383
83,261,384
438,715,385
149,351,386
576,249,388
49,270,388
895,482,389
298,449,390
127,465,390
795,613,391
541,240,392
941,272,395
221,782,395
507,306,396
83,436,397
495,634,398
633,211,399
938,153,399
34,229,400
16,6,400
997,345,401
609,605,401
270,750,402
753,911,403
125,141,406
961,968,406
272,144,407
698,238,408
491,703,410
844,645,410
150,941,411
952,727,412
674,615,413
795,82,414
476,786,414
243,761,415
994,166,416
668,473,417
876,799,419
76,634,419
159,455,420
646,376,421
338,748,421
112,183,422
873,743,424
939,640,424
147,602,425
399,73,428
405,856,429
6,800,430
95,487,431
433,436,431
526,396,435
63,851,435
326,176,435
161,226,435
168,675,437
707,465,437
191,255,438
776,488,439
475,897,439
650,767,439
455,782,439
539,25,441
877,677,443
899,741,443
506,536,444
766,764,444
704,176,446
156,67,447
77,484,447
84,518,448
451,170,450
579,561,452
427,76,453
607,458,453
619,587,454
342,206,454
780,132,455
759,70,456
552,328,456
127,498,458
269,339,460
666,718,460
328,206,462
883,552,463
987,706,464
523,633,466
804,538,466
907,119,467
575,578,468
582,936,468
117,34,469
561,495,469
665,58,470
434,498,472
59,63,473
854,147,474
437,993,475
266,433,476
290,104,477
312,574,477
627,100,478
367,267,481
919,969,482
618,549,483
846,353,484
16,697,485
304,833,486
969,145,487
531,550,487
615,246,488
782,286,490
768,88,491
707,726,491
648,947,491
306,55,493
583,214,495
735,420,496
175,307,497
643,722,499
244,106,500
969,820,501
346,309,501
239,693,501
683,714,504
478,104,505
317,311,507
893,380,509
923,311,509
840,338,510
663,139,511
934,651,512
546,53,513
861,883,513
225,336,514
749,131,515
69,797,516
933,831,518
30,66,518
845,810,519
166,404,519
642,412,521
696,737,525
486,319,525
451,314,525
307,316,526
504,939,526
595,31,526
904,418,527
990,125,527
817,888,529
297,761,529
713,688,529
110,402,531
998,817,531
308,253,531
13,567,532
254,303,532
182,649,533
706,165,534
644,98,534
86,437,535
642,589,535
485,965,535
338,279,536
700,730,537
69,534,538
354,491,538
88,767,540
647,725,540
904,9,541
152,72,542
519,299,544
181,783,544
701,14,546
276,192,547
78,295,547
876,999,550
948,615,550
91,42,550
443,20,551
143,714,552
520,88,554
695,972,554
301,241,554
74,788,556
178,973,556
649,774,557
9,262,559
468,513,559
114,947,559
205,791,560
141,300,561
420,811,562
847,719,562
635,230,563
799,609,564
642,553,564
940,111,564
802,484,565
835,813,566
813,929,567
918,738,567
858,956,569
306,9,569
778,83,569
784,870,570
710,529,571
64,759,572
77,460,575
41,49,576
618,444,577
984,670,577
469,941,578
525,897,578
322,891,580
100,682,580
39,100,580
892,701,581
851,105,582
653,249,582
537,803,583
341,707,584
125,56,584
675,710,585
48,796,585
277,926,587
804,797,588
48,393,589
964,672,589
67,362,591
956,898,592
47,806,593
648,316,593
216,779,596
364,26,597
887,999,598
270,245,599
413,861,602
754,530,603
750,37,604
897,841,604
64,300,605
10,284,605
589,302,606
563,732,606
835,429,610
551,425,611
293,997,612
989,48,614
472,767,616
449,118,617
207,582,619
708,46,619
622,819,620
482,522,621
474,600,621
457,482,623
284,769,625
913,590,627
444,449,628
88,675,628
457,633,628
206,110,630
596,58,632
604,560,632
155,885,634
640,144,637
485,454,638
971,510,638
113,120,638
200,871,639
946,665,640
572,198,640
715,711,641
644,767,642
479,614,643
178,34,645
915,667,646
519,254,647
890,96,647
807,96,648
80,85,650
166,900,651
93,837,652
248,408,652
751,942,653
953,638,653
461,48,654
328,877,654
15,442,655
774,782,657
230,77,657
551,303,658
373,832,658
61,219,659
501,639,660
113,822,660
434,352,662
402,826,663
820,841,663
641,901,663
125,799,664
349,590,665
81,859,666
156,247,666
61,623,667
796,37,668
544,671,670
618,12,671
669,250,672
755,211,672
932,987,672
65,823,673
824,417,673
997,583,674
435,63,675
546,619,675
82,342,676
631,916,678
949,293,681
528,100,681
330,145,682
808,732,682
995,334,683
183,668,685
961,804,686
849,736,687
382,486,688
572,966,688
602,973,689
890,200,689
922,588,691
978,736,692
596,676,693
718,532,693
840,795,694
53,535,698
445,954,701
539,383,702
409,231,702
673,229,703
737,835,704
742,700,704
780,414,708
891,509,708
388,251,710
399,566,711
918,353,712
32,173,713
565,227,714
465,340,714
342,178,715
643,445,716
304,297,718
683,324,719
412,821,719
849,827,720
759,943,721
265,56,721
288,843,721
184,313,723
778,36,724
883,928,725
203,980,726
464,202,727
338,241,727
455,32,729
785,582,729
973,975,730
288,221,731
733,663,731
475,371,732
590,415,733
693,424,734
968,198,736
694,912,737
430,588,738
563,276,739
100,210,740
102,110,740
363,196,742
594,409,743
807,229,745
352,407,746
199,789,747
305,574,748
188,228,748
224,11,749
182,495,749
682,577,749
839,975,749
910,231,750
572,423,752
481,553,753
156,962,754
47,374,757
21,319,758
355,361,758
16,832,760
758,756,760
37,34,760
128,759,762
797,400,762
287,309,763
940,995,764
191,262,765
101,804,767
734,66,768
315,552,768
951,28,769
10,855,771
806,719,771
264,657,772
446,148,775
801,531,775
628,162,775
116,562,778
751,493,780
441,914,782
863,12,782
199,67,783
648,567,784
597,225,785
356,30,786
177,0,788
715,833,789
500,1,790
498,129,791
159,908,792
799,679,793
883,605,796
273,560,797
382,509,798
856,861,798
471,146,800
356,795,802
808,371,803
493,157,804
299,829,807
241,753,808
331,246,808
429,698,809
286,584,810
367,787,811
642,708,812
762,576,812
197,422,814
206,383,815
961,528,816
737,357,816
143,970,818
938,750,818
478,13,819
496,487,820
900,259,820
243,107,822
922,200,825
415,994,825
201,132,826
152,444,827
268,90,827
83,499,827
40,663,828
706,983,829
881,145,829
437,998,830
40,476,831
684,794,833
897,603,834
439,965,835
394,352,835
512,677,838
933,342,839
180,555,839
487,353,843
551,838,844
760,284,846
356,703,848
326,248,849
628,174,849
429,528,849
504,157,850
970,404,853
123,315,854
871,549,854
623,481,855
611,955,855
199,995,858
569,938,860
225,982,860
435,427,861
26,356,863
602,864,863
838,260,865
963,861,867
152,474,868
23,189,870
808,193,870
501,349,870
276,197,872
869,511,872
867,183,875
829,975,876
720,714,877
791,555,877
428,978,878
647,182,878
981,917,879
978,407,880
0,80,881
949,335,882
491,129,883
732,204,883
672,145,884
661,24,885
688,673,886
108,356,886
446,389,887
67,432,888
891,616,889
803,692,889
312,844,890
30,66,891
120,300,891
838,942,893
885,848,895
754,369,895
750,593,896
354,684,897
268,768,897
838,88,898
779,295,898
53,85,898
53,585,899
709,397,899
719,905,900
137,590,901
529,180,901
736,530,902
219,528,903
829,882,903
9,407,905
823,200,907
907,870,907
917,341,910
618,774,910
683,401,911
13,133,912
377,212,912
680,128,913
542,981,915
766,888,916
667,784,917
500,649,917
433,548,919
226,607,919
876,927,920
203,555,921
103,509,922
456,962,922
549,962,924
481,484,924
691,642,924
187,462,925
952,309,926
504,577,927
840,587,927
11,839,929
490,24,931
400,50,933
442,351,934
164,778,934
137,905,935
602,454,936
73,596,937
402,448,938
754,569,942
573,959,943
477,282,944
156,813,945
896,815,946
960,971,947
694,111,947
165,417,949
757,943,949
870,139,951
120,210,951
224,831,952
504,782,953
173,313,956
669,14,958
32,214,959
660,640,959
215,349,961
888,674,962
751,264,963
860,625,964
981,130,965
211,560,967
859,560,967
182,180,969
472,203,969
872,540,970
193,620,971
20,745,971
950,556,972
170,916,973
582,366,975
515,36,975
842,666,977
308,850,978
251,550,979
756,285,979
309,983,980
174,64,980
588,777,981
587,534,982
179,790,986
201,624,986
184,532,988
52,688,990
15,374,990
471,390,992
336,264,992
51,562,993
47,712,994
741,494,995
136,391,995
779,739,997
78,570,998
874,133,998
363,909,2
587,233,3
613,89,5
846,887,5
634,724,6
298,378,9
273,264,13
400,60,15
358,77,16
91,372,19
943,731,20
450,794,22
864,926,24
273,38,27
659,399,32
103,196,34
87,915,36
341,151,39
311,920,42
852,144,43
773,833,46
545,647,50
119,467,51
542,320,52
483,574,52
491,544,57
46,568,60
485,871,62
413,119,62
419,113,64
447,794,65
257,25,69
682,114,72
138,697,73
630,440,73
78,603,75
561,194,79
717,633,80
241,731,80
369,470,84
220,274,87
537,902,88
618,27,90
671,973,92
267,703,93
700,36,98
581,960,100
398,815,101
729,862,103
984,212,107
798,192,109
144,442,111
197,608,112
81,333,114
655,303,115
252,239,117
818,107,118
688,129,120
996,669,121
151,820,122
334,726,123
57,995,124
368,953,128
299,161,129
465,136,130
724,166,132
635,896,137
997,951,139
21,350,141
677,466,142
218,263,145
609,829,149
425,530,150
72,782,158
452,886,158
983,82,159
440,249,159
573,526,160
709,762,161
331,486,165
616,420,166
645,198,166
822,684,168
276,830,169
816,779,169
947,57,171
423,38,172
610,952,174
65,32,176
300,860,177
664,78,178
769,480,181
236,535,183
798,674,184
577,52,186
54,958,187
436,201,190
392,934,190
315,633,192
326,351,194
535,112,196
481,773,200
616,273,205
142,939,208
942,840,209
483,187,211
529,235,212
216,177,213
700,113,217
226,488,218
389,701,218
339,927,220
720,601,221
465,749,222
849,4,223
120,952,227
161,938,229
564,914,236
942,126,238
394,800,240
358,653,244
735,213,246
216,451,247
785,235,248
233,937,254
720,992,254
212,13,259
379,267,259
478,16,261
449,810,263
826,415,266
648,409,268
691,551,268
828,383,270
317,191,275
758,76,278
933,641,278
508,756,279
542,278,279
34,516,281
910,990,286
605,534,288
65,919,289
863,256,289
66,890,291
990,230,292
728,523,293
172,905,295
84,167,295
973,756,296
110,831,297
865,7,299
76,518,299
19,642,300
113,71,302
971,494,303
294,653,305
651,847,306
805,595,307
603,395,311
476,413,315
79,123,318
693,474,320
830,472,321
988,577,323
490,315,325
812,445,328
670,860,328
420,520,329
803,323,330
701,180,331
899,449,331
294,687,331
536,939,333
803,631,336
135,998,336
593,775,336
850,219,338
616,272,343
911,987,345
746,375,346
417,377,351
670,643,353
913,217,355
786,949,355
996,427,363
214,377,365
418,876,367
401,294,368
72,451,373
552,473,380
33,656,382
990,521,384
625,694,386
803,665,387
957,2,389
612,408,391
10,590,392
59,998,393
236,576,398
33,792,399
949,849,401
952,8,404
588,878,405
673,617,411
172,15,414
106,140,417
673,449,419
458,870,421
945,522,423
396,531,424
820,635,426
18,553,428
119,832,428
261,12,429
216,199,430
948,426,430
427,962,431
627,157,434
695,618,435
768,843,437
458,488,442
668,214,448
26,290,450
859,537,451
272,529,453
846,572,454
351,202,458
27,840,460
968,883,461
487,266,463
863,257,464
713,659,468
181,599,469
79,270,471
509,54,473
870,29,474
900,145,475
650,676,478
40,997,480
151,219,481
340,847,483
378,225,483
515,830,487
886,922,491
13,266,492
747,272,494
604,950,495
953,913,496
455,671,498
946,645,499
737,538,501
477,173,502
761,313,504
53,406,505
699,981,506
796,528,511
249,168,514
448,275,516
197,989,517
746,39,519
737,110,520
662,220,526
276,714,526
632,483,528
167,807,530
603,362,531
410,550,531
558,360,532
402,847,533
153,43,536
546,967,538
306,328,539
939,638,543
269,279,543
882,986,545
948,738,546
473,228,551
918,566,555
377,732,555
236,988,556
67,84,557
463,848,558
971,728,560
317,293,561
548,68,563
34,748,564
886,487,566
572,372,566
976,742,567
674,381,569
280,932,573
23,67,575
349,67,577
625,457,579
386,962,580
832,131,581
445,129,582
443,232,583
751,89,583
697,703,588
647,775,589
190,258,592
502,602,594
521,322,595
65,714,599
685,655,599
263,557,602
215,456,605
188,174,606
729,311,608
994,784,609
861,681,613
163,859,620
396,236,622
503,702,623
87,494,625
668,833,631
839,738,633
166,716,636
79,137,637
42,608,640
325,847,643
224,296,645
584,528,648
160,767,650
209,462,651
646,770,652
590,332,654
267,602,655
710,918,659
571,206,661
657,322,663
481,268,664
131,754,665
308,121,666
924,400,668
103,759,669
11,389,671
771,361,673
412,953,674
870,146,676
464,676,677
843,81,678
683,943,679
97,895,681
695,913,683
413,931,683
299,793,685
550,471,689
250,498,689
815,966,690
121,874,692
509,286,696
221,337,698
938,355,699
480,15,701
169,104,703
750,455,705
524,598,707
906,720,708
539,283,710
427,858,713
516,776,716
541,662,717
675,65,718
247,602,720
108,476,721
986,922,724
672,947,725
986,819,727
488,609,728
65,314,733
915,666,736
236,625,737
478,346,739
429,855,741
954,159,744
352,730,746
707,514,748
340,322,749
324,652,749
354,393,751
802,452,753
84,174,755
710,244,756
401,373,757
840,646,758
495,783,760
388,207,764
993,141,764
566,219,765
972,725,766
62,949,767
411,744,774
711,34,776
152,528,778
13,800,778
861,789,779
469,570,781
36,275,786
791,311,788
595,933,788
730,884,789
94,661,792
846,213,794
837,183,796
202,586,797
213,525,799
958,632,802
976,809,804
58,158,807
784,166,808
160,868,809
686,216,809
333,919,810
61,609,810
567,219,813
949,750,815
948,798,818
644,51,819
481,541,822
630,507,824
244,431,825
862,704,828
966,527,832
921,827,833
74,231,833
675,105,836
956,287,837
56,449,839
879,817,840
36,876,841
887,559,842
280,222,844
343,194,845
939,526,849
396,699,850
53,577,854
815,727,860
196,272,860
257,162,862
913,883,863
727,767,864
632,472,865
420,663,865
324,900,867
569,170,869
817,572,870
825,871,874
18,30,876
788,861,878
518,276,879
902,704,881
168,517,883
498,550,884
119,351,885
568,985,888
247,186,889
942,957,891
288,156,892
297,507,894
527,875,899
437,626,901
832,19,904
682,775,907
298,84,910
259,363,911
41,495,912
306,889,914
65,438,915
265,393,915
469,446,918
492,453,919
551,287,921
409,352,921
764,894,922
511,167,925
496,245,925
593,231,926
708,99,929
763,621,932
344,781,934
401,913,934
936,363,935
613,300,937
723,973,944
317,74,946
993,606,949
402,578,949
881,696,949
523,55,950
476,627,957
600,997,958
999,839,961
236,609,965
564,12,970
668,305,972
481,332,974
377,381,976
38,902,977
309,262,979
442,154,980
173,278,982
476,398,986
63,170,988
505,199,988
161,136,992
276,437,993
451,555,997
244,293,998
499,978,999
830,885,0
842,576,1
391,567,5
732,689,6
382,768,7
895,329,12
422,148,17
930,590,19
921,468,21
992,952,25
538,758,30
925,693,31
864,374,32
435,544,34
148,391,35
502,451,37
448,392,38
94,82,41
235,238,43
408,423,43
550,872,47
193,929,49
500,247,51
804,233,52
404,285,54
94,634,54
575,941,56
466,595,57
397,719,59
714,606,59
97,520,62
199,242,63
419,996,64
404,862,69
524,212,72
447,988,73
480,994,76
795,203,78
296,291,81
75,990,83
933,494,87
604,121,90
157,223,91
734,127,93
716,564,94
441,793,95
785,583,97
295,377,98
679,704,100
973,375,102
197,871,103
502,123,103
962,174,105
8,428,105
404,900,109
325,576,111
956,191,112
535,963,113
219,285,116
258,603,116
193,331,118
806,767,118
76,822,119
41,485,124
168,213,125
90,547,127
485,669,128
400,722,128
0,730,129
535,606,130
286,666,132
150,301,134
653,445,138
718,412,139
495,615,139
701,776,140
646,939,142
518,996,143
511,600,146
473,945,148
650,167,148
169,978,151
49,253,154
983,171,157
836,973,158
652,835,162
270,902,164
875,233,165
615,812,166
304,695,170
681,509,172
483,55,174
735,613,176
559,319,179
451,988,182
716,278,185
820,122,186
618,646,192
318,701,195
226,498,196
848,735,196
725,265,200
973,556,203
730,322,204
3,19,205
471,940,208
477,445,208
979,125,209
145,29,212
717,529,215
924,680,215
159,610,217
571,267,217
675,788,220
127,969,222
151,276,227
381,894,229
383,134,231
643,596,233
169,716,235
300,218,240
780,768,241
942,49,245
684,988,245
189,614,248
240,713,248
370,49,250
646,376,252
624,321,254
683,527,255
747,698,256
304,3,260
40,661,261
47,326,268
878,937,269
467,715,270
50,284,271
846,485,275
269,89,276
910,209,277
919,170,281
37,358,281
431,630,285
136,485,285
372,414,288
418,473,291
532,484,291
914,96,298
736,399,300
277,519,301
652,509,301
628,236,302
3,837,309
481,887,310
899,857,314
528,56,315
59,692,315
440,703,316
374,483,318
842,504,319
704,896,327
323,593,327
986,304,328
713,440,330
178,925,330
434,889,332
277,124,334
483,524,337
552,973,339
625,147,342
160,330,342
568,235,344
390,239,347
712,433,349
773,774,350
269,310,350
651,640,351
181,508,352
979,905,354
40,891,358
482,980,360
250,49,363
937,186,364
772,58,366
391,318,368
462,377,368
136,5,370
136,21,371
151,351,371
688,17,372
914,556,374
803,780,375
453,350,377
576,62,378
360,949,380
677,333,381
248,368,383
374,782,383
110,797,384
934,106,386
285,824,388
121,769,392
430,330,393
143,607,397
63,351,397
650,810,398
834,913,407
431,841,410
310,462,412
80,222,413
538,140,414
770,851,415
747,557,420
907,835,421
24,782,423
269,834,423
941,75,425
502,645,427
632,943,428
676,547,429
845,37,430
547,963,431
905,41,436
401,91,436
463,335,439
397,165,440
903,660,440
368,979,445
958,82,449
5,981,450
610,182,453
57,517,455
958,130,455
824,613,456
389,860,458
584,597,461
324,611,464
794,875,465
398,439,467
823,361,471
310,562,473
932,545,475
63,241,476
977,213,477
559,675,479
554,353,484
256,56,485
160,86,491
276,720,491
256,353,492
162,723,494
952,489,495
833,396,496
149,679,498
496,717,499
298,609,500
758,291,501
906,523,503
362,490,504
529,351,506
422,479,506
73,764,506
543,953,509
441,45,510
400,223,511
590,827,512
690,689,514
519,594,515
546,326,516
702,789,519
952,523,519
267,561,520
266,105,521
533,507,524
784,266,526
794,117,527
380,454,528
165,978,530
578,272,531
881,626,532
200,530,534
402,347,535
968,358,537
44,328,540
959,490,546
569,24,550
88,412,550
106,870,552
691,953,554
775,651,555
546,921,555
447,91,556
826,637,559
978,976,562
936,539,564
985,205,565
525,316,566
927,525,566
313,943,568
818,141,570
261,945,570
89,507,571
969,902,575
252,307,576
540,847,578
446,681,581
546,658,583
411,966,584
866,555,588
630,397,589
121,510,591
114,76,592
40,729,594
179,762,597
942,459,602
780,579,606
415,1,607
160,488,608
482,214,610
907,429,613
923,965,614
484,132,615
28,991,616
252,844,619
222,124,620
493,402,624
240,686,626
323,798,627
493,652,629
950,633,630
489,119,631
284,56,632
710,909,633
743,46,635
111,117,636
300,574,640
804,911,641
737,556,642
138,258,643
656,73,645
112,481,647
366,266,649
198,15,651
675,501,652
526,841,655
122,987,656
754,546,656
117,777,660
999,35,664
211,260,664
510,656,665
767,278,668
521,576,668
358,978,669
502,929,672
487,381,672
41,730,673
770,853,675
134,689,676
953,382,677
537,126,678
65,405,680
866,385,683
677,55,685
931,547,686
728,311,687
685,94,688
645,107,689
909,145,689
199,611,694
575,558,697
419,176,700
365,231,702
379,59,704
581,174,705
857,56,707
599,907,708
741,946,712
951,804,715
40,325,717
163,615,718
706,283,720
767,712,723
40,438,729
997,784,730
477,664,730
464,353,734
340,596,735
794,832,738
450,293,741
510,830,743
737,531,744
722,950,745
320,900,746
69,2,747
759,117,748
127,268,748
863,650,750
375,761,752
915,531,752
767,728,756
143,108,759
432,316,760
20,197,762
835,168,766
17,609,767
675,28,768
486,890,771
878,907,771
548,787,774
577,22,777
228,127,777
773,63,778
622,432,779
510,301,781
545,871,783
272,95,786
695,872,789
687,316,794
679,551,795
465,825,798
250,106,798
324,432,800
707,172,801
347,808,802
111,665,806
19,100,807
280,870,809
365,951,811
141,468,814
693,721,815
537,55,819
692,955,820
392,553,821
834,810,825
357,746,829
674,883,830
351,64,835
359,626,835
945,980,835
704,577,837
21,595,839
309,701,840
143,542,843
891,819,844
428,857,848
449,187,850
136,119,851
557,22,856
17,378,860
416,279,860
987,833,862
441,698,864
264,382,867
105,544,869
482,877,870
65,935,875
928,493,877
594,469,879
500,679,880
159,203,881
623,539,882
345,209,885
532,678,887
879,141,889
588,638,890
771,713,891
654,607,893
843,625,895
892,101,896
601,27,899
312,326,900
693,817,902
934,256,906
608,96,908
483,754,909
852,338,911
596,216,916
446,886,917
784,824,918
148,249,919
537,526,922
215,989,924
184,65,929
218,899,930
11,821,932
50,253,936
114,791,937
220,287,941
692,161,944
963,547,946
285,622,950
117,628,951
901,912,953
207,723,960
867,793,960
393,475,963
107,949,963
60,670,965
53,446,972
386,667,974
769,872,979
297,614,983
796,894,985
393,473,988
565,151,990
580,502,992
428,605,994
475,59,995
578,758,996
879,450,999
