504,128,475
300,118,476
86,787,477
847,706,477
853,319,477
29,880,478
805,251,478
814,683,480
53,708,481
134,764,482
195,911,483
979,858,484
177,849,485
27,332,485
353,665,487
625,809,489
353,793,490
81,635,490
331,818,491
592,757,492
310,604,492
79,722,494
527,800,495
737,318,495
62,339,496
698,270,496
163,87,497
611,197,497
14,95,497
331,316,498
89,942,498
91,702,498
686,954,500
136,459,501
832,984,502
299,899,502
410,614,502
921,216,504
970,603,505
907,49,506
846,959,507
642,368,507
698,774,507
554,616,508
614,922,511
630,319,511
59,823,512
418,137,514
632,300,514
440,412,515
512,890,515
859,800,516
324,731,518
929,681,518
294,882,519
694,142,522
10,209,523
53,149,524
912,626,524
49,631,525
817,899,528
522,514,530
708,248,530
898,332,531
811,880,532
965,528,532
583,340,533
223,720,534
764,167,535
971,341,538
994,905,539
276,307,540
805,316,541
455,644,541
568,411,543
617,673,543
861,904,543
334,878,547
920,419,548
162,865,548
553,733,550
893,544,550
254,863,551
592,19,552
680,717,552
533,294,554
375,1,556
84,391,556
567,749,557
7,777,557
409,888,558
270,81,558
787,264,561
797,99,562
809,344,563
140,891,565
851,36,567
50,681,570
180,377,571
440,275,572
899,690,572
549,258,572
184,659,574
494,450,574
847,126,575
240,898,575
793,265,576
974,456,577
90,148,577
683,914,578
140,1,578
784,365,578
481,544,580
996,536,582
826,890,582
675,869,584
263,244,584
477,290,584
61,598,584
829,298,585
821,995,586
789,622,586
964,874,587
12,420,589
830,180,589
308,189,590
586,544,592
118,494,593
977,242,597
972,580,597
436,690,597
585,518,597
749,229,599
126,493,600
246,881,600
735,847,602
891,536,603
211,594,603
103,570,603
366,413,605
769,805,605
788,846,607
545,260,607
599,215,607
95,511,608
671,719,609
72,568,610
235,598,611
824,211,612
437,974,613
964,838,613
994,800,613
524,950,616
532,340,618
796,255,618
983,448,618
844,694,621
335,396,622
918,82,623
753,557,623
800,113,624
831,975,626
136,520,626
723,892,626
577,656,626
996,609,628
578,223,628
812,61,629
771,882,629
906,13,629
428,391,631
332,511,631
102,538,632
936,867,633
479,633,634
799,95,636
550,615,636
206,303,636
262,60,638
532,542,639
464,564,640
133,377,640
45,916,643
927,344,644
55,442,644
820,377,644
694,141,645
343,466,645
21,328,646
661,303,647
12,5,647
221,332,650
46,86,650
706,449,651
314,459,653
576,222,656
578,434,658
38,378,659
921,193,660
127,816,660
67,328,661
763,481,661
638,589,663
287,962,664
548,999,664
476,686,666
804,839,667
403,926,667
511,670,668
418,397,668
228,120,669
248,142,670
742,350,670
923,289,671
952,473,671
536,304,673
757,889,676
567,101,676
656,202,679
468,41,679
455,402,680
683,794,681
181,584,684
161,717,686
691,735,688
636,23,691
881,86,691
206,195,692
181,577,692
70,670,693
902,788,693
156,970,697
254,884,698
686,496,699
75,901,699
567,76,700
183,791,701
76,87,702
776,832,702
126,949,702
479,567,705
99,309,708
420,266,708
904,467,710
984,382,711
968,653,711
828,112,712
737,430,714
570,315,714
309,696,715
101,245,715
655,609,716
846,372,717
902,611,719
286,933,720
856,637,722
466,752,724
315,359,725
742,225,726
896,189,727
220,957,728
882,413,729
25,342,729
929,706,730
331,851,731
221,85,733
28,391,734
642,711,735
12,758,736
246,326,739
180,331,740
997,115,740
998,477,741
333,7,741
560,577,741
716,819,742
109,668,743
589,978,743
281,332,744
420,189,745
810,668,745
815,377,745
239,975,749
669,163,751
323,128,752
780,787,754
605,978,754
537,607,756
6,752,756
981,249,757
157,248,757
808,178,762
37,889,763
220,60,765
542,841,767
276,373,768
140,48,768
861,296,768
140,951,769
184,839,770
393,209,770
115,210,771
957,641,774
759,95,774
433,321,776
138,175,779
356,791,780
223,498,780
338,830,780
848,914,782
191,220,784
540,681,784
956,73,786
938,492,786
792,824,786
238,282,786
153,495,786
611,560,788
783,885,788
968,598,791
657,49,792
304,552,792
363,105,792
854,812,792
732,120,793
601,839,794
228,875,794
133,128,796
54,517,797
575,225,800
631,376,802
504,144,803
942,274,803
537,962,804
13,963,805
620,335,805
237,740,805
433,778,806
14,716,806
562,855,806
207,532,808
505,610,810
95,684,811
65,707,811
525,234,813
460,421,813
12,330,814
38,42,815
930,155,815
881,712,816
984,104,816
8,64,817
566,820,817
254,119,818
96,969,819
793,777,821
894,287,821
540,584,822
892,137,822
696,506,823
885,881,823
966,998,823
205,190,826
990,269,827
798,48,828
233,527,830
60,755,831
912,165,831
913,35,836
120,326,837
123,195,837
435,796,838
893,979,839
369,183,843
381,332,844
335,179,845
655,334,847
777,674,850
875,446,851
688,710,855
276,897,855
546,578,855
55,834,856
621,566,857
348,862,858
887,204,863
201,157,866
560,782,866
291,929,867
328,242,868
88,710,869
47,573,869
714,946,869
433,94,871
945,404,872
630,923,873
870,566,873
341,978,875
228,789,876
431,720,877
248,86,878
726,298,878
686,958,879
955,891,879
474,92,880
698,132,880
72,69,881
133,820,881
198,475,881
676,754,881
211,702,882
62,18,883
216,812,885
870,80,886
650,562,888
375,546,889
569,58,889
306,817,891
709,972,892
805,309,893
769,304,893
693,87,893
373,336,894
975,11,896
129,616,897
648,444,899
13,301,899
345,660,900
40,619,901
510,231,902
748,744,902
408,222,905
805,672,906
532,588,907
962,589,908
371,937,909
102,477,909
898,137,910
763,712,912
753,795,913
860,941,914
254,748,915
666,274,915
850,542,917
895,422,917
233,904,917
392,463,918
375,381,920
387,233,922
68,415,923
586,437,926
622,774,926
225,383,927
686,797,928
858,832,929
891,812,930
651,149,930
210,244,933
726,587,934
94,479,934
101,890,934
553,591,936
405,739,937
1,94,937
778,460,938
389,364,938
739,769,939
3,275,940
905,543,940
465,296,940
960,81,941
528,847,942
352,625,943
857,947,943
958,459,944
288,234,944
490,310,944
513,607,944
421,348,944
382,690,945
33,627,945
657,801,946
162,341,947
445,52,947
910,251,948
381,204,950
379,560,953
391,649,953
89,985,953
262,796,954
14,189,955
471,919,956
187,477,957
987,842,958
840,12,959
167,781,960
216,965,960
626,605,960
573,698,960
463,515,961
257,76,962
517,197,964
827,217,966
568,840,968
236,123,968
164,983,970
8,31,970
428,284,970
394,634,970
727,754,971
630,256,971
80,816,972
149,136,972
955,784,974
124,301,974
197,547,975
773,125,975
565,9,976
230,142,976
127,744,978
61,395,979
189,742,979
347,609,979
686,325,980
505,130,980
366,677,981
177,263,982
395,964,982
946,844,989
576,684,989
13,102,989
229,371,990
36,771,991
728,370,991
684,684,992
843,503,994
748,362,995
966,666,997
592,44,997
737,276,997
251,356,0
363,224,2
408,238,3
282,33,4
864,58,6
620,602,6
702,284,6
642,275,6
118,700,7
765,214,7
846,380,7
256,501,7
968,624,8
562,605,8
180,15,8
365,303,8
813,155,11
925,66,12
490,899,12
927,462,13
952,967,13
921,88,13
699,636,14
395,542,15
116,527,15
715,955,18
469,431,19
896,452,20
885,146,21
306,979,21
378,525,22
337,715,22
633,836,23
796,955,23
802,880,23
707,954,23
362,821,24
893,41,25
451,975,25
710,634,26
405,728,28
433,517,28
291,632,28
512,699,28
216,588,30
492,554,32
833,866,32
923,690,32
179,914,32
702,19,33
557,465,34
252,622,35
669,612,38
422,233,39
744,829,40
968,937,42
213,441,43
150,383,45
956,962,46
40,646,46
364,493,46
433,442,47
352,28,47
159,582,49
913,34,51
438,879,52
158,257,52
729,94,53
323,782,53
919,608,53
326,745,53
644,415,55
698,917,56
889,474,57
18,333,57
214,796,58
118,859,58
86,831,60
6,8,62
24,773,63
652,655,63
467,976,65
126,208,66
718,153,66
170,123,66
868,365,66
860,326,66
48,258,67
713,954,67
290,292,70
460,732,70
283,418,70
859,633,71
509,782,71
896,78,74
252,671,75
598,262,75
685,747,77
844,541,78
808,579,79
221,940,80
36,865,83
367,209,86
67,321,86
345,167,87
153,996,88
463,880,88
679,626,89
550,856,89
433,314,90
608,440,90
989,739,93
972,389,93
609,720,94
321,237,95
719,248,95
104,992,95
439,928,99
284,619,99
115,345,100
979,660,103
418,872,103
556,112,103
107,589,105
766,176,105
784,732,106
365,121,107
235,169,108
879,31,108
977,878,109
86,917,109
272,931,111
432,992,112
351,749,115
816,410,117
752,737,118
101,355,118
674,144,118
358,404,120
725,808,121
911,466,122
790,138,123
503,621,124
705,685,124
898,994,126
790,116,127
332,653,127
614,455,129
153,143,132
352,796,132
891,389,133
310,949,133
915,181,134
63,997,135
128,154,135
751,623,137
520,731,140
422,889,140
839,999,141
191,462,141
56,464,141
234,781,143
937,7,144
810,691,147
824,53,148
146,68,153
576,228,154
387,980,158
728,490,161
613,624,162
929,164,162
648,109,164
490,739,164
72,42,168
330,701,168
76,148,169
558,839,171
20,247,174
216,578,176
866,144,177
137,120,178
599,288,178
587,471,180
446,946,183
443,667,183
956,726,185
359,521,185
169,83,186
432,3,188
27,842,189
816,303,189
142,258,190
183,535,190
356,499,190
599,495,192
450,162,192
980,502,196
42,562,196
489,718,196
73,81,198
598,277,198
834,260,198
933,467,199
330,573,199
639,669,200
162,126,201
334,189,202
390,665,203
63,607,207
753,225,208
688,706,208
133,615,209
910,320,211
710,36,211
639,583,213
831,874,213
253,611,214
139,436,215
968,100,216
553,398,216
157,98,218
18,24,219
483,277,220
128,165,220
942,167,221
799,613,224
798,27,225
575,937,226
744,715,226
316,657,229
87,154,231
576,322,232
744,777,233
108,204,233
173,784,234
131,745,234
150,553,236
162,651,237
703,592,239
791,538,239
903,640,240
285,546,240
800,432,242
14,997,242
33,549,242
249,828,243
584,489,244
230,111,244
282,770,244
38,583,246
365,78,247
655,206,248
791,437,249
683,652,250
68,490,250
86,60,251
50,15,251
356,762,253
403,403,255
769,48,256
662,233,258
616,222,259
298,477,259
438,366,259
990,359,259
218,460,259
971,91,259
333,645,259
130,898,259
67,95,260
369,190,261
794,720,262
853,36,263
635,768,263
717,781,265
683,133,269
747,49,270
435,510,270
554,176,270
135,645,270
913,752,271
431,710,271
508,94,271
104,495,274
290,462,274
69,418,275
916,449,277
860,620,277
496,803,277
689,613,279
781,333,280
794,222,280
353,429,282
953,51,285
79,554,285
301,991,286
857,867,288
458,613,290
392,908,290
677,48,290
430,433,291
270,227,292
732,982,293
68,848,294
559,76,295
130,660,295
284,128,296
223,826,297
155,767,297
180,110,298
423,571,299
77,561,299
997,851,300
942,149,300
256,117,301
725,471,301
176,725,302
683,982,302
47,234,305
963,859,306
628,417,306
343,731,308
920,662,310
189,754,312
513,115,313
792,538,316
43,835,317
688,502,319
215,486,320
700,226,320
37,478,320
213,711,321
94,632,321
424,69,323
775,530,323
715,589,323
430,873,324
232,631,325
199,262,326
686,854,326
385,119,326
177,335,326
225,201,328
842,95,329
30,811,329
771,716,333
758,592,333
292,899,334
972,574,334
92,555,335
333,543,337
704,749,338
324,720,338
80,611,340
417,551,341
630,861,342
992,576,342
621,733,342
878,870,343
517,50,343
773,427,344
458,541,345
534,748,348
888,190,348
201,51,349
629,225,350
808,550,350
145,682,352
82,178,352
884,413,353
958,805,356
43,663,357
445,170,357
60,245,359
60,240,360
252,370,361
311,737,364
672,762,365
785,787,365
269,616,365
670,827,366
567,282,368
171,196,368
466,913,369
873,664,371
734,724,371
665,850,372
524,281,372
384,996,376
98,940,378
663,478,380
722,34,382
297,424,383
711,347,383
880,812,385
156,420,386
740,99,386
954,198,388
951,151,389
630,276,390
64,140,390
191,381,392
189,657,393
798,715,394
60,767,394
662,47,394
485,398,395
683,975,395
455,411,396
499,539,397
537,294,398
313,909,399
812,465,399
748,744,403
55,966,404
310,527,408
547,366,409
711,969,410
201,787,411
196,910,411
125,698,413
2,134,413
180,974,415
845,918,415
4,113,416
360,357,417
47,641,417
344,466,418
445,126,420
869,806,420
878,211,423
268,382,425
796,781,425
157,689,425
113,727,426
595,677,428
823,770,429
75,659,430
606,983,430
841,549,431
622,394,433
926,319,434
971,275,435
499,654,435
566,982,436
609,672,437
856,683,438
330,382,438
813,340,439
639,530,441
586,583,442
240,927,442
379,452,442
488,192,443
389,484,445
79,581,445
96,333,446
409,516,446
289,554,447
81,126,448
179,852,448
84,30,448
742,492,450
862,436,451
253,642,455
493,262,459
464,22,459
69,573,460
458,538,460
184,551,462
475,556,462
71,303,463
406,650,465
764,63,466
8,137,466
828,223,466
540,997,467
211,931,467
708,757,468
236,836,469
633,256,471
646,432,472
206,949,474
841,777,475
858,513,475
670,9,476
553,639,476
64,199,477
546,258,478
186,334,479
329,189,480
881,496,481
87,269,482
447,968,482
824,95,484
619,981,484
193,319,485
669,934,485
27,320,487
502,73,487
217,476,488
747,24,490
796,90,490
299,699,494
184,512,494
430,720,496
671,281,497
797,462,498
117,311,499
75,581,499
570,812,500
861,0,500
920,978,500
418,123,502
888,464,506
27,310,507
245,294,508
921,592,509
413,84,509
212,993,512
578,69,514
643,220,514
775,702,515
713,928,516
815,741,517
630,543,518
331,728,518
251,747,519
646,558,519
906,556,520
243,626,521
192,97,521
580,886,523
77,41,523
747,496,524
511,504,524
836,271,527
431,581,527
715,184,527
540,746,527
371,253,528
336,712,528
99,842,529
41,96,529
20,691,532
216,974,533
99,269,533
218,986,533
565,487,536
802,899,536
270,547,537
970,643,537
425,673,537
638,513,539
169,589,540
926,362,540
907,535,540
207,478,542
728,381,543
18,111,543
668,328,544
657,171,544
844,359,546
158,410,546
299,362,548
279,844,548
863,276,549
966,759,549
401,499,550
569,780,551
622,851,551
40,431,551
943,712,551
313,573,551
921,251,552
955,938,552
792,448,552
344,703,552
848,301,553
151,119,556
555,142,556
507,807,557
50,93,558
520,614,558
509,669,559
650,552,559
164,900,559
860,96,559
692,70,560
466,406,561
277,407,562
464,476,562
782,38,562
819,599,565
463,804,566
804,343,566
928,664,568
641,324,570
271,330,572
464,341,573
523,862,573
105,511,575
823,184,581
651,215,582
382,343,584
407,717,584
749,260,585
12,32,586
278,599,586
501,352,589
507,188,590
615,432,592
20,4,594
302,416,594
942,959,594
336,914,595
629,2,596
641,594,597
365,528,598
322,955,598
431,826,600
449,817,600
893,270,602
503,238,602
973,289,603
321,31,603
671,630,605
716,5,605
598,766,606
918,814,607
785,626,607
249,773,609
703,634,610
201,722,611
735,701,612
82,178,613
603,320,615
398,507,616
524,589,617
600,348,617
6,909,622
895,894,626
80,59,627
373,577,627
539,594,628
300,18,628
690,964,632
565,759,633
351,871,636
601,823,637
425,646,639
97,245,640
466,750,641
770,682,642
710,101,642
186,731,644
672,601,644
294,802,644
688,108,646
352,257,646
459,915,648
534,173,649
425,319,649
91,514,650
867,851,650
354,887,653
861,955,655
899,541,655
184,936,655
821,519,656
554,335,656
954,763,656
880,470,656
197,55,657
56,729,657
219,840,658
396,513,660
622,724,662
518,796,662
735,408,663
280,640,670
780,845,670
377,27,672
474,913,673
484,306,673
164,437,673
570,688,673
250,845,674
810,216,675
587,646,676
358,859,678
999,786,678
152,579,678
449,50,679
641,164,680
628,830,680
827,804,682
700,858,682
280,767,684
942,67,684
687,935,685
706,537,685
236,961,686
121,295,687
344,607,687
909,26,687
184,398,689
695,103,693
650,777,694
772,267,695
506,704,696
281,972,697
220,125,697
625,736,698
710,992,698
555,337,700
723,493,700
457,534,702
958,844,703
516,862,705
444,650,705
902,127,705
177,763,707
107,691,707
926,418,709
835,878,710
913,793,712
294,227,718
866,621,718
982,478,719
667,178,720
357,547,720
824,185,724
81,218,725
318,297,727
663,546,729
728,748,732
660,514,733
924,336,734
802,509,734
789,44,734
967,242,735
182,479,735
182,193,735
448,27,738
593,296,738
261,394,739
535,637,740
866,879,740
45,128,740
201,697,740
224,591,740
26,739,740
601,632,741
162,920,741
195,711,742
398,871,743
309,109,745
118,829,747
464,553,747
476,501,748
652,207,748
89,761,749
2,842,749
9,145,750
572,16,754
432,75,755
794,683,756
624,365,756
259,811,757
927,443,757
298,47,757
911,446,759
55,657,761
16,720,763
474,392,763
264,78,765
268,870,765
641,689,765
847,634,766
790,478,766
979,173,767
17,756,768
171,819,768
788,681,768
991,635,768
486,433,769
437,302,770
719,747,770
509,324,771
837,256,771
588,513,771
751,498,772
838,685,773
740,130,773
827,392,774
162,116,775
977,533,776
400,616,776
329,105,781
538,387,782
866,26,783
778,33,784
965,857,785
553,928,786
777,509,791
521,774,791
643,456,791
563,223,793
657,228,794
513,668,796
395,283,797
740,396,797
326,205,800
106,450,801
384,27,801
564,109,803
19,736,804
536,36,805
895,269,806
397,924,806
511,927,807
453,569,807
233,192,808
59,137,809
444,297,810
756,684,810
850,573,812
610,386,812
595,789,813
444,162,815
90,513,815
888,334,816
94,984,816
354,120,817
642,575,819
351,802,819
24,427,819
591,589,819
625,587,820
374,894,820
217,707,820
742,121,820
627,985,820
345,676,820
432,191,821
242,168,827
786,22,827
212,536,827
277,908,828
417,455,830
922,180,833
746,637,835
522,223,835
493,213,836
960,725,838
596,909,840
486,978,841
818,598,842
687,168,843
3,274,843
945,980,844
63,374,845
476,578,845
844,599,846
433,680,846
356,970,847
758,233,847
468,102,847
667,364,848
412,637,849
987,112,849
674,865,852
107,238,852
280,151,853
819,703,854
324,91,856
101,315,859
193,453,859
396,105,860
221,385,860
855,266,863
164,187,864
695,636,866
762,517,866
839,450,868
31,943,869
350,866,871
240,488,871
709,845,872
45,357,872
60,178,873
39,154,875
101,758,876
765,596,877
787,615,878
678,22,878
988,946,879
283,849,879
260,995,881
46,324,881
798,710,883
210,155,885
892,187,885
476,842,888
6,548,890
154,632,891
229,394,892
23,364,894
36,533,894
272,160,895
584,356,895
768,240,896
397,948,899
39,789,899
258,931,899
96,17,899
823,105,900
317,976,901
117,121,904
455,815,905
233,118,907
581,296,909
54,190,910
307,151,911
398,980,911
689,464,911
638,447,913
114,337,913
329,360,914
656,569,914
562,987,915
145,6,915
221,867,916
209,295,916
829,157,917
369,235,917
716,257,918
487,154,919
113,405,919
731,664,920
428,629,920
477,901,920
215,484,921
502,287,921
920,587,923
183,873,923
887,483,923
541,732,925
636,557,925
182,994,928
584,212,931
810,147,931
332,382,931
114,447,932
961,477,933
368,727,934
621,948,934
904,237,934
718,763,936
201,304,938
27,853,939
795,417,940
38,518,940
555,68,940
798,563,941
439,63,942
346,534,944
776,172,946
344,339,947
985,776,948
925,887,949
90,892,949
88,727,950
846,57,951
56,942,952
418,535,952
552,118,954
76,350,954
87,313,954
14,828,955
210,591,955
467,15,956
89,986,956
376,990,957
23,629,959
943,101,959
110,414,961
63,269,962
386,311,964
316,385,965
824,918,966
19,258,967
33,530,967
546,798,967
592,195,968
187,287,968
753,997,968
494,79,969
471,570,969
694,96,970
644,254,972
746,617,972
440,999,972
732,712,973
320,102,973
128,682,975
910,131,978
108,965,982
812,224,985
268,779,985
521,669,985
385,340,985
912,581,986
603,471,989
403,650,991
195,888,992
229,421,993
331,309,994
671,895,994
199,796,995
758,471,996
342,391,996
373,718,2
108,406,3
392,745,3
820,446,1
52,867,1
200,992,1
343,787,3
474,14,4
864,796,5
200,40,5
474,315,6
914,378,6
550,827,7
460,154,8
937,814,9
589,138,9
359,279,9
785,729,10
377,527,10
741,727,11
230,989,11
682,735,11
550,685,12
591,465,12
881,862,12
136,994,13
544,112,14
905,611,14
524,179,14
932,64,14
776,510,14
889,932,15
610,776,15
647,734,16
991,894,17
224,615,17
371,691,17
28,704,17
148,510,18
876,74,19
940,178,19
166,628,19
95,654,20
995,857,21
188,667,21
511,533,21
672,279,21
896,349,21
412,96,22
173,736,22
954,388,22
628,749,23
458,289,23
60,0,25
789,424,26
974,690,27
6,259,28
656,223,28
182,840,29
829,108,29
545,505,29
41,491,31
461,931,31
423,669,31
763,312,32
931,164,33
702,472,34
242,495,35
165,140,35
235,523,35
469,383,35
883,242,36
526,858,37
551,148,37
883,533,37
346,461,38
336,930,39
43,637,40
530,947,42
692,894,43
868,755,43
331,517,44
160,873,44
372,28,44
89,336,44
927,170,46
140,18,47
459,959,47
30,575,47
879,987,48
180,769,48
501,65,49
349,573,49
167,682,49
473,249,50
99,606,51
343,886,51
87,768,52
631,562,52
11,804,53
832,379,53
657,768,55
811,960,55
295,138,55
593,812,56
458,518,56
86,976,56
283,652,57
735,6,57
927,146,58
906,415,58
969,854,58
727,708,59
374,896,59
658,109,59
651,717,60
346,483,60
677,269,60
41,624,61
381,995,61
626,710,62
223,624,63
267,945,64
559,476,66
244,735,67
59,950,67
677,657,67
899,826,68
492,499,68
429,742,69
419,960,71
354,677,71
859,238,71
964,796,72
439,32,72
175,382,73
147,42,73
374,774,73
42,558,74
866,395,74
578,263,74
433,418,74
481,240,74
282,846,75
789,127,76
323,790,76
964,37,77
364,648,78
605,663,78
70,437,79
170,954,79
346,916,80
228,726,80
418,383,81
815,430,81
452,792,83
413,542,83
630,159,84
567,351,84
640,624,84
548,68,85
178,695,85
119,141,86
454,653,87
719,795,87
327,283,87
583,819,88
140,634,88
18,736,88
623,470,89
259,573,89
252,828,89
360,807,90
14,165,90
355,224,91
280,531,92
481,612,94
525,431,95
211,424,95
85,64,95
568,587,96
712,862,96
547,911,96
256,70,97
672,833,97
257,206,98
88,737,98
773,16,99
673,236,100
340,488,100
122,513,101
661,991,101
969,20,101
495,561,102
634,948,103
241,209,103
26,371,104
287,632,104
550,393,105
43,768,105
678,211,105
515,290,105
551,440,106
830,407,106
106,709,107
586,984,107
372,452,108
634,892,108
671,37,109
258,417,109
525,192,109
306,654,110
91,374,110
210,744,111
472,913,111
109,783,112
104,429,112
989,645,112
501,948,112
655,476,112
641,279,113
114,60,113
43,748,114
803,185,114
595,895,114
832,333,114
658,54,114
120,602,115
958,0,116
687,177,116
707,124,116
195,718,117
800,79,118
841,287,118
775,125,118
965,23,119
83,428,119
190,238,119
530,506,120
454,363,120
757,825,120
989,762,120
275,948,121
298,616,121
