254,702,0
866,740,1
346,858,1
741,732,3
828,363,3
117,504,4
610,948,5
479,422,6
421,717,7
658,768,9
929,366,13
916,587,14
140,284,14
220,243,15
663,183,16
119,531,17
341,562,17
356,600,17
678,672,19
193,750,19
645,777,21
477,485,21
165,76,22
445,397,23
886,618,24
243,23,24
845,484,25
758,154,27
621,9,30
855,521,31
992,964,34
307,451,34
21,769,35
359,877,36
179,254,38
609,967,40
289,961,42
681,577,43
696,381,44
737,599,44
898,144,45
635,115,47
685,762,49
987,63,51
444,198,54
317,422,55
216,166,57
119,232,57
726,770,57
2,949,58
445,128,60
935,752,60
409,821,60
555,948,61
976,809,61
968,737,62
23,675,63
633,562,66
204,490,68
773,965,68
408,340,70
653,915,71
619,223,72
615,53,72
370,111,73
541,862,73
550,660,75
982,661,75
140,608,76
719,213,76
100,161,76
886,943,77
978,560,78
928,530,79
855,570,80
265,678,80
556,883,80
178,481,83
451,943,83
740,916,84
566,101,84
792,732,86
874,490,87
740,119,88
74,40,89
601,713,89
520,502,91
304,352,91
796,271,92
353,185,93
458,667,94
81,111,95
908,334,96
723,849,97
626,496,97
80,841,97
369,278,98
935,958,100
751,343,100
330,4,100
503,361,101
347,502,102
734,576,103
710,98,103
677,966,105
106,841,107
182,522,107
827,272,107
234,937,108
854,82,108
584,908,112
273,8,113
916,146,113
820,336,114
651,152,115
552,366,117
90,125,120
684,347,121
475,930,123
590,690,125
430,246,125
788,254,126
316,574,126
761,132,126
577,374,127
563,873,128
863,79,129
69,303,131
354,480,131
162,988,132
6,568,133
998,103,134
851,776,134
98,219,135
674,844,137
492,288,137
794,732,138
208,336,138
307,58,138
724,915,139
668,140,140
590,956,140
273,570,142
283,580,142
919,20,143
278,100,144
20,182,145
802,381,147
435,226,148
199,915,149
825,458,150
686,536,150
657,362,154
567,591,160
434,645,161
172,598,162
175,13,164
497,775,166
465,648,167
671,161,168
938,52,169
715,172,172
936,808,173
111,764,174
747,478,175
491,740,175
567,127,175
840,284,176
945,682,177
843,181,178
511,74,178
946,812,182
655,428,183
194,766,183
759,878,185
662,863,185
79,424,187
414,124,188
38,307,188
998,871,189
130,691,189
845,480,189
630,416,190
894,56,190
483,145,191
274,721,195
770,555,196
628,343,196
258,212,198
888,670,201
839,107,202
472,856,202
484,718,203
991,806,203
178,83,207
796,410,209
107,791,209
55,875,210
285,943,213
854,533,214
753,361,217
640,925,218
479,516,218
709,71,218
525,32,219
218,779,219
652,526,219
673,852,220
804,318,220
403,498,220
961,688,221
258,112,221
74,501,223
548,578,228
301,979,229
974,324,231
435,119,233
389,318,233
74,528,235
936,200,236
326,315,237
503,873,238
737,80,240
597,118,241
472,293,242
385,28,242
61,649,243
644,242,244
714,252,245
541,670,245
710,390,246
965,568,246
564,977,246
833,958,248
61,426,249
635,62,250
238,590,253
956,596,254
357,655,257
25,989,257
180,682,258
521,320,259
645,80,259
796,69,261
211,362,261
157,709,262
264,219,263
767,2,263
177,514,264
947,858,265
778,672,266
490,368,266
308,617,268
784,494,269
767,87,269
96,948,269
774,578,269
93,241,270
381,464,270
595,445,273
665,636,275
303,331,275
508,484,276
29,868,276
641,570,280
624,541,280
315,670,281
914,644,282
622,351,284
53,592,285
427,154,286
571,862,287
1,586,289
450,574,294
945,455,295
416,613,295
650,464,296
58,223,297
514,198,297
169,169,299
228,561,299
403,192,302
787,802,303
363,220,304
992,31,306
351,819,307
645,276,307
475,64,307
148,941,308
914,706,310
578,450,311
684,491,311
447,28,313
269,213,317
767,889,317
264,594,318
991,725,321
702,524,321
78,539,322
808,220,323
390,104,323
306,998,326
123,147,330
444,10,331
965,236,332
950,587,333
101,316,335
126,994,339
662,350,339
933,376,340
276,159,341
604,149,341
769,827,342
831,850,342
107,35,343
305,497,343
881,662,343
171,122,347
597,668,348
559,986,349
165,128,349
544,183,350
813,460,350
109,781,350
297,16,351
717,398,351
728,519,356
544,447,356
55,286,357
766,270,357
324,34,358
415,705,359
651,865,360
946,569,361
933,631,362
332,416,362
222,724,362
654,547,363
721,221,363
227,703,363
952,562,363
848,264,364
565,635,364
422,692,365
178,991,365
426,733,365
137,381,365
402,703,368
374,314,369
821,58,369
698,572,371
665,333,371
226,517,373
582,53,374
568,816,375
97,628,375
290,220,377
800,120,377
712,731,379
245,214,380
483,956,381
283,779,381
346,91,382
760,69,382
875,64,382
538,46,383
597,123,383
667,294,384
21,850,386
397,942,387
183,916,387
842,343,388
267,283,388
96,758,389
979,870,389
150,452,389
797,171,390
795,576,392
339,43,393
245,881,394
364,910,394
596,742,394
831,113,394
657,317,395
527,787,396
180,949,398
566,388,400
393,975,401
807,796,401
205,226,402
276,924,404
911,966,405
447,924,406
776,277,409
134,677,409
707,544,410
868,542,410
241,212,411
684,736,412
751,226,413
631,545,414
491,572,414
811,842,417
316,463,417
119,128,420
563,903,421
313,292,421
681,925,422
198,38,426
174,763,426
744,192,427
894,558,428
56,210,429
360,130,431
238,752,433
164,916,434
133,517,435
957,994,438
402,846,438
391,446,441
353,161,441
930,233,442
967,946,443
196,851,445
29,154,446
686,68,447
554,415,447
789,857,448
391,870,449
47,429,449
922,8,449
160,400,449
210,489,449
520,536,450
179,781,452
225,435,453
770,196,453
241,456,455
958,735,458
244,907,458
623,10,460
518,327,461
58,317,461
704,833,462
383,749,462
256,397,463
500,684,463
506,804,463
283,987,464
626,737,465
362,292,465
300,83,469
746,37,469
118,737,469
154,673,470
612,332,470
755,204,470
233,363,471
820,922,472
174,472,472
969,57,472
822,814,473
666,939,473
512,658,473
620,155,474
741,574,477
736,421,480
891,392,480
956,821,482
938,80,482
902,764,482
646,926,483
343,200,483
863,582,484
386,289,487
532,410,488
165,549,489
936,804,490
540,217,491
780,704,494
796,975,496
806,283,497
359,802,498
660,832,499
901,917,501
614,799,501
931,153,501
310,169,503
215,225,503
689,123,505
828,345,505
359,526,506
183,455,509
33,380,509
933,609,510
688,138,513
342,600,513
558,580,513
291,84,513
783,40,515
933,238,517
48,496,517
174,90,517
886,495,518
635,258,518
143,890,519
134,47,519
975,87,520
72,800,520
752,308,521
508,733,523
637,550,523
67,897,523
551,532,524
207,415,527
550,808,528
212,493,528
364,959,529
171,677,530
3,146,530
732,287,531
399,397,533
449,509,534
924,123,536
60,709,536
364,637,536
763,48,539
122,150,541
891,797,542
81,794,543
430,973,543
237,629,544
773,217,544
147,330,545
65,440,546
757,468,546
862,891,548
600,499,549
305,273,550
157,700,550
943,578,553
24,959,554
264,653,554
226,221,556
407,110,556
940,221,557
654,607,557
813,987,559
376,905,561
44,393,562
506,214,564
67,92,565
283,460,567
434,575,568
664,694,570
627,658,570
602,251,570
966,447,572
850,300,573
484,412,574
896,914,575
697,950,576
722,520,579
404,757,580
320,278,580
797,699,580
491,697,580
716,445,581
379,695,581
509,911,582
925,284,583
798,213,584
668,182,584
583,875,585
592,488,586
358,968,586
969,671,586
698,997,586
659,969,587
183,419,588
224,621,588
951,989,588
246,999,588
204,915,589
566,325,589
131,365,591
236,331,591
155,919,592
920,693,593
558,53,594
938,640,595
603,700,596
588,810,596
571,679,596
131,474,597
596,104,599
716,568,599
288,214,599
444,599,600
838,21,602
428,628,603
942,60,604
851,563,606
869,988,607
537,182,608
217,225,609
7,188,609
850,149,610
326,116,610
963,41,611
873,104,613
689,116,614
711,745,616
654,756,616
994,276,618
790,715,618
483,714,618
932,455,619
990,242,620
528,405,621
211,771,623
406,293,623
815,480,628
726,903,628
395,660,629
467,637,629
239,571,629
449,770,630
727,511,631
943,830,633
702,691,633
948,529,633
996,563,634
904,864,635
129,659,636
252,734,638
591,598,639
315,790,641
883,142,642
527,798,642
24,652,643
296,136,644
61,276,644
400,529,644
208,907,646
204,674,646
289,179,647
263,884,648
199,679,648
710,824,649
937,190,649
717,361,650
396,896,651
218,61,651
796,346,653
969,374,653
183,543,654
762,650,654
17,120,654
323,846,654
216,427,655
462,618,657
204,412,658
434,577,658
261,211,659
190,177,659
711,918,660
375,896,660
143,147,662
576,250,663
78,474,663
676,339,664
564,29,665
298,25,665
821,954,666
949,988,666
674,649,666
434,932,668
879,542,669
645,805,671
349,688,671
999,0,674
943,172,677
68,63,677
705,498,678
50,376,680
760,489,682
908,377,682
735,490,684
681,517,688
65,978,688
138,974,688
406,313,690
383,675,690
218,320,690
117,715,691
585,694,694
206,544,695
199,706,695
731,970,695
986,946,696
362,517,698
977,456,699
211,62,700
325,717,700
479,33,701
284,257,701
899,251,701
659,30,702
363,247,702
439,293,704
87,55,704
431,422,705
883,225,706
667,768,706
872,771,709
637,671,709
52,707,709
110,976,711
372,105,712
128,310,713
889,973,714
256,106,715
353,666,715
198,676,718
667,535,720
860,312,720
860,123,722
815,576,722
462,663,724
946,779,726
871,856,728
943,927,728
694,247,731
422,998,731
882,737,731
777,989,731
179,84,732
75,895,732
177,520,732
501,363,733
910,644,734
49,279,735
699,938,735
180,716,737
415,522,737
624,258,737
409,871,738
320,540,739
452,11,739
221,595,739
978,8,740
203,646,740
470,900,741
543,173,744
998,184,744
828,791,744
797,942,746
381,8,748
373,527,749
936,712,753
143,961,755
264,461,755
823,53,755
779,834,756
789,726,756
660,186,757
86,866,757
456,852,758
159,254,758
683,85,759
627,717,760
792,618,761
602,596,763
238,332,764
91,759,768
273,265,768
667,603,768
224,962,768
34,868,769
349,144,769
949,561,769
176,903,770
432,382,770
832,480,771
427,348,773
252,588,774
351,258,774
937,292,775
924,284,776
745,981,777
825,582,778
89,680,779
683,972,779
79,948,780
79,35,780
207,825,781
737,243,781
396,57,782
502,85,783
741,98,783
25,379,784
14,576,784
63,913,785
684,874,786
928,786,786
867,919,787
363,949,788
813,53,788
164,268,788
114,872,788
34,463,788
790,856,790
995,736,791
351,653,792
141,757,793
493,379,795
213,875,795
340,298,797
230,229,798
931,909,798
580,290,798
903,859,799
205,231,800
98,239,801
49,929,801
706,639,801
830,911,802
813,229,803
190,232,805
63,76,808
604,81,808
764,828,810
285,567,811
945,502,813
291,767,813
675,195,813
357,689,816
211,0,816
966,31,817
749,723,818
698,296,818
714,416,819
489,678,819
787,382,819
513,734,820
645,451,820
77,537,821
483,430,821
81,516,822
427,861,825
979,216,826
711,614,826
746,407,828
392,720,829
749,446,830
406,79,831
119,740,832
44,694,834
698,88,835
804,450,837
558,364,838
511,808,838
428,342,840
156,793,840
71,510,841
247,380,843
732,852,846
874,641,847
329,557,847
578,101,847
683,5,848
340,129,848
739,653,849
398,192,849
876,277,849
997,826,852
985,445,852
664,836,853
628,192,855
842,815,855
144,959,856
723,566,856
509,448,857
958,840,857
766,184,858
69,256,858
43,44,859
399,709,859
899,3,860
533,737,862
77,100,863
292,225,863
909,835,864
460,457,864
255,756,864
881,42,866
88,419,869
476,27,869
890,138,870
656,380,873
753,929,874
416,318,877
64,16,879
964,997,879
867,259,879
29,541,883
284,356,887
990,224,887
665,2,888
58,531,888
710,338,889
804,301,889
388,538,890
157,246,890
107,847,890
310,250,891
687,327,891
22,890,892
957,453,894
947,751,895
857,203,898
959,4,899
592,258,900
983,732,902
357,400,904
434,906,904
613,742,907
20,808,908
291,6,912
907,588,912
168,997,914
885,307,916
480,464,917
386,17,918
427,454,919
613,229,919
334,536,920
889,941,920
177,393,921
184,871,921
167,533,922
316,908,924
379,326,925
5,30,925
764,391,925
766,939,926
20,237,927
481,312,927
757,232,929
817,340,930
543,863,932
953,829,933
459,211,935
847,473,936
657,543,937
815,78,938
556,133,938
912,805,938
671,145,938
829,175,939
680,212,940
946,76,940
367,753,941
329,459,942
507,87,943
944,686,943
630,411,943
599,571,945
156,434,945
262,198,947
414,723,949
76,825,950
188,521,950
570,675,952
819,998,953
980,869,953
462,778,955
560,390,955
327,275,958
887,236,958
227,189,962
172,517,962
552,857,963
727,580,964
794,354,964
702,272,967
949,890,968
464,984,968
17,916,969
350,521,973
145,750,977
364,903,977
297,501,977
637,654,978
859,287,980
196,97,980
437,280,981
284,189,981
892,138,982
778,9,982
967,905,984
122,486,984
805,327,984
249,387,985
12,403,986
130,327,986
127,996,987
675,860,987
823,116,987
751,410,989
975,362,992
741,583,993
271,437,993
106,143,994
352,691,995
873,882,997
741,7,999
742,141,999
982,700,1
468,856,2
87,867,2
12,44,2
203,585,3
364,470,4
459,81,4
216,811,5
615,727,5
870,907,7
864,934,7
168,537,7
188,907,9
440,238,9
611,274,10
224,151,11
571,431,13
474,325,14
905,50,14
987,120,15
813,112,17
464,970,17
755,800,18
505,486,19
811,426,20
711,842,21
809,814,22
145,245,24
834,575,25
97,579,25
834,88,25
587,950,27
566,616,27
815,252,28
540,183,30
960,310,31
385,332,33
324,554,36
771,427,36
805,407,37
725,788,38
352,335,38
108,254,40
457,355,41
787,872,41
89,748,44
861,546,44
415,868,46
100,538,46
905,577,46
178,904,49
951,225,50
763,14,51
423,707,52
99,923,52
377,981,53
127,911,54
700,695,55
208,405,57
401,595,58
848,850,58
958,904,58
928,485,60
496,423,60
866,67,63
936,987,63
590,752,65
879,658,66
785,253,66
620,857,67
696,712,67
43,183,70
821,56,70
469,484,70
944,594,71
609,810,71
752,753,74
324,582,78
324,105,79
947,653,79
823,98,81
819,318,83
775,134,84
291,988,85
937,629,87
286,594,88
761,610,88
514,83,89
142,694,89
559,550,90
366,560,91
407,472,92
802,885,93
694,467,94
454,623,94
966,743,97
789,661,99
151,539,100
636,78,101
163,394,101
929,363,101
193,346,103
88,840,104
92,631,106
273,334,108
421,183,110
530,683,110
627,246,113
812,100,117
196,89,119
743,409,119
293,131,120
755,204,121
265,367,122
531,282,123
7,532,124
855,33,125
263,940,126
8,979,126
337,317,126
668,406,127
778,466,128
698,592,130
237,807,130
867,913,131
938,491,132
191,764,132
328,332,133
451,657,136
875,99,137
293,409,137
413,484,137
288,315,138
700,30,140
867,892,141
714,260,141
639,478,141
369,857,141
420,181,142
642,759,142
940,87,145
584,515,146
813,946,150
468,949,151
988,189,152
55,707,152
445,892,152
572,703,152
850,174,152
340,615,156
492,707,157
151,24,157
83,297,158
946,412,158
209,318,162
476,336,163
471,399,164
848,971,169
299,730,169
624,675,169
281,760,170
59,192,171
931,40,176
61,694,177
999,721,177
46,837,178
756,878,178
210,18,180
83,113,180
688,528,180
109,891,181
993,854,182
404,839,183
515,608,186
646,665,187
438,589,187
257,192,188
617,531,190
849,830,194
873,956,194
580,738,194
502,175,195
773,405,195
253,247,195
589,483,195
549,809,196
343,507,196
919,560,196
942,475,198
976,473,198
975,767,200
774,155,200
722,100,201
886,753,202
576,892,203
18,928,206
623,732,209
587,995,209
933,138,209
609,282,211
611,295,212
833,363,213
256,713,213
567,621,213
763,381,213
992,858,213
324,706,216
391,718,216
584,703,217
757,367,217
403,756,217
472,466,218
264,508,219
717,816,219
220,714,219
378,681,220
31,708,223
554,914,223
566,974,225
236,770,225
537,685,225
728,410,226
790,812,227
111,522,228
947,245,228
357,367,229
640,523,229
778,263,232
685,557,232
303,746,236
927,823,237
564,972,238
264,354,239
25,498,240
787,573,241
458,342,241
171,65,241
961,487,244
474,512,246
638,689,246
77,80,246
133,703,247
25,297,248
825,233,248
606,844,248
185,319,251
475,201,251
830,741,252
680,841,252
992,427,254
519,981,255
369,675,256
786,791,258
479,781,259
284,509,259
961,242,260
752,544,260
679,952,260
368,273,262
495,550,264
617,668,266
755,549,266
923,75,267
767,831,268
635,488,269
175,752,270
47,271,271
11,904,273
136,794,273
97,351,275
41,221,276
359,891,276
244,355,276
935,538,276
759,622,277
194,837,281
197,368,281
580,265,282
170,466,283
351,391,286
151,926,288
70,43,288
811,438,290
107,246,290
600,466,291
608,864,291
618,340,291
725,20,292
89,661,296
853,437,297
333,895,297
88,141,300
914,629,301
666,601,301
355,275,303
469,332,305
341,690,305
414,440,306
161,686,307
108,17,309
125,334,310
495,737,312
792,618,314
186,349,315
413,970,315
709,299,315
861,165,315
149,21,316
73,992,320
401,989,320
634,91,320
233,285,321
303,308,321
123,830,323
392,732,324
284,418,325
60,220,325
881,832,326
685,281,326
147,233,328
138,267,329
884,78,329
985,171,330
572,47,333
921,51,333
349,293,335
280,452,336
272,443,336
43,465,336
220,780,338
442,924,338
392,973,338
757,709,339
430,919,339
58,493,340
242,313,341
938,680,344
837,516,345
499,294,345
814,112,345
121,178,346
168,510,347
915,77,347
985,864,347
511,780,348
736,534,351
154,320,351
799,849,353
985,300,355
101,862,356
787,809,358
839,898,359
245,359,361
163,804,361
966,863,362
116,261,363
646,616,363
485,559,365
139,847,366
898,844,368
561,706,369
838,748,378
294,703,378
109,414,378
177,42,379
994,445,380
163,212,380
473,696,380
262,385,381
911,907,381
223,914,382
776,436,383
83,748,384
139,514,385
959,91,385
43,974,386
753,740,387
439,982,389
911,227,393
735,612,393
984,169,393
690,978,395
367,830,395
404,485,396
184,499,398
13,120,398
791,292,398
737,259,400
115,610,400
353,826,403
797,204,403
754,613,405
557,595,406
490,232,407
183,800,407
117,206,409
523,88,409
639,703,410
331,124,410
197,695,410
378,350,411
71,66,412
828,895,412
545,251,412
387,747,413
756,623,413
988,595,414
119,507,414
260,51,415
33,812,416
85,566,416
400,622,418
508,526,419
976,366,419
644,657,419
823,668,420
672,992,421
975,539,422
527,336,423
397,292,425
671,4,425
306,443,426
572,517,427
249,515,430
823,956,430
361,743,431
165,836,432
159,525,432
552,462,432
9,106,434
103,329,434
200,507,434
496,692,436
464,600,438
258,417,438
708,289,439
768,43,439
253,892,439
250,25,439
512,260,441
668,398,441
194,184,442
667,877,443
554,431,443
469,699,443
796,47,443
480,330,443
963,364,444
247,787,445
579,33,446
442,59,448
458,385,450
728,793,451
168,853,453
302,378,455
772,673,457
884,773,457
274,181,458
34,662,459
914,1,460
387,303,460
782,964,460
308,549,461
561,176,461
934,663,461
214,713,462
775,432,462
904,225,463
478,229,464
388,468,464
781,628,464
764,547,464
281,394,468
320,729,468
870,320,469
997,648,470
698,413,470
588,472,471
407,352,472
705,222,472
407,243,473
582,526,473
817,380,474
321,438,475
552,975,476
170,213,476
555,352,481
983,463,481
84,397,482
945,981,483
558,512,484
172,388,484
321,53,485
739,383,486
342,752,486
903,634,487
732,264,487
507,608,487
615,532,487
341,864,489
145,907,491
234,133,492
708,340,494
693,99,494
545,599,495
765,600,496
156,875,496
349,738,496
673,510,498
54,730,499
714,551,499
364,150,500
980,305,501
538,136,503
939,658,504
763,426,504
97,835,504
865,400,504
34,428,505
294,837,505
929,504,507
59,521,507
145,734,507
176,797,508
934,609,508
393,887,508
646,646,508
363,405,510
895,439,510
781,950,511
351,560,511
667,168,512
853,788,513
398,878,513
573,332,513
845,602,514
269,150,515
743,417,517
408,233,520
961,174,521
812,511,523
566,213,523
958,856,525
810,4,525
461,561,525
179,971,527
119,624,529
865,21,529
535,179,530
69,410,530
315,999,531
438,870,531
495,808,532
903,926,532
542,198,539
195,159,539
71,130,542
393,227,543
102,737,543
102,559,543
14,871,543
614,275,544
173,381,546
173,598,546
499,574,546
313,872,547
501,370,547
728,369,547
690,373,550
745,397,551
847,745,553
843,664,555
979,250,555
2,761,556
2,16,561
785,843,561
421,703,562
53,955,562
878,105,566
160,747,567
114,537,567
336,87,568
753,331,570
358,976,570
417,136,571
929,370,572
924,310,573
172,732,577
603,489,577
31,968,577
25,962,579
115,527,580
366,619,581
697,402,581
97,679,582
428,681,583
765,203,583
318,607,584
242,662,586
268,863,589
762,21,592
16,16,593
863,980,594
227,98,595
721,735,595
881,563,596
688,201,597
126,378,598
923,480,599
500,435,599
639,823,599
136,332,600
634,438,601
189,221,601
424,809,602
808,501,603
125,461,604
363,776,607
627,432,608
5,931,609
802,475,609
609,429,610
252,756,611
699,496,611
465,956,611
605,474,612
17,40,613
974,766,615
454,988,615
221,212,615
367,509,616
529,520,616
233,659,617
132,949,617
905,257,619
226,811,620
416,502,620
803,408,621
248,152,621
490,105,623
663,303,627
566,882,627
5,349,627
288,118,630
969,425,630
164,619,631
249,445,631
53,800,632
546,865,632
228,553,633
240,76,633
562,148,635
706,355,635
680,853,636
215,176,636
863,897,638
911,394,639
392,782,639
977,280,639
181,685,640
536,912,640
418,67,641
390,423,642
641,483,642
704,895,643
101,827,644
139,736,646
475,445,647
258,843,647
54,868,647
23,76,648
537,489,650
271,357,650
109,294,650
449,653,650
220,850,653
20,516,655
252,292,657
437,71,657
191,910,657
633,901,659
928,268,660
405,356,661
626,661,661
332,608,662
340,847,663
531,862,663
460,664,665
323,104,665
328,797,666
201,716,666
879,483,666
447,591,667
80,731,668
814,403,668
390,109,669
701,481,669
330,100,669
331,214,670
644,449,670
591,443,672
773,78,672
582,992,673
749,102,673
694,501,674
334,433,674
294,678,676
426,987,676
851,314,677
748,266,679
706,806,680
543,593,681
31,948,681
859,920,682
988,557,683
731,62,684
599,50,685
301,356,688
603,20,691
189,35,691
475,729,691
781,652,691
252,198,692
505,322,693
612,774,694
954,281,694
546,10,694
38,525,696
824,232,696
671,566,698
417,899,699
910,911,699
542,876,703
439,171,704
394,27,704
561,172,705
609,59,706
672,716,707
113,653,708
683,688,709
86,261,709
591,236,710
403,687,710
899,321,712
699,757,713
65,701,713
259,219,714
425,963,715
927,893,719
508,655,720
27,672,721
753,643,722
963,575,724
408,764,724
986,614,725
238,563,725
558,75,726
94,293,727
481,382,727
696,819,728
307,754,728
716,11,729
855,46,729
999,454,730
687,793,731
251,455,734
269,947,735
295,27,736
94,485,737
505,844,737
630,108,737
718,735,738
974,481,738
134,526,738
979,943,738
380,480,739
818,822,740
484,381,740
124,895,743
742,902,747
361,138,748
869,977,748
758,877,748
399,346,749
482,719,750
948,402,751
680,57,752
176,191,754
186,31,755
118,312,755
17,447,755
977,460,755
590,53,755
656,126,756
873,871,757
948,657,757
555,215,759
310,806,759
224,524,761
206,877,765
735,102,767
122,861,768
60,442,769
712,499,769
93,105,771
182,482,771
575,640,773
658,156,773
527,678,774
408,39,775
606,299,778
821,285,779
431,337,781
775,348,783
555,534,784
369,704,786
362,74,786
807,48,788
455,791,788
481,947,789
514,166,790
14,371,791
512,393,796
481,503,797
160,660,797
263,439,798
470,378,798
103,548,798
828,79,799
551,448,800
855,827,801
7,423,802
589,493,804
856,932,804
827,991,805
437,946,805
416,757,806
746,197,807
864,920,807
815,365,807
26,605,807
369,572,812
608,470,813
972,715,814
101,694,817
138,307,817
101,911,818
796,878,818
12,857,822
537,683,823
874,114,824
634,847,824
168,642,825
143,573,827
540,9,828
327,134,831
493,955,831
807,596,831
837,493,832
627,731,832
285,643,833
490,832,835
20,297,838
423,566,838
141,581,838
140,317,839
459,842,839
255,244,839
558,420,839
781,449,840
955,201,841
969,465,841
640,800,843
207,975,844
16,635,844
883,163,845
374,585,846
957,621,847
736,890,848
354,73,849
734,52,849
5,833,849
536,532,849
897,948,849
581,600,851
592,485,852
755,439,855
995,621,855
852,826,855
253,589,858
534,52,858
498,476,858
9,661,859
389,601,862
293,782,863
329,7,864
633,497,865
87,166,867
469,344,868
808,790,871
162,361,872
73,234,873
41,893,874
345,517,874
762,805,874
408,4,875
654,692,878
123,205,879
891,444,881
477,231,882
574,652,882
42,197,882
540,75,882
336,928,883
788,238,886
468,966,889
463,838,890
106,516,891
621,296,894
955,322,896
221,271,899
697,602,903
851,319,904
956,369,904
630,58,905
472,566,905
154,537,906
886,941,907
256,408,907
781,99,907
936,956,908
351,295,910
164,117,913
490,651,913
399,9,917
25,111,918
194,566,919
879,181,920
231,752,922
714,247,923
15,415,923
857,248,924
629,12,924
250,201,924
202,716,925
321,941,926
755,0,927
931,765,928
755,8,929
404,964,930
981,816,930
35,489,931
339,901,934
188,818,934
179,444,936
315,640,937
915,293,938
9,854,938
320,231,940
989,771,941
750,44,941
333,668,942
536,386,942
365,198,943
890,519,943
93,792,944
17,458,945
468,87,946
307,285,948
148,197,949
366,563,949
361,790,949
478,589,950
3,184,951
149,661,951
332,558,953
720,920,954
210,685,954
651,335,955
526,539,958
517,572,959
106,462,959
274,25,960
368,512,961
125,666,961
734,651,962
262,653,963
375,840,963
416,264,963
616,593,964
267,612,967
995,39,968
432,953,969
87,913,970
524,711,971
946,659,971
494,736,972
886,991,973
178,572,975
778,530,980
580,7,981
878,830,981
747,839,982
367,287,983
837,716,986
75,776,986
263,672,987
839,545,990
157,311,990
832,30,990
728,487,990
792,91,991
476,230,992
850,474,994
466,82,995
568,682,996
182,999,997
863,966,997
492,972,998
870,994,999
897,474,0
