271,448,996
865,795,999
91,455,3
428,983,7
570,89,8
649,498,15
92,63,19
159,500,22
80,979,26
332,531,29
643,937,30
539,30,35
577,309,39
746,248,44
654,829,54
484,754,56
897,434,63
94,791,64
965,428,65
65,296,68
104,570,72
679,882,77
904,218,80
366,524,82
85,620,85
551,686,89
490,669,95
250,989,98
450,72,101
873,801,103
733,374,105
225,846,109
713,500,110
546,569,116
516,601,123
170,469,123
828,47,128
374,548,134
409,816,137
141,932,144
763,102,147
721,979,151
408,401,157
226,119,163
729,374,165
490,935,169
628,74,172
527,962,174
490,920,177
958,281,179
216,191,181
754,967,188
659,939,190
727,346,195
159,431,196
872,65,203
403,93,210
153,474,213
60,484,216
384,117,224
763,740,228
203,879,230
360,25,232
765,197,233
650,156,237
230,367,242
767,564,244
492,545,246
394,6,249
775,333,253
820,118,259
68,331,262
879,643,265
494,388,267
983,959,271
337,48,274
961,252,285
589,622,294
392,775,298
190,276,302
360,874,304
353,680,306
627,954,312
755,923,315
636,751,316
958,294,324
445,449,332
100,786,339
466,292,343
789,745,345
418,858,347
951,587,349
224,160,351
469,790,354
327,339,362
785,644,366
303,794,370
128,352,372
669,51,377
171,853,381
634,263,387
127,425,393
537,550,397
544,568,399
477,209,403
638,557,405
214,352,408
135,976,413
537,343,415
935,405,418
34,742,423
260,856,429
211,34,436
979,455,441
827,369,444
482,600,449
391,29,450
854,804,453
37,242,454
451,55,462
898,317,465
469,477,472
402,822,476
297,502,477
646,168,483
61,634,487
708,160,488
964,901,492
987,852,496
758,295,500
498,258,504
233,268,506
82,723,510
819,701,515
335,12,520
292,541,521
82,624,524
922,346,526
952,533,529
705,383,533
762,123,537
344,814,540
585,408,543
125,314,545
818,910,548
180,646,550
249,570,556
240,861,559
373,826,561
21,410,566
346,920,572
845,942,579
629,739,581
421,728,585
476,406,589
616,831,594
448,131,598
323,673,601
976,9,604
901,319,609
152,371,612
763,557,613
886,175,624
167,471,625
759,72,627
716,899,631
128,908,632
612,521,635
78,973,637
155,452,640
248,128,644
798,743,647
625,517,649
769,611,651
140,630,653
769,101,657
45,960,659
11,535,661
961,394,665
742,477,668
423,562,670
782,714,675
456,639,677
530,731,679
194,524,682
327,494,688
59,212,691
385,686,696
153,166,698
839,976,703
14,78,707
235,221,711
481,363,719
693,683,722
456,765,725
320,482,728
675,706,730
965,678,732
465,28,736
542,155,739
324,424,744
868,614,748
805,329,753
167,625,761
968,1,763
84,187,765
486,568,769
771,816,772
514,244,775
402,194,787
225,647,789
981,266,790
505,845,798
558,964,800
122,766,803
104,815,808
851,424,814
17,866,822
697,229,826
457,911,832
857,717,833
363,235,839
520,251,843
794,236,845
485,540,848
664,400,853
115,701,855
994,985,867
520,395,870
372,829,872
606,877,875
222,475,879
721,703,882
541,829,885
30,753,889
631,255,895
834,454,897
173,626,904
572,599,908
755,901,912
521,236,915
436,540,919
582,575,922
230,553,924
94,723,927
7,352,932
806,389,936
612,899,943
143,65,949
882,701,956
573,398,960
955,61,964
454,851,969
379,943,971
235,784,976
753,733,980
347,430,989
971,163,997
137,277,3
917,984,9
695,21,17
405,351,25
342,11,31
114,816,33
188,346,37
716,152,39
801,383,43
837,645,46
722,794,54
779,479,57
582,968,65
64,503,73
52,619,83
843,292,87
275,784,92
442,329,98
260,594,100
850,665,106
3,118,113
362,734,120
319,212,125
195,184,128
112,243,137
943,833,150
872,960,155
321,991,163
746,516,168
296,886,170
614,244,174
389,680,180
703,441,182
885,530,184
486,166,188
341,85,190
420,308,192
530,436,201
173,837,202
366,337,214
799,803,219
215,971,223
943,821,233
832,966,237
491,134,240
905,935,241
814,479,245
176,552,247
625,203,254
468,903,261
837,393,265
911,1,273
42,524,279
990,398,283
14,935,287
674,108,294
429,747,297
740,542,309
200,960,312
59,621,316
727,425,319
284,475,326
412,713,335
618,157,338
99,648,342
995,503,344
858,246,355
18,645,358
548,499,365
323,35,369
928,890,370
914,95,376
48,563,386
141,340,391
915,174,393
990,68,396
559,279,402
146,197,420
999,486,422
8,280,424
325,999,427
235,297,430
110,662,437
696,519,441
470,877,443
482,4,446
535,23,448
367,55,455
616,454,461
883,232,462
94,791,466
414,644,469
46,631,473
753,176,474
299,233,478
214,384,486
283,837,487
429,479,494
712,53,503
34,566,511
530,670,514
301,326,517
624,513,522
669,350,527
163,356,530
813,340,536
784,857,537
811,574,539
514,751,542
282,43,551
611,494,558
573,253,567
569,672,570
832,149,575
203,648,581
29,381,584
736,429,588
697,169,595
277,955,603
871,849,606
138,647,608
704,23,619
13,78,624
865,574,626
888,864,631
162,852,640
510,775,646
244,243,650
94,818,657
437,45,661
676,45,664
34,706,668
884,132,672
927,134,674
766,52,676
910,681,683
372,689,689
524,906,697
16,197,703
888,691,709
17,766,715
949,595,721
461,74,723
230,409,725
317,920,729
327,786,738
826,283,740
557,130,742
354,792,745
100,873,749
756,816,762
468,830,766
867,259,770
773,979,775
844,182,778
167,809,783
81,31,794
717,343,800
171,558,806
806,341,812
828,39,821
620,229,827
263,706,835
994,873,841
564,40,846
412,924,848
752,658,853
617,914,857
679,585,860
419,37,862
147,350,869
497,751,873
441,188,880
220,23,885
501,882,891
938,875,897
136,495,902
133,345,907
816,541,911
354,158,920
30,207,923
255,767,927
281,460,930
929,459,932
347,559,940
991,702,942
22,938,953
44,897,957
774,320,965
735,247,969
928,633,973
27,11,977
458,983,981
868,706,986
124,101,989
588,817,994
665,214,0
217,40,3
155,91,5
336,9,7
664,741,9
980,483,10
904,791,12
934,113,13
988,180,15
12,434,16
817,391,18
85,802,20
24,202,22
99,63,24
177,336,24
513,339,25
792,942,27
658,534,28
176,211,32
157,517,33
391,581,35
957,702,38
375,174,40
209,501,43
317,797,43
768,148,47
327,448,49
690,462,50
969,679,52
233,907,53
114,765,55
551,948,58
820,239,59
612,714,61
432,444,62
588,176,63
266,634,66
837,62,68
41,583,69
509,119,71
910,799,73
597,919,76
744,34,76
940,698,80
121,479,82
524,984,84
345,887,85
892,238,88
155,776,89
393,335,93
440,662,94
928,278,96
580,555,96
35,468,98
488,783,100
958,37,101
536,235,103
863,565,105
682,399,108
128,275,108
763,883,109
578,740,114
742,854,114
545,164,118
499,888,120
828,104,122
673,31,124
599,502,127
508,897,129
355,360,130
175,298,133
37,711,134
309,537,136
268,108,137
148,366,138
918,256,140
330,742,143
480,849,144
641,770,147
529,681,149
377,641,150
184,879,153
734,112,154
877,310,156
328,221,160
19,677,162
145,592,164
313,551,167
496,329,169
19,124,173
287,962,175
210,507,178
504,716,180
315,916,184
467,547,185
925,670,187
664,329,188
167,909,190
229,563,193
70,50,194
953,516,199
58,290,199
771,653,201
399,892,202
688,480,204
343,215,207
103,162,208
191,435,209
542,789,210
907,638,213
268,493,215
874,50,216
96,801,217
461,928,220
323,258,221
457,245,223
155,916,224
567,639,225
103,622,228
706,369,228
305,302,233
579,433,234
694,385,235
318,699,237
941,682,239
620,281,241
587,318,242
171,888,243
370,276,246
40,604,247
383,768,249
83,57,249
121,38,250
349,275,252
701,344,254
9,579,257
214,831,260
557,305,261
919,773,262
229,378,264
908,350,268
380,883,269
821,765,270
492,882,271
984,34,272
806,510,275
839,191,277
117,936,279
132,835,281
30,473,283
383,877,285
378,817,289
993,881,293
100,645,296
567,307,298
695,397,299
229,973,302
145,637,304
682,251,307
710,474,309
685,246,314
749,946,315
274,693,319
94,837,321
273,365,323
492,714,323
708,61,327
432,402,327
910,549,331
155,793,331
404,386,334
825,481,334
372,946,337
965,370,339
688,864,342
981,204,345
619,108,348
300,239,350
451,484,352
129,913,354
819,832,355
389,858,357
898,596,359
289,727,360
861,292,361
336,587,362
100,740,364
991,415,366
302,788,366
471,311,367
897,595,369
110,566,370
122,986,373
32,58,375
464,572,376
851,432,377
808,456,377
891,326,384
834,316,385
248,710,387
617,640,389
575,91,391
588,642,393
757,888,394
169,226,395
996,414,396
308,246,398
505,252,399
485,740,400
154,83,402
469,457,403
989,99,407
280,804,409
104,498,410
273,283,412
586,206,414
743,513,416
378,407,420
525,256,422
435,204,424
564,153,427
409,130,430
647,50,431
62,241,433
907,590,436
364,382,439
150,32,441
272,876,442
974,92,445
806,302,447
966,805,448
617,10,449
390,825,451
659,600,452
982,972,455
973,440,456
337,896,458
837,382,459
823,542,461
864,50,463
57,820,464
450,39,467
609,640,471
930,902,472
104,225,474
793,34,474
700,901,479
557,897,483
752,260,483
903,821,487
152,162,491
782,899,492
411,569,494
177,412,498
137,244,498
403,830,502
800,953,504
728,421,506
865,18,507
568,655,509
898,767,510
829,867,512
584,631,513
238,532,517
922,515,519
181,250,519
905,262,521
432,844,522
143,356,525
206,199,528
668,225,532
84,131,535
962,568,535
364,892,537
181,815,538
440,445,540
691,669,542
183,778,543
559,383,545
17,747,546
562,793,550
765,591,552
982,149,553
991,226,556
834,734,557
468,807,559
60,735,561
383,538,562
859,324,563
926,449,566
932,865,568
690,827,572
865,906,573
414,87,574
117,356,576
835,35,579
939,284,580
184,146,581
690,41,581
666,639,583
863,825,583
195,967,585
144,133,587
406,813,589
30,456,590
966,714,592
98,359,594
16,495,597
452,26,598
415,188,600
864,972,602
925,489,604
946,282,606
415,661,608
432,285,608
469,992,610
978,358,613
153,936,615
554,782,616
614,975,619
56,853,620
781,862,622
676,154,623
993,56,624
951,970,626
324,462,628
124,647,630
650,811,632
167,868,633
817,262,638
796,458,641
777,335,642
989,263,643
195,951,645
408,179,647
635,917,648
278,819,649
712,928,653
53,594,654
725,383,656
6,240,657
283,617,658
350,310,659
56,281,660
360,581,664
743,96,667
945,773,669
898,960,671
755,74,671
524,677,675
75,65,676
80,393,680
849,105,681
466,254,683
989,643,685
936,927,686
158,302,686
529,613,688
354,833,689
783,922,691
262,313,694
678,868,695
431,475,698
784,550,698
537,971,699
823,732,701
722,736,704
396,144,705
26,598,706
38,643,708
131,858,708
723,51,709
953,783,712
871,599,714
444,535,717
980,915,720
804,813,721
860,100,725
348,322,727
161,700,728
755,228,730
603,837,731
16,641,732
137,393,734
911,630,738
755,148,740
517,640,745
594,799,747
328,847,750
522,935,751
642,294,751
401,833,752
65,529,754
683,306,757
865,823,761
561,961,762
764,263,764
180,371,767
363,369,769
501,654,773
78,569,775
378,929,778
399,36,779
948,420,780
39,938,783
330,16,784
645,489,785
658,682,786
888,145,788
776,475,791
748,505,792
836,350,793
982,685,794
947,599,797
113,25,798
555,615,803
761,593,804
388,474,805
795,553,808
375,940,811
302,152,812
221,256,815
441,199,816
510,559,817
498,838,820
363,184,823
839,158,826
605,769,826
353,292,828
946,632,829
891,5,832
245,234,833
832,469,835
963,694,837
213,5,838
711,52,839
862,43,841
109,973,842
499,872,844
658,743,847
892,258,850
50,66,851
770,857,854
937,333,856
567,430,857
974,52,860
702,115,862
52,774,863
804,843,866
422,771,868
580,598,869
759,751,874
531,376,876
960,308,879
986,68,881
469,301,883
507,340,885
256,529,888
562,454,890
751,8,891
342,682,892
294,86,893
814,990,895
360,82,899
55,523,903
296,717,903
362,308,906
467,353,907
675,853,909
615,841,911
584,410,912
542,707,914
255,915,914
358,655,916
564,818,916
414,441,921
978,231,925
475,969,927
108,90,929
663,88,933
695,811,935
274,378,938
572,441,940
201,91,940
235,256,943
188,615,945
900,869,948
993,584,951
425,197,953
538,404,956
665,116,958
946,199,959
207,102,960
793,805,961
389,324,965
606,509,966
42,668,970
746,17,971
680,73,973
809,241,976
453,193,977
164,743,979
673,754,981
757,889,983
886,659,985
914,716,988
632,735,989
602,613,991
736,331,991
902,526,994
360,41,995
793,548,998
444,734,1
611,943,4
584,574,16
496,597,18
382,61,23
471,743,25
370,212,32
952,490,35
140,329,41
282,648,42
641,512,47
635,464,49
276,499,57
351,817,63
979,818,65
162,202,70
457,905,75
675,131,77
708,379,80
693,3,83
562,906,83
660,400,87
87,614,89
132,586,93
406,10,95
188,782,98
413,564,99
200,950,101
26,128,108
559,991,113
408,215,118
595,696,121
623,982,127
127,266,135
702,350,138
213,172,142
141,799,149
702,376,150
658,858,154
940,225,156
518,687,161
372,224,162
276,88,164
41,568,167
562,287,168
912,81,174
375,94,176
641,318,180
675,339,184
38,744,185
766,951,188
619,398,190
673,820,195
476,524,198
187,5,201
723,189,204
983,50,205
711,220,210
235,334,212
466,116,215
880,604,222
7,206,224
53,404,228
818,450,232
884,861,233
148,866,238
806,567,240
953,655,243
459,821,245
996,119,248
664,275,254
508,217,257
748,561,261
663,228,265
67,296,266
953,933,269
487,168,271
336,165,274
66,651,279
774,249,288
139,752,291
615,926,296
847,427,301
400,746,305
820,353,310
685,554,314
976,349,319
540,683,326
570,352,331
497,577,333
48,858,339
128,643,344
651,107,349
900,451,356
901,516,357
897,880,367
445,35,370
798,115,373
79,462,375
793,936,379
976,133,385
59,114,387
860,15,392
615,355,394
288,559,397
46,471,403
224,615,405
554,618,415
998,243,416
781,633,419
976,229,420
333,646,426
712,72,430
643,540,432
923,358,436
89,209,438
827,415,444
929,444,447
666,31,449
514,529,457
32,907,459
363,799,464
338,570,467
664,671,471
927,969,473
740,613,477
648,723,483
829,656,484
432,347,486
919,605,490
186,303,493
794,340,496
436,257,500
204,983,503
424,398,506
303,164,508
971,59,509
223,877,517
844,526,520
614,486,522
838,396,523
613,666,527
917,333,531
226,626,535
792,499,539
593,916,543
132,794,550
349,947,553
847,613,558
830,903,559
901,927,561
72,298,568
481,551,570
228,884,575
347,73,579
952,326,586
802,64,590
981,684,594
736,320,596
873,952,599
421,944,601
991,492,603
627,398,607
777,302,616
118,276,620
733,448,622
214,978,626
509,517,628
291,315,633
190,270,635
689,837,640
597,611,643
319,529,649
323,104,653
646,54,657
496,308,659
611,224,662
84,747,666
244,601,670
535,50,677
653,701,681
229,153,686
818,799,688
313,988,690
10,214,692
906,137,695
619,352,697
153,400,702
574,766,710
267,779,714
694,106,716
409,110,720
336,640,729
752,712,733
324,698,737
254,883,742
500,224,749
557,908,750
685,464,752
393,76,764
330,11,768
857,760,770
686,554,771
638,705,774
922,721,777
323,604,782
275,137,786
957,818,787
572,896,791
683,866,792
752,74,798
171,626,801
69,525,808
73,783,809
988,856,813
99,811,814
132,524,816
365,389,820
990,893,824
134,128,829
542,463,831
293,830,835
598,191,838
374,626,848
928,288,856
592,535,859
417,407,868
293,917,870
170,816,877
575,276,882
868,795,885
570,208,888
373,592,889
507,45,895
694,209,898
435,778,903
424,859,906
761,397,908
849,610,912
526,86,915
413,776,917
842,248,922
26,427,929
572,59,935
360,983,941
28,578,946
855,402,952
662,600,956
784,434,961
435,177,965
512,198,969
432,157,979
337,368,982
35,308,990
675,913,994
121,319,999
318,145,2
759,681,6
993,21,14
916,620,17
951,517,22
19,95,27
871,505,29
276,939,33
217,857,35
701,79,39
893,777,43
740,865,49
889,801,55
798,526,57
865,304,63
744,972,69
953,177,72
287,329,77
644,469,82
486,700,87
230,644,91
875,754,94
917,227,96
232,659,99
712,448,102
463,973,106
952,883,110
808,879,115
278,786,117
213,599,122
649,892,126
824,429,128
386,571,133
732,381,134
695,197,139
638,391,141
208,866,143
406,313,146
636,494,153
212,696,158
147,420,163
175,308,165
600,287,168
109,561,171
821,958,175
488,194,180
253,454,184
972,957,191
247,517,198
697,477,199
6,976,202
132,96,205
605,33,211
334,67,216
110,734,217
297,597,224
933,578,226
995,393,228
121,498,230
489,900,237
980,774,240
976,401,241
543,128,250
962,140,252
74,542,256
716,927,260
766,236,263
456,630,265
205,196,268
430,134,274
34,309,276
308,644,284
657,420,287
583,878,290
228,158,292
804,87,295
647,335,297
686,558,300
450,373,301
802,111,304
581,604,308
871,457,319
285,137,324
386,368,327
878,367,329
35,603,333
86,221,337
508,236,340
324,401,342
608,22,348
824,619,364
201,37,367
626,965,368
413,484,371
233,659,379
121,894,383
839,332,388
336,379,394
189,388,396
980,768,400
293,313,403
187,329,409
178,137,414
461,949,418
194,77,423
371,558,429
480,90,438
187,883,441
966,917,448
391,610,450
45,512,453
7,211,456
873,118,460
794,289,466
43,863,470
746,624,475
619,157,478
85,802,482
865,818,482
826,604,487
91,240,490
495,369,491
750,722,493
401,73,496
553,785,498
901,123,501
124,137,506
300,652,508
907,487,511
650,32,514
228,456,518
584,694,523
126,775,528
375,529,531
899,492,533
112,298,535
882,731,541
404,859,546
350,899,548
751,195,554
257,137,556
511,534,559
45,452,565
100,809,570
569,362,571
827,565,574
420,445,584
424,511,587
59,464,592
957,528,598
607,419,601
127,759,603
457,415,605
680,667,609
60,549,613
797,237,618
782,240,620
143,327,623
242,602,626
668,12,627
364,599,631
190,849,632
380,183,640
13,59,645
837,457,649
586,660,653
124,539,658
35,391,664
235,764,667
72,679,670
183,406,676
746,971,681
789,516,685
353,652,688
274,181,689
369,572,693
425,901,699
433,636,702
932,592,710
587,922,713
52,220,716
960,194,719
829,568,722
394,696,723
236,323,728
65,392,731
578,800,735
846,175,738
861,974,741
850,749,744
46,70,747
476,542,754
955,518,758
481,594,761
891,449,764
905,238,769
741,692,770
841,677,773
377,398,779
966,77,781
182,78,784
282,473,788
542,992,792
977,426,795
849,798,798
904,663,802
932,743,805
469,339,809
264,322,811
83,147,818
642,160,823
320,500,827
891,756,830
492,813,832
351,967,835
889,450,840
396,26,842
300,217,848
711,688,852
34,485,855
812,865,864
336,806,866
245,379,868
534,429,876
141,911,881
656,833,885
101,254,887
559,39,889
573,544,892
631,695,902
40,867,905
727,83,912
999,61,917
959,488,920
970,928,921
703,344,924
489,920,928
783,481,932
368,326,936
166,866,940
850,343,942
281,208,945
873,59,948
212,975,951
345,318,958
262,16,961
77,628,966
681,984,968
830,545,971
475,944,976
735,888,978
626,58,982
489,135,987
990,459,993
298,893,995
