710,753,991
334,290,1
549,152,9
476,766,20
74,68,23
492,145,35
82,560,48
546,274,58
672,465,65
695,199,72
720,143,78
307,510,87
992,717,91
441,588,98
236,296,107
283,464,114
822,90,119
111,806,128
364,88,136
554,104,149
551,986,161
489,656,169
205,990,179
897,790,187
281,122,194
988,637,200
516,867,203
14,680,208
738,383,213
490,292,220
10,459,229
589,444,236
404,945,243
612,669,251
812,680,257
827,650,266
180,529,273
658,567,281
576,870,287
965,272,298
602,814,302
904,425,310
147,21,321
718,231,326
496,215,333
913,985,338
421,246,344
877,288,348
111,381,352
432,757,360
290,3,369
678,117,377
296,293,389
702,318,396
369,752,406
18,314,418
413,9,434
756,168,444
84,694,455
48,743,463
474,294,469
556,12,475
457,256,483
868,130,489
180,794,496
806,379,501
768,675,511
637,837,520
822,257,527
452,950,534
54,776,538
55,893,549
278,836,559
234,602,567
3,785,577
800,762,585
136,252,591
633,61,601
83,583,612
101,358,618
816,336,624
766,39,629
221,207,638
307,304,645
615,732,650
195,45,657
377,448,662
955,913,672
803,482,678
851,412,684
548,674,692
559,639,696
439,473,703
227,24,711
892,870,719
839,787,733
764,641,742
912,72,750
932,809,765
352,655,771
738,717,775
203,791,782
23,239,796
271,995,805
70,365,811
994,121,819
303,3,828
534,773,838
646,295,843
754,467,848
776,795,855
874,707,871
8,113,880
593,584,884
801,196,888
149,203,893
31,915,905
679,533,914
345,994,918
523,522,930
752,832,938
945,630,944
145,503,954
508,729,962
360,220,970
749,573,976
983,391,982
382,195,986
710,753,991
346,282,995
737,492,8
481,313,12
899,494,23
394,968,31
807,974,37
173,345,45
435,261,55
473,566,62
0,438,76
636,47,87
187,884,97
382,796,107
895,669,115
12,67,124
314,735,131
174,910,137
361,238,147
453,949,156
229,14,168
51,213,179
254,672,193
977,974,202
539,411,211
800,362,220
597,234,227
849,619,240
382,133,252
952,936,258
290,8,267
188,846,279
731,32,287
706,236,297
267,786,305
384,398,314
311,420,329
325,715,336
785,109,341
80,327,350
928,545,361
222,916,370
688,478,382
949,834,398
107,981,406
103,464,419
16,995,435
700,967,446
718,992,455
184,507,465
441,132,475
235,601,489
457,665,497
528,631,519
290,145,527
804,580,535
79,647,546
338,888,555
842,309,566
767,197,579
950,905,584
702,695,590
119,963,601
782,472,609
884,895,615
202,339,625
935,174,635
364,737,648
19,141,658
167,711,668
447,571,675
810,957,688
540,966,698
200,645,708
73,474,717
596,835,732
237,320,741
98,845,749
670,473,757
59,368,764
94,299,777
952,55,788
820,664,794
352,601,807
818,713,820
809,796,833
921,9,845
65,172,858
832,224,869
842,192,874
491,778,882
39,541,898
548,698,908
187,20,919
49,209,928
321,573,941
933,768,956
634,365,970
861,784,980
149,51,994
964,86,0
154,478,3
902,717,6
589,93,12
387,371,16
898,937,19
174,749,24
72,21,29
127,5,33
172,871,39
402,189,42
621,338,46
372,570,48
816,860,50
0,1,53
278,191,56
25,60,61
167,348,64
827,955,70
850,90,72
60,216,75
911,384,78
794,537,82
461,563,86
782,700,89
628,814,92
767,516,94
562,916,98
580,828,103
816,639,107
867,631,110
265,975,114
362,492,119
811,309,125
34,257,132
87,598,134
267,431,138
546,171,144
665,71,145
634,65,149
266,521,154
83,2,157
468,493,160
780,333,166
816,514,170
868,342,171
877,600,177
804,169,180
224,808,183
419,262,189
881,710,191
497,982,195
332,945,200
261,328,206
916,575,210
589,412,214
970,498,218
380,607,221
684,374,224
503,6,230
603,637,233
557,410,235
405,57,240
325,229,243
844,831,248
810,12,250
900,764,252
141,982,258
340,323,261
546,879,266
284,39,270
911,230,275
219,625,280
605,195,283
331,418,289
537,868,294
714,700,297
82,727,300
10,660,303
233,916,305
370,112,309
888,659,312
63,540,316
334,11,320
478,332,325
4,729,329
949,105,336
445,229,337
103,629,344
599,499,348
65,519,353
154,555,358
48,34,364
940,141,368
171,917,371
659,265,373
889,818,377
791,236,382
438,715,385
895,482,389
541,240,392
83,436,397
34,229,400
270,750,402
272,144,407
150,941,411
476,786,414
876,799,419
338,748,421
147,602,425
95,487,431
326,176,435
191,255,438
455,782,439
506,536,444
77,484,447
427,76,453
780,132,455
269,339,460
987,706,464
575,578,468
665,58,470
437,993,475
627,100,478
846,353,484
531,550,487
707,726,491
735,420,496
969,820,501
478,104,505
840,338,510
861,883,513
933,831,518
642,412,521
307,316,526
990,125,527
110,402,531
254,303,532
86,437,535
700,730,537
647,725,540
181,783,544
876,999,550
143,714,552
74,788,556
468,513,559
420,811,562
642,553,564
813,929,567
778,83,569
77,460,575
469,941,578
39,100,580
537,803,583
48,796,585
964,672,589
648,316,593
270,245,599
897,841,604
563,732,606
989,48,614
708,46,619
457,482,623
88,675,628
604,560,632
971,510,638
572,198,640
178,34,645
807,96,648
248,408,652
328,877,654
551,303,658
113,822,660
641,901,663
156,247,666
618,12,671
65,823,673
546,619,675
528,100,681
183,668,685
572,966,688
978,736,692
53,535,698
673,229,703
891,509,708
32,173,713
643,445,716
849,827,720
184,313,723
464,202,727
973,975,730
590,415,733
430,588,738
363,196,742
199,789,747
182,495,749
572,423,752
21,319,758
37,34,760
940,995,764
315,552,768
264,657,772
116,562,778
199,67,783
177,0,788
159,908,792
382,509,798
808,371,803
331,246,808
642,708,812
961,528,816
478,13,819
922,200,825
268,90,827
881,145,829
897,603,834
933,342,839
760,284,846
429,528,849
871,549,854
569,938,860
602,864,863
23,189,870
869,511,872
791,555,877
978,407,880
732,204,883
108,356,886
803,692,889
838,942,893
354,684,897
53,85,898
137,590,901
829,882,903
917,341,910
377,212,912
667,784,917
876,927,920
549,962,924
952,309,926
490,24,931
137,905,935
754,569,942
896,815,946
757,943,949
504,782,953
660,640,959
860,625,964
182,180,969
20,745,971
515,36,975
756,285,979
587,534,982
52,688,990
51,562,993
53,166,995
334,290,1
596,547,5
549,152,9
835,856,14
476,766,20
553,91,21
74,68,23
292,955,30
492,145,35
133,892,44
82,560,48
348,228,54
546,274,58
49,318,62
672,465,65
325,307,70
695,199,72
260,276,74
720,143,78
964,292,81
307,510,87
702,313,89
992,717,91
279,423,94
441,588,98
76,628,100
236,296,107
339,419,109
283,464,114
855,568,116
822,90,119
489,176,126
111,806,128
936,893,131
364,88,136
17,867,145
554,104,149
250,490,152
551,986,161
728,645,165
489,656,169
626,325,174
205,990,179
417,599,182
897,790,187
2,644,189
281,122,194
263,453,197
988,637,200
134,41,201
516,867,203
403,161,206
14,680,208
99,705,211
738,383,213
478,924,218
490,292,220
149,753,222
10,459,229
947,575,234
589,444,236
940,393,240
404,945,243
458,934,248
612,669,251
766,805,254
812,680,257
662,721,265
827,650,266
816,988,270
180,529,273
786,950,277
658,567,281
169,695,286
576,870,287
649,113,293
965,272,298
836,508,300
602,814,302
775,296,307
904,425,310
258,132,319
147,21,321
678,126,324
718,231,326
870,4,328
496,215,333
163,477,336
913,985,338
36,388,340
421,246,344
503,164,346
877,288,348
383,213,351
111,381,352
415,439,357
432,757,360
548,714,366
290,3,369
10,503,375
678,117,377
801,485,383
296,293,389
2,455,391
702,318,396
653,633,400
369,752,406
946,842,412
18,314,418
397,741,429
413,9,434
201,367,438
756,168,444
319,904,447
84,694,455
463,633,460
48,743,463
927,267,467
474,294,469
736,444,471
556,12,475
435,428,481
457,256,483
848,527,484
868,130,489
961,987,492
180,794,496
205,850,498
806,379,501
444,96,506
768,675,511
647,49,516
637,837,520
976,807,524
822,257,527
140,156,529
452,950,534
168,768,536
54,776,538
647,260,544
55,893,549
498,326,552
278,836,559
300,511,564
234,602,567
440,516,572
3,785,577
128,84,582
800,762,585
398,33,588
136,252,591
726,816,596
633,61,601
196,319,606
83,583,612
319,2,617
101,358,618
682,218,622
816,336,624
202,75,628
766,39,629
906,512,632
221,207,638
325,695,643
307,304,645
164,488,648
615,732,650
3,962,656
195,45,657
832,658,659
377,448,662
120,752,666
955,913,672
622,5,676
803,482,678
119,441,683
851,412,684
64,707,686
548,674,692
980,255,695
559,639,696
638,820,698
439,473,703
348,146,708
227,24,711
397,555,714
892,870,719
163,539,726
839,787,733
286,966,738
764,641,742
757,930,748
912,72,750
960,792,755
932,809,765
652,196,767
352,655,771
292,599,774
738,717,775
167,207,778
203,791,782
164,803,790
23,239,796
893,851,802
271,995,805
330,631,808
70,365,811
752,502,815
994,121,819
597,152,824
303,3,828
981,933,832
534,773,838
666,192,839
646,295,843
749,405,846
754,467,848
130,531,851
776,795,855
575,609,860
874,707,871
29,376,876
8,113,880
419,15,881
593,584,884
103,623,885
801,196,888
811,772,891
149,203,893
449,467,897
31,915,905
998,423,909
679,533,914
56,499,915
345,994,918
270,42,927
523,522,930
514,853,935
752,832,938
77,744,942
945,630,944
754,216,947
145,503,954
88,69,959
508,729,962
874,564,967
360,220,970
567,193,973
749,573,976
41,801,978
983,391,982
789,632,985
382,195,986
275,105,991
346,282,995
779,739,997
587,233,3
298,378,9
91,372,19
273,38,27
341,151,39
545,647,50
491,544,57
419,113,64
138,697,73
717,633,80
537,902,88
700,36,98
984,212,107
81,333,114
688,129,120
57,995,124
724,166,132
677,466,142
72,782,158
573,526,160
645,198,166
947,57,171
300,860,177
798,674,184
392,934,190
481,773,200
483,187,211
226,488,218
465,749,222
564,914,236
735,213,246
720,992,254
449,810,263
828,383,270
508,756,279
605,534,288
990,230,292
973,756,296
19,642,300
651,847,306
79,123,318
490,315,325
803,323,330
536,939,333
850,219,338
417,377,351
996,427,363
72,451,373
625,694,386
10,590,392
949,849,401
172,15,414
945,522,423
119,832,428
427,962,431
458,488,442
272,529,453
968,883,461
181,599,469
900,145,475
340,847,483
13,266,492
455,671,498
761,313,504
249,168,514
737,110,520
167,807,530
402,847,533
939,638,543
473,228,551
67,84,557
548,68,563
976,742,567
349,67,577
445,129,582
647,775,589
65,714,599
188,174,606
163,859,620
668,833,631
42,608,640
160,767,650
267,602,655
481,268,664
103,759,669
870,146,676
97,895,681
550,471,689
509,286,696
169,104,703
539,283,710
675,65,718
672,947,725
915,666,736
954,159,744
324,652,749
710,244,756
388,207,764
62,949,767
13,800,778
791,311,788
846,213,794
958,632,802
160,868,809
567,219,813
481,541,822
966,527,832
956,287,837
887,559,842
396,699,850
257,162,862
420,663,865
825,871,874
902,704,881
568,985,888
297,507,894
682,775,907
306,889,914
492,453,919
511,167,925
763,621,932
613,300,937
402,578,949
600,997,958
668,305,972
309,262,979
63,170,988
451,555,997
842,576,1
895,329,12
992,952,25
435,544,34
94,82,41
193,929,49
94,634,54
714,606,59
404,862,69
795,203,78
604,121,90
441,793,95
973,375,102
8,428,105
535,963,113
806,767,118
90,547,127
535,606,130
718,412,139
518,996,143
169,978,151
652,835,162
304,695,170
559,319,179
618,646,192
725,265,200
471,940,208
717,529,215
675,788,220
383,134,231
780,768,241
240,713,248
683,527,255
47,326,268
846,485,275
37,358,281
418,473,291
277,519,301
481,887,310
440,703,316
323,593,327
434,889,332
625,147,342
712,433,349
181,508,352
250,49,363
462,377,368
688,17,372
576,62,378
374,782,383
121,769,392
650,810,398
80,222,413
907,835,421
502,645,427
547,963,431
397,165,440
5,981,450
824,613,456
794,875,465
932,545,475
554,353,484
256,353,492
149,679,498
906,523,503
73,764,506
590,827,512
702,789,519
533,507,524
165,978,530
402,347,535
569,24,550
775,651,555
978,976,562
927,525,566
89,507,571
446,681,581
630,397,589
179,762,597
160,488,608
484,132,615
493,402,624
950,633,630
743,46,635
737,556,642
366,266,649
122,987,656
211,260,664
358,978,669
770,853,675
65,405,680
728,311,687
199,611,694
379,59,704
741,946,712
706,283,720
477,664,730
450,293,741
320,900,746
863,650,750
143,108,759
17,609,767
548,787,774
622,432,779
695,872,789
250,106,798
111,665,806
141,468,814
392,553,821
351,64,835
21,595,839
428,857,848
17,378,860
264,382,867
928,493,877
623,539,882
588,638,890
892,101,896
934,256,906
596,216,916
537,526,922
11,821,932
692,161,944
901,912,953
107,949,963
769,872,979
565,151,990
578,758,996
269,920,999
737,492,8
358,971,10
481,313,12
939,216,18
899,494,23
929,78,26
394,968,31
500,66,34
807,974,37
944,303,41
173,345,45
561,908,52
435,261,55
781,927,59
473,566,62
644,457,66
0,438,76
819,624,79
636,47,87
867,716,93
187,884,97
480,619,103
382,796,107
688,962,109
895,669,115
733,545,119
12,67,124
329,746,128
314,735,131
185,298,133
174,910,137
696,312,138
361,238,147
529,178,152
453,949,156
150,763,159
229,14,168
703,307,177
51,213,179
328,72,184
254,672,193
423,538,195
977,974,202
156,874,207
539,411,211
882,439,215
800,362,220
305,583,223
597,234,227
746,832,234
849,619,240
929,529,243
382,133,252
64,140,255
952,936,258
331,272,264
290,8,267
188,772,270
188,846,279
418,842,282
731,32,287
839,937,291
706,236,297
504,90,303
267,786,305
327,872,306
384,398,314
765,545,321
311,420,329
895,43,333
325,715,336
413,225,338
785,109,341
651,29,345
80,327,350
145,980,355
928,545,361
95,271,367
222,916,370
25,114,378
688,478,382
329,87,395
949,834,398
839,788,401
107,981,406
535,41,416
103,464,419
220,497,427
16,995,435
130,439,439
700,967,446
961,601,450
718,992,455
725,688,461
184,507,465
207,148,470
441,132,475
364,385,482
235,601,489
846,981,496
457,665,497
149,708,502
528,631,519
915,238,524
290,145,527
317,88,530
804,580,535
571,128,542
79,647,546
294,304,547
338,888,555
262,509,562
842,309,566
788,425,573
767,197,579
177,583,581
950,905,584
77,418,587
702,695,590
636,318,593
119,963,601
506,91,606
782,472,609
669,770,614
884,895,615
880,27,620
202,339,625
986,114,631
935,174,635
616,31,640
364,737,648
351,417,653
19,141,658
948,546,661
167,711,668
850,609,671
447,571,675
176,602,680
810,957,688
538,992,693
540,966,698
982,172,705
200,645,708
90,81,711
73,474,717
105,144,726
596,835,732
449,972,735
237,320,741
79,167,748
98,845,749
356,51,753
670,473,757
462,191,761
59,368,764
547,210,771
94,299,777
668,506,783
952,55,788
487,621,791
820,664,794
130,104,796
352,601,807
101,945,817
818,713,820
342,731,830
809,796,833
428,861,839
921,9,845
155,799,855
65,172,858
12,2,862
832,224,869
299,265,871
842,192,874
987,786,879
491,778,882
398,98,885
39,541,898
822,482,904
548,698,908
27,487,912
187,20,919
969,235,926
49,209,928
206,978,934
321,573,941
845,199,949
933,768,956
762,679,968
634,365,970
814,403,976
861,784,980
113,486,988
149,51,994
272,984,998
