544,183,350
813,460,350
109,781,350
297,16,351
717,398,351
728,519,356
544,447,356
55,286,357
766,270,357
651,865,360
946,569,361
933,631,362
332,416,362
654,547,363
721,221,363
848,264,364
422,692,365
178,991,365
426,733,365
402,703,368
374,314,369
821,58,369
698,572,371
226,517,373
582,53,374
568,816,375
97,628,375
290,220,377
800,120,377
712,731,379
245,214,380
483,956,381
346,91,382
760,69,382
21,850,386
842,343,388
96,758,389
979,870,389
150,452,389
795,576,392
245,881,394
364,910,394
657,317,395
527,787,396
566,388,400
393,975,401
276,924,404
447,924,406
776,277,409
707,544,410
241,212,411
684,736,412
751,226,413
811,842,417
316,463,417
119,128,420
563,903,421
681,925,422
198,38,426
174,763,426
744,192,427
894,558,428
133,517,435
957,994,438
402,846,438
391,446,441
930,233,442
686,68,447
789,857,448
391,870,449
47,429,449
922,8,449
160,400,449
179,781,452
958,735,458
244,907,458
518,327,461
58,317,461
704,833,462
283,987,464
626,737,465
362,292,465
300,83,469
746,37,469
118,737,469
154,673,470
612,332,470
755,204,470
822,814,473
666,939,473
512,658,473
620,155,474
741,574,477
736,421,480
891,392,480
956,821,482
938,80,482
646,926,483
343,200,483
863,582,484
386,289,487
540,217,491
796,975,496
806,283,497
359,802,498
901,917,501
614,799,501
310,169,503
183,455,509
33,380,509
933,609,510
688,138,513
342,600,513
558,580,513
783,40,515
933,238,517
886,495,518
143,890,519
134,47,519
975,87,520
752,308,521
508,733,523
637,550,523
67,897,523
551,532,524
207,415,527
550,808,528
212,493,528
364,959,529
171,677,530
3,146,530
399,397,533
449,509,534
924,123,536
60,709,536
364,637,536
763,48,539
81,794,543
147,330,545
65,440,546
862,891,548
305,273,550
157,700,550
24,959,554
264,653,554
226,221,556
940,221,557
654,607,557
67,92,565
434,575,568
664,694,570
627,658,570
966,447,572
484,412,574
896,914,575
697,950,576
722,520,579
404,757,580
320,278,580
797,699,580
491,697,580
798,213,584
668,182,584
592,488,586
358,968,586
659,969,587
183,419,588
204,915,589
566,325,589
131,365,591
236,331,591
155,919,592
920,693,593
558,53,594
938,640,595
603,700,596
596,104,599
716,568,599
838,21,602
869,988,607
537,182,608
850,149,610
963,41,611
873,104,613
711,745,616
654,756,616
994,276,618
932,455,619
990,242,620
528,405,621
211,771,623
815,480,628
726,903,628
395,660,629
467,637,629
727,511,631
943,830,633
702,691,633
996,563,634
904,864,635
129,659,636
252,734,638
591,598,639
315,790,641
883,142,642
527,798,642
24,652,643
296,136,644
208,907,646
289,179,647
263,884,648
710,824,649
717,361,650
396,896,651
796,346,653
183,543,654
762,650,654
17,120,654
216,427,655
462,618,657
204,412,658
434,577,658
261,211,659
711,918,660
143,147,662
576,250,663
78,474,663
564,29,665
821,954,666
949,988,666
434,932,668
645,805,671
999,0,674
943,172,677
50,376,680
760,489,682
908,377,682
735,490,684
681,517,688
65,978,688
138,974,688
406,313,690
117,715,691
585,694,694
206,544,695
986,946,696
211,62,700
325,717,700
479,33,701
284,257,701
659,30,702
439,293,704
87,55,704
431,422,705
883,225,706
872,771,709
637,671,709
372,105,712
889,973,714
256,106,715
667,535,720
860,312,720
860,123,722
815,576,722
462,663,724
871,856,728
943,927,728
694,247,731
422,998,731
882,737,731
179,84,732
75,895,732
501,363,733
910,644,734
49,279,735
699,938,735
180,716,737
409,871,738
320,540,739
452,11,739
978,8,740
543,173,744
998,184,744
797,942,746
381,8,748
373,527,749
936,712,753
143,961,755
264,461,755
779,834,756
789,726,756
660,186,757
86,866,757
456,852,758
159,254,758
627,717,760
792,618,761
238,332,764
91,759,768
273,265,768
34,868,769
349,144,769
176,903,770
432,382,770
832,480,771
427,348,773
252,588,774
351,258,774
924,284,776
745,981,777
825,582,778
89,680,779
79,948,780
79,35,780
207,825,781
25,379,784
14,576,784
63,913,785
684,874,786
928,786,786
867,919,787
363,949,788
813,53,788
164,268,788
114,872,788
995,736,791
351,653,792
141,757,793
493,379,795
340,298,797
230,229,798
931,909,798
98,239,801
813,229,803
63,76,808
945,502,813
357,689,816
966,31,817
749,723,818
698,296,818
714,416,819
489,678,819
513,734,820
645,451,820
77,537,821
81,516,822
427,861,825
979,216,826
711,614,826
746,407,828
749,446,830
44,694,834
698,88,835
804,450,837
558,364,838
428,342,840
156,793,840
247,380,843
874,641,847
329,557,847
578,101,847
683,5,848
739,653,849
398,192,849
997,826,852
985,445,852
664,836,853
628,192,855
842,815,855
144,959,856
509,448,857
958,840,857
766,184,858
43,44,859
899,3,860
533,737,862
77,100,863
909,835,864
460,457,864
255,756,864
88,419,869
476,27,869
890,138,870
656,380,873
416,318,877
64,16,879
964,997,879
29,541,883
284,356,887
665,2,888
58,531,888
388,538,890
310,250,891
687,327,891
22,890,892
857,203,898
959,4,899
357,400,904
434,906,904
613,742,907
20,808,908
291,6,912
907,588,912
168,997,914
885,307,916
480,464,917
386,17,918
427,454,919
613,229,919
334,536,920
889,941,920
177,393,921
167,533,922
379,326,925
5,30,925
764,391,925
766,939,926
20,237,927
757,232,929
817,340,930
543,863,932
953,829,933
459,211,935
657,543,937
815,78,938
556,133,938
912,805,938
671,145,938
829,175,939
680,212,940
367,753,941
507,87,943
944,686,943
262,198,947
414,723,949
76,825,950
188,521,950
819,998,953
980,869,953
327,275,958
887,236,958
227,189,962
172,517,962
727,580,964
794,354,964
949,890,968
464,984,968
350,521,973
145,750,977
364,903,977
437,280,981
892,138,982
967,905,984
122,486,984
805,327,984
249,387,985
12,403,986
130,327,986
127,996,987
675,860,987
751,410,989
975,362,992
106,143,994
352,691,995
873,882,997
741,7,999
689,473,0
622,808,0
399,255,0
206,668,1
513,910,2
93,701,2
851,143,3
599,792,3
481,490,3
109,866,3
163,306,3
274,997,4
244,841,5
6,489,5
64,475,7
912,12,8
300,147,11
665,383,11
129,177,11
32,199,18
108,822,19
349,675,19
868,353,20
363,587,25
878,528,27
916,373,30
740,825,34
160,458,35
577,400,36
738,978,36
128,803,36
138,901,40
903,250,41
325,322,45
930,777,46
132,265,46
863,249,49
313,188,51
943,693,51
987,826,52
784,375,53
114,331,54
238,861,56
135,583,58
209,412,61
20,645,63
643,401,64
550,113,66
712,277,67
413,660,70
195,162,70
717,153,74
1,428,74
109,559,75
175,585,76
561,734,77
764,903,80
447,374,80
553,820,85
525,261,85
128,424,89
956,12,90
634,539,93
93,404,95
73,880,96
403,98,98
932,308,100
984,113,102
374,53,105
737,925,105
816,479,106
109,105,107
553,235,107
791,807,108
914,150,110
395,605,112
259,6,115
309,43,117
128,495,118
953,601,118
230,344,119
361,520,119
582,572,120
127,110,123
908,812,123
334,893,124
373,380,125
230,958,125
312,420,125
459,230,126
434,132,129
12,394,130
285,165,131
951,766,133
779,787,134
398,948,138
867,519,139
788,382,145
447,513,147
972,826,147
630,915,148
489,583,150
169,66,151
704,704,155
593,24,157
314,539,158
148,785,159
388,628,162
73,633,162
544,771,162
614,485,164
799,763,170
59,260,171
879,549,171
688,44,171
18,928,172
874,309,172
568,441,173
95,360,174
409,247,174
77,892,175
335,916,178
663,423,178
942,272,182
206,742,185
1,376,185
796,439,186
562,831,187
298,163,188
144,386,190
766,61,191
695,614,192
758,873,192
241,134,193
515,725,196
40,734,199
92,835,200
61,327,202
464,269,203
190,260,203
543,122,204
169,552,208
809,721,209
688,902,209
870,534,209
348,407,211
90,509,212
932,363,214
886,998,214
735,714,214
8,348,218
770,736,219
613,890,220
713,474,220
11,197,221
217,835,221
46,534,222
255,156,223
593,701,223
542,564,227
623,346,229
828,747,229
460,462,232
648,992,232
458,395,232
314,837,232
785,204,234
940,228,236
170,437,240
900,657,242
672,419,244
791,549,246
706,264,249
599,954,250
910,564,250
698,62,252
792,495,253
402,121,253
784,313,254
745,141,255
642,735,257
848,380,257
637,472,258
890,170,259
710,527,261
480,651,273
752,395,274
899,951,274
242,507,275
27,530,277
264,187,278
266,845,281
840,172,282
0,411,285
881,694,286
547,541,286
25,491,290
626,573,291
608,853,291
900,130,292
97,945,294
147,821,296
698,80,297
904,909,300
282,694,304
821,347,304
583,860,305
657,446,307
554,567,309
482,743,310
19,347,310
637,241,310
990,811,311
73,138,311
207,576,315
326,323,316
642,319,318
459,12,321
141,99,321
877,357,325
953,378,325
998,52,326
297,602,332
582,687,333
600,694,334
660,478,337
690,888,337
413,635,339
547,401,342
838,232,343
505,235,344
983,517,344
624,899,344
428,514,346
173,319,347
414,166,348
302,434,349
327,692,353
294,943,354
294,908,354
887,425,356
75,982,356
122,910,358
976,969,358
805,7,360
302,189,360
292,371,360
931,700,361
638,326,362
403,882,367
316,824,368
776,454,369
100,962,371
353,491,376
277,939,377
632,107,378
576,486,378
530,183,379
350,714,379
573,408,381
148,557,383
240,146,384
525,650,384
779,855,385
858,950,386
413,457,389
84,750,390
786,733,391
698,786,391
704,157,392
85,429,396
245,500,397
719,31,400
80,94,400
28,648,404
79,109,406
178,144,407
740,182,409
40,343,409
574,323,410
96,364,411
984,386,412
822,904,414
122,778,415
323,326,420
27,86,421
361,576,421
320,500,422
384,415,424
923,788,425
70,450,431
997,602,433
645,541,434
338,46,435
628,919,435
245,462,439
151,839,440
28,169,441
370,954,441
936,346,441
322,206,443
307,629,444
754,583,447
424,776,448
994,820,448
373,839,448
325,235,449
473,114,449
786,220,449
693,296,450
324,51,450
775,633,451
495,365,451
11,346,451
414,39,452
733,787,452
59,422,452
173,248,452
879,281,453
471,612,453
274,412,454
481,630,454
842,765,455
499,793,456
321,221,459
526,432,460
303,615,460
769,645,460
398,379,461
713,267,464
890,670,464
92,524,464
292,673,466
826,121,467
267,744,469
629,526,471
84,421,472
767,715,474
956,680,475
419,873,477
487,48,479
524,927,481
185,1,482
633,782,487
458,851,487
483,963,488
456,633,489
128,104,489
904,22,491
213,650,491
488,529,495
498,506,500
545,965,505
870,544,505
896,887,506
864,859,508
675,711,511
796,313,511
30,294,512
115,753,514
195,513,516
807,939,519
653,911,519
634,528,519
241,534,521
355,428,521
523,768,521
859,366,524
375,212,524
75,503,525
506,345,525
662,45,527
144,848,529
474,77,529
703,734,530
157,291,534
398,653,535
5,46,536
976,582,538
593,420,541
852,184,541
105,411,542
467,252,542
153,28,542
127,661,546
43,105,549
186,636,550
753,261,552
608,827,554
917,507,556
606,945,557
666,497,558
180,70,559
585,289,559
588,933,559
516,672,560
4,907,560
511,826,561
961,799,562
989,62,564
117,41,564
948,275,564
476,782,565
869,582,566
666,33,567
4,996,569
330,928,569
383,163,570
764,886,571
618,543,573
106,822,574
880,786,579
986,135,579
215,317,580
674,520,580
456,411,580
260,155,580
176,426,581
507,592,582
548,590,582
210,461,583
471,670,585
417,797,585
156,813,586
975,357,586
874,213,586
410,70,588
401,431,590
778,358,591
823,53,593
950,211,596
651,783,597
304,6,603
987,781,608
269,889,612
980,161,618
592,604,621
114,993,621
662,742,622
890,737,623
196,812,623
870,950,625
141,352,626
827,221,627
505,494,627
272,329,628
100,471,630
657,428,631
57,529,631
801,844,631
692,620,634
209,140,635
92,924,636
617,286,638
737,841,638
71,317,639
295,81,639
74,160,644
279,315,646
354,600,648
549,180,653
893,376,654
505,683,654
454,950,655
409,898,655
609,966,656
535,654,657
831,100,658
34,562,659
421,149,660
921,942,665
85,307,666
110,555,666
187,504,669
107,14,670
295,670,672
377,772,672
145,758,674
842,12,674
72,815,680
39,322,681
209,944,684
394,540,685
450,797,685
475,327,686
921,49,686
673,499,687
12,284,687
711,378,690
955,323,690
420,587,692
819,786,693
878,390,694
883,238,698
924,848,698
336,801,699
234,699,702
206,314,702
581,52,702
593,88,703
854,424,703
172,647,704
634,786,705
293,568,706
527,859,706
974,304,707
22,589,713
327,485,713
800,277,716
145,780,717
860,877,718
512,18,718
977,941,719
120,221,719
415,298,720
264,9,723
892,6,724
17,118,725
661,33,726
612,597,727
896,175,731
579,127,734
766,688,738
842,690,741
49,973,744
648,893,746
139,424,746
834,917,746
948,385,749
555,871,756
87,882,759
637,123,759
39,868,765
313,19,766
449,453,766
526,952,767
482,748,768
818,882,770
493,334,770
268,972,775
641,619,776
337,669,776
18,251,782
202,926,782
934,591,783
461,83,786
194,980,786
907,695,788
176,613,789
328,327,791
858,665,795
505,646,795
452,440,796
440,489,796
836,578,800
825,665,800
295,641,803
416,861,804
18,56,804
239,241,804
764,347,807
129,469,810
551,136,811
386,665,813
190,278,815
683,523,815
518,259,819
458,910,823
747,791,824
376,747,825
376,489,826
687,942,827
881,360,831
521,385,833
947,120,834
503,111,837
278,281,838
415,143,838
327,304,839
453,301,842
206,252,844
61,566,844
743,482,845
233,423,847
121,697,847
705,638,847
816,85,848
153,416,850
512,16,853
155,341,853
412,398,853
271,277,853
249,950,858
144,285,860
916,16,860
357,347,861
459,753,863
194,468,864
265,147,866
14,559,868
539,433,879
25,630,883
486,355,884
835,19,884
746,925,884
255,917,885
926,369,885
190,574,886
893,861,892
781,464,894
104,777,895
608,296,898
927,235,898
898,922,899
759,718,900
405,580,902
61,176,903
829,610,904
284,721,905
705,70,918
873,541,918
897,685,919
862,304,921
811,29,924
968,814,925
954,656,925
408,267,926
834,569,926
522,706,931
304,871,933
590,660,934
138,893,935
535,945,936
991,512,938
206,666,940
891,560,942
993,443,942
652,330,944
146,354,948
496,673,948
33,413,948
520,936,949
450,568,950
147,874,950
78,694,950
927,745,954
371,475,954
101,555,954
111,284,957
9,931,966
353,688,967
157,721,968
289,467,968
823,963,969
591,729,970
48,969,970
703,796,972
617,289,972
679,729,975
679,982,977
524,941,978
435,367,980
991,720,981
139,328,981
574,403,981
629,385,983
75,782,986
984,150,987
204,507,988
263,228,988
266,869,989
902,268,990
320,214,992
809,881,994
60,318,994
268,584,995
182,379,996
534,494,997
783,668,998
72,41,999
917,420,1
460,773,1
486,192,3
572,19,6
628,307,6
225,371,7
910,789,7
22,987,8
582,782,9
732,981,9
358,61,10
664,946,10
545,801,11
810,739,11
124,731,13
693,483,13
247,293,13
39,71,14
580,749,14
147,908,17
698,886,17
194,2,18
423,155,19
235,670,25
494,288,25
275,86,28
826,774,29
480,289,29
65,828,34
685,624,36
78,444,37
534,264,37
866,489,37
221,811,43
590,593,44
934,661,44
562,813,45
10,13,46
869,703,49
400,496,50
727,893,50
702,336,51
523,12,55
570,135,55
164,945,55
832,914,55
375,894,55
896,932,57
260,268,65
180,758,66
250,455,67
238,121,68
32,485,71
340,426,74
413,167,75
894,262,78
620,232,81
463,518,82
137,974,83
93,860,83
704,784,84
426,667,86
973,367,87
816,822,89
548,887,89
710,452,89
900,89,91
753,386,93
299,695,93
987,306,95
411,198,95
960,620,96
605,111,98
131,528,98
526,319,100
33,973,102
334,247,104
685,159,107
909,88,108
271,361,109
546,308,111
407,587,112
761,997,113
797,325,114
540,560,115
285,706,115
985,245,116
49,62,117
461,641,117
268,182,119
270,192,119
852,378,123
388,312,123
508,562,124
79,756,126
449,887,126
529,344,128
252,254,129
180,57,132
702,616,133
208,593,138
310,840,139
990,10,140
1,639,140
878,522,141
405,587,145
423,913,146
228,140,148
934,433,149
664,44,150
933,422,152
440,545,153
79,988,153
158,819,154
795,73,155
758,517,156
81,682,156
589,4,160
636,378,162
362,47,162
846,517,165
325,914,166
609,800,173
109,563,177
634,38,177
764,277,178
823,257,180
51,196,182
275,789,182
870,678,184
1,856,184
375,87,185
137,353,187
116,601,190
884,102,191
584,297,192
507,985,194
209,431,195
632,133,195
808,528,195
939,290,198
720,494,198
161,831,199
975,780,199
215,178,201
439,616,201
28,62,201
932,513,203
244,646,204
128,537,205
733,985,207
549,389,210
23,55,211
245,529,211
934,955,213
591,194,220
443,764,220
812,353,220
536,105,222
28,219,223
414,850,224
270,301,225
757,328,226
415,680,226
31,704,227
605,519,228
223,213,228
647,466,228
214,912,229
100,374,231
350,788,231
661,270,232
755,623,232
436,23,234
315,683,235
878,119,236
607,2,237
842,336,239
848,402,240
300,150,240
467,550,240
607,145,241
263,922,241
979,776,247
925,34,248
509,873,249
361,884,249
89,22,250
466,63,251
420,286,253
103,330,254
359,38,254
549,394,255
275,171,255
975,369,259
111,213,261
853,663,261
99,352,264
112,54,269
644,549,270
408,451,271
703,792,275
80,758,279
247,683,282
103,222,283
676,149,285
231,751,285
902,307,288
377,426,288
287,132,289
939,936,290
508,290,292
777,62,292
759,957,293
157,784,295
339,379,296
92,605,299
943,574,299
901,466,301
289,757,303
122,170,303
919,923,307
93,347,313
470,697,314
760,9,315
100,338,317
244,331,317
124,124,320
924,554,320
535,637,321
850,840,322
822,202,323
244,745,324
374,456,326
51,791,332
183,777,336
566,926,338
346,189,340
678,633,341
386,297,342
404,287,342
513,465,344
75,569,346
534,98,348
205,813,348
28,278,349
835,558,351
920,773,351
957,534,352
885,968,354
132,280,354
845,90,354
995,132,355
769,3,359
272,569,359
906,806,359
102,772,362
101,652,363
147,667,364
288,608,366
844,950,367
303,681,369
666,423,374
620,935,375
614,688,375
809,564,376
758,845,376
130,686,378
888,805,379
501,750,380
422,74,380
26,863,384
805,486,385
479,608,387
23,885,390
768,497,392
175,875,393
814,786,393
21,187,394
806,864,401
355,378,406
975,270,408
389,749,410
772,268,412
764,736,413
425,847,413
515,894,414
584,360,418
617,304,419
272,90,419
757,297,420
382,415,421
464,575,423
300,861,425
579,226,426
600,647,428
938,767,429
235,669,429
614,220,432
747,281,433
80,514,434
761,549,435
296,646,435
900,78,436
690,555,438
681,989,442
112,99,443
561,841,444
511,849,449
803,54,450
994,551,454
765,246,454
190,624,457
427,702,459
846,442,459
567,469,461
518,744,461
865,644,464
916,4,464
351,376,468
896,531,473
799,62,475
84,339,477
53,472,478
214,704,481
659,329,482
379,549,484
906,835,486
79,845,486
969,229,488
941,202,488
787,471,494
547,338,494
508,325,494
848,124,496
946,772,497
183,499,498
840,983,503
741,356,504
896,406,508
363,274,510
33,524,511
967,871,511
37,688,511
804,874,513
823,764,514
694,369,516
448,517,517
644,981,518
512,123,518
117,227,523
287,297,524
835,246,525
449,594,528
918,689,528
359,192,529
574,893,530
283,963,537
694,545,538
497,31,539
288,322,539
128,539,539
650,259,540
87,672,542
37,649,543
165,432,544
700,202,545
20,329,546
204,193,548
558,19,549
736,586,550
318,796,552
818,973,553
562,373,553
792,515,554
851,939,557
706,199,560
539,370,561
534,614,562
424,568,564
408,835,564
380,170,565
804,704,566
667,38,574
182,718,574
467,58,576
842,746,579
432,620,579
987,236,579
166,371,580
692,456,581
521,472,581
534,530,583
470,600,583
438,240,583
739,864,585
717,18,586
435,724,586
153,487,587
332,672,588
835,569,589
868,278,589
157,335,591
915,54,593
361,544,595
884,946,595
710,995,595
582,959,596
372,656,597
917,700,598
578,539,599
594,404,600
443,336,601
513,784,601
394,877,604
358,643,607
43,876,607
360,97,608
201,324,608
882,439,609
766,588,610
360,546,612
416,876,613
926,449,615
236,768,620
907,675,621
146,220,621
162,962,625
129,794,626
485,631,626
845,48,630
74,80,631
416,703,631
411,884,632
354,804,633
556,61,633
886,932,635
97,978,636
498,921,639
332,155,640
39,180,641
60,74,642
902,321,642
25,990,643
874,6,643
868,351,644
882,88,644
915,835,645
305,20,645
518,468,646
965,813,647
347,51,649
113,514,652
659,313,653
848,301,653
697,387,654
142,133,655
733,299,659
828,648,661
162,355,662
466,350,663
110,751,664
890,509,664
299,45,666
558,680,667
696,199,667
579,91,667
443,42,668
94,924,669
658,613,671
643,270,671
588,165,672
64,223,673
70,950,676
606,776,676
673,0,679
816,767,680
514,888,681
497,308,681
45,865,683
898,549,685
355,759,687
435,494,688
435,419,688
95,412,689
183,38,696
507,569,696
653,916,698
518,414,700
12,682,700
151,789,701
26,839,701
469,871,703
80,170,705
160,956,706
999,214,706
988,932,707
731,208,710
794,690,710
159,669,712
455,103,715
780,571,717
736,30,718
641,675,718
806,975,719
101,543,719
318,319,723
109,431,727
5,846,732
241,942,737
714,483,739
139,919,740
48,538,741
851,379,742
429,314,746
576,475,746
432,394,747
652,20,748
899,318,749
993,507,750
693,64,754
112,376,755
815,857,755
528,487,759
764,360,759
873,969,761
727,348,761
28,989,762
681,677,765
377,338,765
837,367,766
37,112,767
716,215,772
36,517,773
165,130,777
460,23,779
600,173,788
356,722,792
302,204,795
277,24,796
954,54,796
962,405,798
170,18,798
195,247,802
333,970,802
11,831,803
207,920,803
153,734,805
957,103,805
173,857,805
835,23,805
414,928,805
975,133,807
201,295,807
475,5,808
452,839,808
581,978,808
490,817,809
510,371,809
681,914,814
861,782,814
793,886,816
570,478,819
633,901,823
791,120,823
339,854,825
127,365,826
82,63,831
839,16,831
111,706,832
804,977,834
464,311,835
416,317,836
366,637,837
417,245,843
620,377,844
809,992,847
62,861,847
935,849,848
215,517,849
277,533,851
530,838,851
591,247,852
757,962,855
787,511,856
459,771,856
923,93,857
984,932,857
293,15,859
154,785,859
329,315,860
648,90,860
402,77,860
561,300,861
236,558,863
453,354,864
247,493,864
671,54,865
441,22,870
770,824,871
864,430,871
144,509,873
903,23,873
198,65,878
897,822,880
490,852,882
556,87,883
535,953,884
288,522,887
777,957,891
841,912,891
84,324,891
792,313,894
627,886,895
672,14,896
62,512,897
354,91,899
593,361,910
441,935,911
42,444,913
957,625,914
242,196,915
608,178,915
678,410,916
813,191,918
38,416,921
728,409,922
473,992,924
962,204,924
206,590,928
738,214,930
521,504,930
351,227,930
486,261,932
612,537,934
413,326,935
423,492,935
118,800,937
579,544,938
571,429,939
374,460,940
855,601,943
976,978,943
671,216,943
794,178,945
674,92,946
320,8,946
371,728,948
631,661,955
416,746,955
635,496,956
790,77,957
425,614,959
731,321,960
959,220,962
647,275,962
231,816,963
755,581,966
683,952,966
312,813,968
379,223,969
206,972,969
473,929,971
961,504,972
901,45,973
127,775,973
501,732,974
938,801,974
380,414,977
734,196,978
196,988,978
263,19,982
317,737,987
575,954,987
613,124,990
524,331,991
76,256,991
990,264,994
461,19,999
121,790,999
