476,241,6
744,202,7
387,369,7
222,589,10
922,93,12
572,72,13
818,39,13
234,134,14
46,225,16
67,267,18
874,667,18
421,834,19
112,325,19
375,162,20
69,458,21
678,721,21
787,875,22
988,111,22
741,770,25
189,469,26
668,889,27
591,176,27
203,268,28
270,928,30
465,447,31
595,271,32
615,390,34
348,828,34
225,998,36
314,769,38
914,685,39
471,109,40
104,487,40
362,577,42
918,394,42
762,310,43
869,604,45
301,629,46
78,965,47
164,302,47
20,833,50
85,684,50
781,79,50
101,157,51
611,286,52
244,378,52
635,702,53
900,248,54
535,434,54
906,182,54
340,758,54
166,741,54
894,482,56
923,978,56
719,846,56
152,329,57
660,74,58
834,652,59
934,177,61
2,27,62
644,179,62
478,520,63
465,804,66
717,823,67
800,972,67
365,9,67
39,938,69
119,823,72
356,303,72
20,893,74
237,817,74
617,214,77
637,818,77
427,879,79
89,279,80
964,870,80
3,412,81
747,332,81
901,921,81
107,424,82
495,121,82
527,674,83
204,882,84
747,290,84
270,181,85
792,303,85
143,482,85
759,100,87
647,124,88
235,464,89
853,169,90
509,163,91
233,955,91
449,85,91
572,49,92
328,834,92
371,929,92
60,59,93
527,938,94
35,528,95
473,743,95
670,164,97
802,933,99
726,689,100
623,125,102
412,611,102
428,902,103
35,942,105
967,894,108
457,231,108
607,911,108
631,661,109
451,863,109
674,188,109
711,797,110
13,51,111
236,937,111
999,937,112
428,246,112
259,151,112
229,957,113
188,912,115
964,57,115
843,37,118
485,161,118
185,963,118
500,549,119
500,382,120
959,594,120
443,24,121
374,510,123
307,836,123
103,934,124
448,652,124
156,257,125
477,261,127
553,926,130
87,832,132
445,866,132
571,575,133
67,614,135
841,870,135
967,876,137
720,923,139
673,841,139
934,291,139
409,400,140
777,238,140
787,801,144
299,981,144
605,318,146
693,4,148
261,482,148
118,118,148
33,715,149
505,120,150
297,911,150
494,767,154
216,485,156
256,519,156
62,444,156
674,331,156
847,881,156
339,694,158
320,376,158
359,323,159
213,806,161
722,105,162
430,336,167
565,929,167
22,626,167
673,615,171
923,652,171
284,54,174
741,627,174
776,536,174
835,505,174
708,212,175
435,486,176
815,205,176
312,938,176
474,16,178
937,199,178
102,85,178
251,625,179
518,593,181
604,280,186
804,185,186
460,218,188
725,271,188
500,170,189
871,349,190
644,623,191
199,41,192
2,532,192
438,237,194
311,437,194
299,21,196
409,195,200
352,353,200
918,297,201
783,54,206
181,775,207
583,774,208
943,201,208
958,303,209
726,820,210
464,902,210
230,195,211
712,876,211
127,673,214
28,668,215
336,760,216
773,565,217
61,673,218
97,332,219
552,176,219
155,400,220
599,776,220
168,7,223
940,784,225
974,867,227
981,246,228
160,683,230
31,389,230
49,241,231
468,377,231
737,342,233
704,82,235
876,347,235
777,625,235
808,512,235
503,308,238
876,562,239
491,556,241
16,675,242
176,287,243
145,675,244
900,769,246
185,263,247
710,119,248
781,836,249
464,383,250
363,74,250
522,680,252
82,530,253
762,179,256
29,402,256
343,555,257
602,245,258
926,815,258
401,934,258
900,816,260
264,647,260
238,39,260
609,612,262
552,565,262
18,142,266
874,632,268
905,323,269
634,846,269
524,305,270
69,380,270
296,646,270
208,200,270
930,952,270
451,117,271
160,574,271
897,285,271
487,770,273
433,947,274
678,9,275
76,632,275
970,704,276
552,659,278
863,174,279
57,643,280
334,516,281
214,648,282
422,663,283
352,936,283
794,558,284
440,864,286
271,255,289
147,45,289
653,383,290
243,158,290
844,12,290
275,59,291
870,372,292
950,820,294
203,19,294
357,313,294
925,216,295
847,675,296
418,902,296
821,38,297
339,102,298
979,716,300
35,523,301
518,203,301
361,883,301
498,374,302
275,43,303
448,607,303
968,645,303
61,405,304
486,226,305
355,492,305
964,785,305
989,69,306
997,878,307
154,56,309
966,508,309
985,877,310
613,363,313
261,372,313
213,442,314
90,802,315
172,445,318
975,605,321
399,695,323
583,173,323
642,447,325
507,69,326
211,603,327
925,191,327
567,701,329
760,460,329
466,158,331
592,514,333
720,781,335
501,620,336
410,474,338
131,716,340
178,795,341
633,889,342
917,278,343
535,665,346
647,839,348
310,216,350
85,508,351
345,403,351
308,529,352
832,15,352
164,268,352
52,108,353
512,365,353
361,304,354
29,447,356
162,194,356
476,891,358
983,369,359
419,39,359
216,294,360
79,919,360
415,445,361
151,407,361
472,542,361
309,157,361
267,606,361
727,237,362
130,295,365
694,296,365
554,610,366
909,282,366
125,719,367
206,288,368
618,139,368
43,876,369
683,922,370
195,813,370
98,846,372
849,356,373
680,602,375
997,724,375
471,789,375
975,112,377
667,105,377
112,896,380
309,31,383
792,396,385
542,143,386
178,886,386
653,103,386
83,27,387
147,531,387
661,91,388
893,49,390
937,864,390
152,387,392
937,482,395
896,799,395
355,131,395
157,941,397
671,594,397
598,938,398
618,24,398
392,577,398
972,386,400
15,115,401
363,255,401
906,808,402
830,275,402
47,68,403
1,921,403
254,662,404
214,583,405
889,631,406
257,784,407
348,883,408
76,3,408
179,396,409
815,349,409
516,754,409
725,811,409
260,386,410
788,94,410
496,287,411
328,641,411
533,917,412
930,689,412
826,904,413
488,94,416
888,668,418
697,144,422
619,831,423
805,984,424
804,666,425
697,138,426
432,591,426
657,968,427
1,271,429
958,39,431
306,434,431
595,789,434
456,148,436
619,901,436
126,482,437
938,676,442
88,308,443
870,29,443
809,711,444
622,61,444
896,859,445
865,823,448
506,145,449
566,137,450
119,141,450
874,914,452
986,81,452
88,587,453
625,928,454
555,21,454
908,140,455
309,397,455
543,685,455
704,359,456
711,227,457
890,188,458
195,108,462
916,357,463
276,571,465
997,673,465
180,999,465
224,947,466
715,239,466
206,254,467
524,302,467
899,489,469
344,558,469
886,652,470
819,65,473
36,472,474
449,225,474
820,425,475
93,680,475
731,215,475
579,993,476
10,997,477
51,341,481
511,549,481
77,3,483
799,620,484
375,394,484
625,187,485
499,353,486
267,302,486
607,17,487
120,815,487
274,497,488
769,136,488
616,279,488
789,777,489
137,260,490
498,288,491
343,674,491
988,853,492
891,893,493
432,704,493
373,111,494
516,576,494
714,892,494
555,408,494
99,15,494
174,524,495
659,871,497
986,702,499
941,933,501
502,471,501
706,564,501
915,659,502
126,610,503
262,714,504
408,169,505
3,421,505
447,359,505
51,561,506
99,876,507
113,418,507
116,319,507
433,917,508
613,644,509
413,605,509
775,70,510
966,974,511
844,94,512
632,672,512
723,950,512
288,740,513
245,291,513
897,137,514
702,104,514
189,344,515
788,231,516
715,737,519
554,683,519
617,718,521
809,858,522
687,608,525
226,767,526
503,575,526
482,203,528
67,424,528
805,319,530
5,7,530
552,211,531
192,315,531
734,121,532
79,696,533
814,399,534
923,274,535
420,301,535
93,80,536
487,591,537
37,98,538
84,326,542
295,458,542
356,270,543
448,568,543
707,821,544
765,861,546
470,568,549
723,925,550
335,718,550
297,588,553
347,912,554
789,747,554
342,961,555
613,288,556
486,909,556
355,733,557
439,922,558
773,650,559
138,231,559
379,185,560
953,463,561
808,424,562
595,61,562
154,469,562
267,608,564
798,550,565
134,343,567
238,460,568
487,87,569
728,194,569
230,729,570
864,41,570
652,321,571
503,960,572
328,422,572
34,724,572
269,646,572
297,646,573
236,440,575
381,313,577
585,270,577
86,930,578
660,762,578
478,768,578
421,94,581
379,129,582
123,984,582
17,554,583
91,722,586
111,423,588
151,709,588
807,353,589
654,430,590
716,564,591
529,279,591
571,756,591
895,137,595
506,101,598
250,513,598
12,336,599
280,176,600
370,636,600
378,111,600
601,368,601
711,748,601
871,488,602
413,938,604
216,661,608
358,92,611
835,281,612
781,715,612
841,113,613
323,806,613
215,136,615
39,46,616
632,415,618
188,192,619
846,444,620
541,568,620
807,506,621
682,30,623
681,172,625
822,408,627
392,233,628
573,922,628
465,398,628
933,153,628
248,767,628
799,123,629
14,657,629
297,675,630
407,852,632
395,945,632
503,931,633
310,602,634
197,629,635
152,350,636
856,148,636
439,766,636
579,924,637
774,343,638
117,163,639
392,635,639
308,54,639
347,237,639
104,34,640
19,82,641
972,707,641
583,861,642
618,403,643
517,735,643
102,201,646
238,2,647
437,489,648
641,524,648
547,804,649
171,637,650
553,240,652
217,770,652
929,104,655
739,379,657
736,675,657
854,807,657
897,919,657
320,846,659
994,918,659
45,880,659
486,686,660
148,727,660
354,537,661
892,212,661
823,8,665
836,843,666
387,635,666
676,72,667
769,153,667
521,978,669
296,375,670
753,389,674
321,949,674
257,632,674
791,280,675
385,356,677
612,969,678
666,399,678
352,339,679
184,487,680
903,825,682
58,222,682
892,3,683
260,24,684
946,620,686
497,885,687
893,357,691
699,242,691
611,178,691
29,36,692
423,256,693
914,783,695
598,837,699
384,943,701
260,289,701
351,334,702
17,745,702
291,475,705
418,977,706
933,333,709
83,422,710
507,57,710
288,405,714
538,282,714
887,33,715
907,677,715
975,804,716
810,23,716
954,393,719
143,250,720
191,950,720
915,21,721
803,225,721
414,825,721
767,874,723
802,102,724
306,933,724
936,797,725
208,272,725
853,634,726
73,117,727
906,422,730
306,733,731
689,57,731
151,276,732
804,774,732
951,538,737
984,773,738
87,898,738
805,493,739
34,401,739
411,812,739
413,815,740
940,307,740
450,123,741
220,697,741
612,934,742
505,993,742
61,687,743
415,591,745
619,216,745
179,134,745
935,126,745
889,666,746
950,203,746
786,806,747
454,826,747
874,263,750
317,630,751
197,333,751
624,18,751
330,872,752
557,216,753
204,646,755
85,887,755
791,540,755
884,465,756
566,737,756
839,972,757
904,362,758
198,769,758
731,165,762
856,566,763
673,265,763
231,697,764
617,343,764
420,648,765
270,34,766
381,165,766
149,881,767
515,114,767
862,122,767
251,204,768
515,628,769
267,221,769
808,78,771
596,990,772
748,151,773
478,129,774
431,853,776
856,126,779
920,328,779
146,848,779
227,25,779
91,913,780
780,847,780
411,717,783
562,298,783
807,805,784
439,662,784
368,696,786
374,559,789
933,418,790
542,844,790
321,187,790
655,11,791
328,651,793
260,539,796
874,927,799
934,931,800
754,698,800
712,263,801
705,238,802
892,132,803
797,868,804
141,959,806
127,694,806
90,15,807
811,478,808
908,985,808
756,342,808
765,393,810
180,525,810
649,257,811
268,437,813
830,492,813
418,707,814
528,306,815
147,850,818
952,811,818
397,357,821
98,588,822
222,184,823
158,921,824
490,856,825
133,952,825
674,191,825
725,161,825
930,932,827
755,532,827
865,653,828
402,93,829
706,746,830
894,343,830
978,898,832
753,344,832
495,2,834
182,8,834
740,677,835
404,426,835
123,77,835
273,662,835
729,133,836
167,775,838
925,296,839
617,543,839
166,430,841
486,289,842
194,340,842
406,963,843
101,759,845
888,398,845
279,630,847
14,724,847
867,552,849
290,93,850
534,476,850
914,509,851
506,335,854
706,752,854
69,653,855
998,937,857
962,280,858
788,609,859
658,193,859
13,195,859
567,158,860
599,603,862
616,501,863
815,47,863
486,586,864
984,303,866
909,276,869
138,551,870
681,177,872
285,242,872
147,609,873
750,431,874
732,650,874
866,394,874
384,144,876
78,765,878
688,208,878
121,174,879
52,133,879
62,173,881
917,741,883
100,245,885
953,77,885
579,514,885
228,376,886
818,590,888
312,975,888
349,306,888
3,726,891
881,801,892
903,410,892
344,426,892
214,257,892
472,154,893
245,855,893
162,821,893
313,617,894
66,144,895
228,964,896
720,14,897
426,894,897
977,865,897
749,208,897
944,720,898
960,637,898
836,309,899
851,172,899
73,43,900
623,848,901
688,277,904
710,683,906
617,384,908
614,947,908
95,200,909
422,875,909
959,17,910
38,415,912
592,136,913
711,724,914
728,614,915
950,490,917
658,279,918
37,445,921
16,668,921
553,326,921
344,624,923
157,620,924
38,152,924
605,178,925
293,752,925
901,901,926
730,893,927
977,759,927
190,719,927
205,732,927
874,868,928
967,64,930
98,6,930
309,848,931
596,333,932
499,572,932
40,669,932
69,237,932
983,342,934
197,705,937
401,179,938
316,278,938
261,582,938
323,16,939
887,202,941
99,698,943
335,449,943
805,853,944
222,596,945
232,599,947
571,554,948
797,950,953
430,161,953
172,457,953
149,662,953
355,725,954
377,730,956
79,300,957
462,781,957
581,141,959
57,747,962
511,760,967
702,342,967
706,937,969
862,172,969
361,524,970
322,312,970
586,274,971
964,748,973
848,190,974
230,137,974
190,322,974
164,988,979
747,608,979
51,110,979
311,105,981
787,460,981
509,995,982
698,678,986
321,109,990
989,216,991
543,64,993
390,186,993
711,943,994
323,43,995
219,669,997
966,998,998
236,227,0
885,945,1
144,151,5
434,856,6
332,935,6
234,350,8
701,127,8
144,549,10
639,296,11
798,523,12
885,160,15
17,750,16
833,267,17
788,700,21
456,970,21
527,846,26
266,723,27
990,48,29
350,719,30
419,349,31
51,980,31
404,405,32
67,721,33
842,413,35
73,136,35
665,275,37
353,42,41
552,440,42
955,783,42
542,482,43
622,850,44
113,943,45
83,138,45
452,700,46
250,231,47
935,522,48
863,653,48
649,299,50
946,682,51
736,687,51
418,914,51
675,487,52
126,932,52
931,882,53
170,843,57
663,688,57
248,161,60
216,266,60
816,288,60
685,733,61
776,835,62
626,331,62
608,862,63
114,151,63
250,29,63
450,557,63
756,799,65
509,59,66
107,777,68
606,231,68
192,261,69
203,35,70
306,524,70
250,958,70
771,182,70
523,871,71
148,690,71
606,757,71
964,242,72
413,533,73
18,703,73
73,880,74
800,826,74
631,281,74
298,244,75
449,526,76
36,335,79
631,138,79
414,255,80
770,987,80
257,149,81
541,617,81
19,480,81
970,217,82
613,793,85
755,730,85
148,787,85
295,296,86
742,618,87
700,856,88
817,816,88
132,897,90
621,511,90
264,583,90
313,798,92
367,280,92
207,620,93
420,161,95
824,262,96
999,540,97
962,276,99
801,801,100
324,598,100
694,305,102
964,673,102
891,2,103
486,654,103
633,199,104
813,86,104
630,319,104
368,930,104
139,181,107
52,119,108
525,948,109
635,16,109
27,880,110
834,275,110
558,460,111
263,987,112
513,795,112
908,722,113
940,270,115
373,571,116
227,217,116
549,884,117
643,430,118
406,892,118
682,997,118
496,212,118
705,434,119
892,773,119
495,31,119
397,708,120
77,180,120
690,897,122
193,276,123
428,577,124
288,64,126
944,136,128
32,42,129
486,368,129
324,347,130
717,205,130
191,350,131
713,869,132
725,473,132
998,701,133
629,481,133
213,59,134
268,619,135
968,100,137
2,542,137
276,463,137
833,14,137
270,108,142
208,899,143
983,380,144
495,210,145
335,781,145
377,292,146
938,302,146
86,234,146
599,217,147
992,465,147
584,194,148
795,638,149
814,428,151
556,49,153
965,775,154
312,731,154
154,761,156
533,235,158
913,35,160
741,50,162
365,501,163
37,544,163
907,382,165
424,906,165
899,638,165
384,133,165
70,395,166
338,920,168
827,512,168
470,866,169
426,774,171
557,820,172
541,967,173
328,350,173
807,587,173
923,283,173
629,854,175
153,38,176
530,610,177
81,934,178
276,92,178
806,785,179
707,899,181
470,397,182
208,165,183
764,403,184
75,343,186
677,379,186
450,481,188
314,92,188
756,42,188
755,83,189
278,795,190
197,172,191
703,975,194
844,16,196
740,710,197
110,211,198
367,769,198
936,40,199
999,356,200
712,166,200
951,509,200
439,551,202
395,15,203
15,899,203
180,716,204
183,287,204
30,605,206
749,912,207
771,58,208
624,72,209
702,231,210
400,627,210
717,388,211
648,582,211
731,177,212
733,163,213
458,503,213
97,826,213
159,860,213
111,644,214
109,949,214
2,147,214
143,33,214
15,619,214
873,546,214
630,195,214
302,233,214
936,84,215
509,915,215
523,450,218
804,216,220
216,605,222
971,50,223
623,986,224
754,273,226
29,628,226
928,658,228
436,288,228
106,504,231
443,952,231
876,441,232
239,171,233
970,888,234
980,426,235
29,597,237
0,337,238
102,878,238
335,74,239
719,110,240
204,459,241
640,803,241
58,450,242
211,410,245
537,608,245
332,730,247
811,310,248
436,332,248
774,787,252
960,360,253
737,340,253
912,82,254
60,621,255
30,507,255
783,628,257
199,8,257
981,176,257
347,240,258
541,426,259
271,677,260
136,93,260
464,567,262
494,509,262
11,412,262
626,191,263
173,804,263
932,196,263
898,917,263
496,358,263
597,928,265
426,645,266
969,481,266
833,230,269
39,836,269
697,386,269
479,423,269
885,67,271
237,106,273
814,450,277
546,11,277
23,499,279
674,492,279
268,342,280
591,501,281
192,630,282
114,491,282
736,731,283
504,805,283
309,635,284
246,928,284
811,77,286
1,584,289
123,175,289
145,595,289
100,409,290
686,865,291
914,61,291
443,86,292
879,276,293
881,92,294
891,733,294
599,161,295
10,776,295
265,843,296
1,362,296
728,814,297
392,43,298
29,812,299
975,63,300
986,887,300
709,695,301
260,970,302
624,814,303
24,357,303
891,958,303
180,681,305
926,387,305
147,856,306
144,31,306
510,699,306
711,556,306
521,365,309
153,329,310
410,162,312
619,137,313
240,102,313
223,426,315
523,556,315
920,75,318
411,48,318
966,438,320
835,732,321
15,939,321
840,648,321
932,765,323
696,644,325
264,882,328
93,875,330
332,639,330
676,22,330
563,43,331
352,947,331
232,383,331
247,218,332
749,77,332
150,395,333
54,350,335
161,216,337
800,227,338
441,379,338
245,240,338
77,746,340
374,812,341
666,235,341
800,974,341
266,189,344
521,173,344
915,317,345
610,302,346
886,857,347
490,855,347
744,806,347
836,473,347
684,657,349
781,941,350
610,511,351
857,747,352
468,98,354
837,18,357
366,119,358
56,701,358
108,770,359
111,953,359
621,979,362
819,486,362
99,357,362
208,522,364
688,733,365
681,803,367
900,945,367
345,654,368
900,907,371
42,447,371
681,498,373
694,332,375
64,214,376
632,173,377
309,703,378
837,123,379
0,409,379
627,10,380
962,172,382
704,267,382
160,863,383
333,113,384
194,726,384
457,479,384
149,391,386
198,638,387
881,62,388
637,394,389
192,735,390
380,513,390
826,6,392
695,565,393
83,433,393
816,962,394
212,985,394
10,469,395
178,36,395
457,423,396
595,186,397
16,18,399
271,981,400
426,749,400
212,195,401
774,924,402
345,409,402
938,341,403
290,694,405
796,330,408
6,103,409
783,681,411
211,68,412
636,530,413
419,23,415
176,542,416
247,953,417
797,890,417
726,170,417
309,549,417
680,771,418
630,454,419
804,491,419
900,835,419
366,712,420
611,427,421
74,315,422
260,396,423
351,886,427
870,587,429
180,963,429
846,686,429
491,622,431
636,601,433
789,337,433
77,989,433
246,943,433
726,451,435
426,944,435
464,981,436
187,779,439
98,843,440
781,522,441
765,153,441
576,721,442
263,205,445
11,94,446
844,831,446
436,639,448
406,643,451
3,794,452
14,434,452
714,594,452
480,326,452
839,218,453
526,570,453
60,553,454
115,193,455
76,669,457
994,537,457
494,35,458
614,629,458
138,528,460
913,342,461
900,555,461
464,733,463
792,889,465
406,671,468
694,658,470
879,13,472
508,491,474
237,290,475
189,346,476
587,955,476
214,154,477
522,998,477
122,329,477
181,389,478
974,610,478
147,940,478
467,222,479
487,848,480
896,749,481
714,920,481
787,247,483
772,682,484
334,277,485
43,171,486
846,209,486
923,628,487
695,881,487
422,557,489
106,904,490
754,292,491
760,466,492
357,610,492
314,69,493
193,198,493
850,854,494
805,264,494
426,630,495
301,759,496
350,230,499
365,508,503
918,229,504
498,794,509
541,714,509
516,911,513
871,560,514
480,982,517
312,494,518
341,125,519
190,43,519
467,837,519
542,24,522
187,381,522
364,131,524
286,201,527
232,377,528
901,996,528
373,256,532
39,156,534
45,151,535
889,720,536
812,95,536
29,767,537
83,55,537
493,400,538
578,439,538
638,183,539
912,541,540
202,187,540
404,713,540
589,476,545
410,122,546
998,261,548
852,775,551
739,770,556
389,849,556
640,851,557
645,811,557
411,786,557
83,130,558
240,706,562
622,711,566
851,933,567
216,694,568
474,230,569
346,796,569
599,428,569
890,586,569
589,496,570
439,334,570
75,299,570
408,722,570
798,171,573
499,768,574
638,374,574
508,66,577
281,108,577
544,178,578
966,19,578
943,428,579
229,793,581
615,226,582
874,95,585
439,105,585
579,309,587
508,34,587
996,255,587
347,366,587
993,498,589
353,339,589
172,982,590
40,138,591
719,761,593
180,868,593
521,324,593
0,444,595
146,770,596
437,987,596
574,875,598
966,895,599
759,413,599
726,668,600
153,810,601
258,29,601
31,241,603
794,412,609
405,569,610
185,288,611
613,132,611
740,953,612
677,692,612
620,454,613
936,152,613
157,316,617
757,315,618
916,144,618
706,755,619
758,767,619
24,248,620
379,166,621
336,758,621
774,267,623
40,308,624
996,12,625
357,630,625
745,670,626
578,571,626
816,376,627
487,67,627
412,106,627
919,632,632
702,635,633
207,603,633
781,623,633
542,371,634
73,264,636
482,725,636
644,98,639
511,415,640
82,643,640
556,346,640
693,620,642
751,5,642
334,461,643
889,125,644
264,324,644
448,571,645
487,472,646
856,676,646
441,599,647
87,837,648
426,225,649
495,703,650
239,854,655
220,620,655
849,341,657
737,25,657
603,979,657
518,830,659
561,852,659
967,716,662
951,765,662
865,415,663
392,325,664
292,735,664
412,888,664
437,905,664
372,748,665
566,792,666
65,27,666
221,481,667
507,55,667
807,144,668
108,668,669
0,332,673
987,383,673
22,420,674
146,423,676
421,227,678
709,209,679
549,465,681
837,544,681
613,700,682
664,651,682
544,15,683
568,58,684
232,214,684
168,945,685
427,316,685
385,766,688
562,772,690
15,763,691
999,81,693
209,937,696
385,676,696
635,364,698
330,990,698
828,966,699
646,737,699
364,63,700
681,686,700
676,665,701
553,389,701
73,722,701
876,884,702
761,897,702
377,417,702
146,849,703
401,297,704
968,172,705
700,568,708
811,173,709
132,244,709
579,912,711
767,53,712
671,190,712
959,75,713
269,646,715
449,355,717
463,810,718
926,804,719
180,165,721
552,942,721
882,791,723
654,72,724
611,766,726
27,133,726
704,588,726
234,851,728
464,10,729
441,677,730
190,208,732
588,681,732
884,428,732
989,969,732
295,952,735
257,946,735
899,258,735
202,766,737
317,772,737
455,181,738
945,135,738
239,321,743
797,617,743
222,497,746
890,605,746
881,155,747
332,289,747
609,308,747
489,752,748
451,879,749
717,864,750
689,133,750
850,170,751
413,553,751
247,526,753
900,63,754
137,69,755
597,678,762
728,60,763
620,723,764
765,724,764
101,365,765
555,169,767
670,306,768
924,756,768
228,675,768
84,186,769
599,418,769
232,923,769
310,62,770
690,81,771
539,394,773
799,183,773
670,42,775
551,955,777
73,822,778
18,792,782
882,757,784
115,396,785
557,441,785
56,278,786
73,426,786
814,991,787
216,318,789
107,913,791
85,76,793
675,336,793
825,16,794
541,83,795
260,719,795
900,667,798
538,541,799
873,765,803
888,407,804
247,743,805
709,423,805
180,779,807
667,714,807
156,923,807
918,950,808
834,889,808
134,328,809
138,823,810
35,306,811
539,963,811
516,27,812
598,488,812
634,388,812
889,691,812
240,296,813
279,899,813
178,902,815
664,332,816
407,760,822
551,302,823
289,838,825
57,269,826
801,426,827
407,25,827
113,413,828
826,32,828
387,977,831
76,228,832
756,523,835
402,916,835
566,471,837
60,695,838
872,18,838
808,685,841
25,489,842
251,897,845
459,362,845
450,189,846
253,346,846
697,500,847
596,634,847
32,430,849
718,64,849
460,51,850
803,632,850
901,648,851
349,728,852
626,80,852
934,513,854
960,271,855
901,34,855
504,737,856
479,300,857
647,373,857
923,993,857
148,884,857
469,622,857
704,68,858
367,835,858
141,750,858
556,856,860
53,355,864
143,868,865
793,981,866
919,385,867
610,380,870
776,377,871
591,727,872
813,702,872
356,198,873
933,127,875
722,31,876
256,487,876
961,966,876
580,463,877
622,913,878
858,333,878
443,848,880
496,514,880
866,288,881
316,938,881
331,456,884
615,447,884
943,21,885
566,578,885
182,979,887
46,545,889
806,261,892
922,286,894
919,669,894
613,467,894
89,589,895
938,368,896
584,24,896
903,940,897
911,325,898
161,402,899
795,766,900
345,440,900
314,25,900
953,312,900
953,779,900
162,134,901
679,915,901
179,995,902
734,357,903
188,935,903
644,102,904
247,760,904
370,866,906
412,171,906
152,706,908
91,273,908
239,606,910
779,242,913
227,378,913
503,283,914
290,582,915
436,354,915
768,332,916
693,895,917
478,898,918
33,48,918
33,74,918
953,431,919
551,691,919
39,658,920
635,399,921
807,82,923
382,61,925
734,830,926
370,560,926
351,85,930
19,378,930
887,579,931
403,801,932
284,28,934
398,757,935
434,235,936
41,112,937
182,502,937
961,632,937
392,112,937
960,857,939
125,226,941
570,825,941
532,598,942
218,666,943
118,163,945
806,687,945
614,358,946
446,103,946
99,586,948
347,3,948
663,549,949
285,599,949
935,239,950
692,406,952
5,411,953
40,308,954
988,641,955
519,490,956
522,760,958
879,497,959
499,977,959
786,20,959
53,832,959
715,92,960
868,796,960
462,29,960
645,295,960
664,666,960
876,887,962
746,190,964
597,223,965
590,374,968
825,212,970
426,789,971
571,531,972
57,58,973
31,720,973
27,106,974
578,156,975
908,170,975
715,492,977
411,59,977
549,577,977
64,355,978
597,907,979
762,647,980
153,481,983
453,55,983
209,399,984
719,81,985
903,738,985
889,304,985
191,246,985
606,906,986
854,117,986
396,796,987
342,884,991
575,18,992
598,356,992
52,666,992
172,622,993
422,504,994
485,742,995
940,33,995
683,735,1
862,202,1
