824,151,1
540,143,3
972,415,4
803,607,5
66,172,6
99,357,7
336,9,7
563,213,9
590,394,9
792,502,9
664,741,9
558,732,11
167,922,12
168,448,12
904,791,12
416,791,13
934,113,13
268,111,14
950,870,14
76,835,14
988,180,15
429,755,15
838,164,16
192,896,16
869,658,19
978,703,20
75,627,23
41,993,23
99,63,24
70,18,24
71,707,24
997,225,24
107,457,25
458,610,26
439,425,26
574,360,26
792,942,27
453,716,28
136,183,29
625,571,32
176,211,32
498,921,34
391,581,35
670,939,38
344,478,39
135,207,39
375,174,40
819,837,40
557,263,41
661,255,42
209,501,43
941,231,44
403,165,45
934,58,47
768,148,47
749,261,48
519,775,50
396,55,52
8,996,53
152,746,53
233,907,53
976,465,54
677,309,54
319,39,55
114,765,55
94,58,58
866,194,59
600,227,59
820,239,59
609,480,60
612,714,61
612,193,61
886,121,62
313,974,62
588,176,63
395,434,64
843,110,65
352,850,65
266,634,66
292,300,67
837,62,68
320,362,68
41,583,69
301,957,70
339,512,71
507,445,74
726,813,76
451,51,76
597,919,76
834,621,76
983,285,76
566,942,82
942,665,82
622,207,84
597,311,84
60,727,86
834,79,86
570,249,87
892,238,88
49,637,88
798,709,89
857,261,89
155,776,89
989,645,91
393,335,93
308,592,93
440,662,94
671,209,94
161,474,94
776,77,95
928,278,96
128,536,96
583,338,96
325,29,97
849,452,98
742,159,99
488,783,100
784,377,100
958,37,101
733,644,103
536,235,103
963,264,105
243,177,105
390,979,106
682,399,108
535,844,108
745,891,109
280,766,112
578,740,114
705,650,118
545,164,118
97,263,118
100,991,118
75,417,120
499,888,120
36,632,120
799,540,121
112,706,122
551,624,123
967,59,123
673,31,124
887,549,126
913,84,127
701,298,128
508,897,129
888,201,129
684,293,129
28,226,129
355,360,130
533,0,131
175,298,133
322,757,134
335,922,134
121,248,135
551,454,135
623,961,137
268,108,137
724,335,138
661,532,138
520,272,139
918,256,140
562,702,141
480,849,144
825,422,146
641,770,147
672,619,149
529,681,149
64,112,150
430,609,152
754,981,153
508,984,154
68,321,156
936,86,156
638,960,159
328,221,160
797,20,162
19,677,162
83,160,162
816,668,164
818,42,165
449,935,165
106,935,166
5,558,169
364,107,172
646,500,175
360,582,176
430,688,179
414,340,180
882,501,182
78,392,184
678,522,185
947,43,185
251,82,188
277,767,188
664,329,188
853,405,189
167,909,190
734,214,190
290,952,191
699,471,194
717,187,194
391,352,195
926,319,198
893,933,198
953,516,199
825,108,199
522,533,199
934,903,200
417,555,201
132,545,201
771,653,201
242,579,201
616,556,201
175,470,201
399,892,202
490,650,203
688,480,204
592,6,206
343,215,207
75,802,208
103,162,208
930,638,209
191,435,209
372,843,210
259,396,211
689,206,212
907,638,213
810,428,213
36,255,216
876,202,217
96,801,217
553,408,220
461,928,220
928,566,220
343,551,221
248,474,221
323,258,221
961,410,223
259,935,224
904,726,225
567,639,225
7,85,226
103,622,228
799,785,229
839,583,231
442,685,232
305,302,233
734,982,233
579,433,234
346,486,237
318,699,237
889,366,237
813,441,238
441,400,239
941,682,239
879,456,240
620,281,241
996,562,242
305,877,242
623,23,243
725,272,243
232,990,244
916,773,245
361,362,246
216,566,247
40,244,247
40,604,247
406,120,249
383,768,249
194,659,249
611,149,249
421,513,249
83,57,249
272,956,251
349,275,252
410,307,252
701,344,254
788,572,255
9,579,257
485,539,258
214,831,260
984,428,260
811,418,262
123,163,265
612,560,265
995,253,267
908,350,268
675,64,268
615,333,270
942,475,270
821,765,270
100,846,271
492,882,271
824,733,272
343,268,272
68,104,273
483,661,274
968,712,275
806,510,275
946,213,275
898,130,277
731,352,278
845,77,279
409,10,280
646,587,280
15,499,280
132,835,281
38,646,281
30,473,283
977,63,285
322,728,288
863,210,288
378,817,289
687,297,292
437,279,294
507,878,294
100,645,296
848,223,297
567,307,298
500,466,299
884,744,299
343,492,299
803,333,301
320,530,302
229,973,302
141,519,303
586,739,306
246,332,306
682,251,307
266,222,309
710,474,309
774,273,311
685,246,314
154,496,315
170,389,315
164,503,318
274,693,319
474,910,319
94,837,321
923,375,321
273,365,323
469,399,323
276,158,323
222,226,325
708,61,327
350,865,327
64,206,327
97,702,330
910,549,331
53,110,331
987,359,331
131,447,331
404,386,334
694,723,334
766,144,334
993,803,336
372,946,337
578,600,338
965,370,339
360,45,340
981,204,345
655,337,346
457,507,349
438,265,350
300,239,350
382,634,352
451,484,352
982,902,352
832,656,354
222,444,355
898,407,356
876,940,357
389,858,357
399,912,358
898,596,359
832,861,360
289,727,360
244,107,361
648,863,362
670,945,363
745,954,363
338,407,363
100,740,364
755,83,364
991,415,366
994,934,366
391,718,366
80,981,367
203,213,367
910,567,367
471,311,367
976,917,368
897,595,369
469,34,370
110,566,370
348,336,372
122,986,373
399,184,373
911,199,374
694,758,374
74,954,376
116,761,376
464,572,376
635,845,377
851,432,377
310,744,378
823,297,380
317,992,381
891,326,384
126,272,388
575,91,391
961,507,391
784,444,392
393,987,393
757,888,394
847,565,394
169,226,395
526,326,396
238,921,396
273,194,396
466,105,397
773,493,398
308,246,398
666,989,400
368,979,400
349,964,401
154,83,402
394,742,402
164,552,403
827,214,405
989,99,407
295,268,407
861,815,408
368,632,410
104,498,410
471,369,412
273,283,412
732,801,416
17,342,416
550,381,417
378,407,420
732,601,420
525,256,422
170,5,424
435,204,424
205,126,426
564,153,427
171,250,429
409,130,430
357,83,431
647,50,431
189,732,431
670,743,431
202,782,432
448,84,437
902,120,437
364,382,439
355,719,440
150,32,441
295,922,445
426,26,445
733,565,445
415,498,446
385,552,447
806,302,447
912,483,447
530,716,449
789,761,449
617,10,449
837,385,450
390,825,451
887,918,454
455,129,455
936,572,456
534,37,458
548,887,459
219,750,459
240,217,459
837,382,459
983,649,460
823,542,461
567,875,462
864,50,463
382,897,464
423,875,464
148,421,466
444,601,466
273,954,466
450,39,467
122,22,470
609,640,471
51,596,471
886,775,471
738,195,472
930,902,472
330,65,473
104,225,474
284,85,474
388,62,474
875,148,478
956,931,478
768,390,478
700,901,479
855,185,481
557,897,483
445,271,483
425,482,483
670,332,484
735,227,485
774,423,486
903,821,487
752,715,488
152,162,491
870,278,492
782,899,492
704,289,495
966,98,496
238,299,498
177,412,498
60,246,498
89,299,498
408,930,501
703,598,504
760,201,505
0,832,505
566,562,506
728,421,506
921,421,507
516,58,508
662,616,509
924,510,510
971,865,511
254,941,511
671,767,512
464,710,513
581,32,514
238,532,517
619,620,518
817,836,519
641,716,519
922,515,519
940,238,521
905,262,521
904,312,522
732,635,522
131,370,525
528,395,527
323,613,527
247,798,533
867,749,535
84,131,535
836,889,535
273,493,535
71,164,538
181,815,538
577,967,539
440,445,540
828,594,540
498,60,541
180,459,542
691,669,542
526,528,543
63,792,545
61,764,545
559,383,545
807,190,546
917,923,546
305,281,547
443,395,549
124,712,549
562,793,550
280,49,550
338,384,551
183,913,552
765,591,552
179,361,552
835,2,553
351,439,554
991,226,556
199,337,556
358,879,558
44,233,560
918,982,561
479,986,562
991,432,563
580,616,565
685,674,565
792,548,565
926,449,566
375,844,566
20,199,567
101,803,568
902,398,569
515,644,570
690,827,572
842,743,573
208,661,574
758,263,574
414,87,574
859,211,574
842,249,575
782,248,576
835,35,579
673,285,580
939,284,580
81,885,580
44,18,581
389,602,581
184,146,581
932,958,582
138,466,582
580,643,583
666,639,583
70,401,583
150,270,583
614,702,583
192,325,584
809,468,584
195,967,585
918,893,586
144,133,587
900,414,587
995,686,588
143,721,588
406,813,589
392,459,591
966,714,592
958,524,595
16,495,597
536,248,597
452,26,598
467,629,599
563,988,600
992,143,600
663,623,601
156,676,601
864,972,602
353,905,604
164,339,605
89,446,605
946,282,606
629,172,607
415,661,608
252,696,608
38,231,608
11,247,610
598,647,610
198,553,610
469,992,610
749,621,611
248,37,612
555,694,614
848,358,615
409,623,616
553,992,618
461,45,619
614,975,619
243,540,621
274,433,621
486,301,622
676,154,623
832,385,624
472,92,624
780,83,625
951,970,626
695,116,627
324,462,628
378,306,629
124,647,630
446,537,630
650,811,632
591,292,632
878,546,632
273,552,632
167,868,633
679,547,638
817,262,638
509,116,639
796,458,641
23,885,641
361,606,641
47,978,642
777,335,642
91,27,642
237,204,643
239,18,645
195,951,645
83,935,645
408,179,647
30,768,647
886,881,647
390,978,648
635,917,648
866,128,648
608,897,649
863,366,652
563,186,653
411,446,653
48,946,654
172,322,654
53,594,654
404,488,655
725,383,656
912,221,657
6,240,657
354,655,657
283,617,658
752,817,658
706,155,658
260,90,658
817,161,660
295,146,660
56,281,660
977,219,664
360,581,664
70,744,665
922,6,666
928,576,668
268,213,669
336,276,669
898,960,671
104,395,675
957,689,676
229,599,679
849,105,681
764,614,683
375,133,684
813,320,685
125,803,686
30,519,686
936,927,686
332,442,688
529,613,688
560,71,689
768,489,690
122,15,691
262,313,694
386,912,695
88,787,695
552,729,696
431,475,698
78,106,698
160,806,698
220,15,698
751,93,699
834,993,699
537,971,699
126,943,701
823,732,701
781,164,702
722,736,704
925,270,706
966,628,706
227,952,707
38,643,708
83,524,711
282,241,714
521,228,716
773,850,716
115,944,716
444,535,717
756,689,719
980,915,720
24,998,720
768,990,721
765,11,721
860,100,725
931,735,726
348,322,727
90,752,727
161,700,728
254,647,728
226,584,729
19,422,729
755,228,730
346,819,731
603,837,731
491,465,733
666,326,734
842,251,738
911,630,738
261,111,740
755,148,740
254,751,742
517,640,745
133,611,745
328,847,750
878,280,751
522,935,751
2,438,751
755,353,751
594,456,752
255,215,752
224,288,753
547,387,754
766,262,754
262,61,755
435,926,756
683,306,757
548,29,760
865,823,761
604,578,761
833,387,762
865,909,762
561,961,762
50,55,763
764,263,764
19,887,764
180,371,767
18,12,769
363,369,769
649,303,769
689,605,773
912,718,774
78,569,775
172,871,777
621,992,777
641,884,777
399,36,779
796,837,783
39,938,783
602,84,784
330,16,784
303,532,784
645,489,785
608,782,786
194,551,786
31,293,788
791,232,788
45,166,789
776,475,791
413,740,791
109,881,792
35,641,792
748,505,792
557,24,793
947,599,797
344,20,798
113,25,798
307,213,800
555,615,803
778,636,805
849,176,805
373,539,805
795,553,808
420,663,808
338,784,808
877,935,810
218,811,812
912,867,815
221,256,815
759,46,816
510,559,817
507,416,820
498,838,820
210,366,821
515,793,821
773,55,822
363,184,823
568,932,825
839,158,826
547,797,826
544,469,826
777,666,828
353,292,828
994,700,830
573,962,830
76,953,832
891,5,832
655,485,832
245,234,833
183,901,834
621,42,834
544,404,834
832,469,835
694,81,836
822,505,837
217,260,837
724,978,838
535,42,839
925,683,839
899,959,840
556,300,840
544,129,840
862,43,841
839,655,841
600,655,842
37,996,846
658,743,847
217,727,850
319,874,851
327,75,851
50,66,851
283,134,852
770,857,854
372,959,855
937,333,856
992,759,856
202,743,858
978,143,859
693,245,861
941,127,861
702,115,862
885,559,862
52,774,863
867,847,867
422,771,868
62,654,869
539,762,869
303,41,872
666,707,877
286,84,878
960,308,879
119,327,882
469,301,883
974,656,884
354,808,884
730,486,884
507,340,885
901,178,886
256,529,888
902,348,889
220,167,889
581,276,892
776,782,892
34,418,892
720,368,893
222,723,893
296,370,895
929,894,897
360,82,899
174,64,899
886,776,902
936,154,903
55,523,903
476,636,903
570,816,904
16,269,905
362,308,906
186,563,906
467,353,907
131,705,909
157,624,911
932,373,911
439,886,912
459,91,912
584,410,912
381,733,914
542,707,914
287,493,915
819,284,915
642,19,915
358,655,916
754,213,916
41,367,916
73,798,917
414,441,921
534,567,923
475,969,927
121,267,927
28,87,928
563,614,929
231,867,931
810,324,932
663,88,933
722,995,933
499,763,935
670,220,936
274,378,938
113,963,938
641,136,939
560,206,939
572,441,940
467,389,940
514,729,940
570,297,941
235,256,943
944,437,946
900,869,948
719,770,950
993,584,951
366,709,952
760,117,955
185,117,957
838,731,958
149,479,958
665,116,958
316,66,959
946,199,959
927,253,960
88,743,960
315,286,961
681,744,961
89,990,964
389,324,965
631,489,966
42,668,970
482,366,971
560,852,972
46,240,972
372,796,974
140,57,974
236,515,977
188,729,977
453,193,977
1,217,978
164,743,979
985,320,980
96,497,981
79,861,982
332,860,983
425,367,983
999,770,984
908,933,987
914,716,988
915,43,989
212,322,990
872,600,992
999,612,993
344,921,993
520,948,995
506,999,996
121,319,999
