922,417,1
823,256,2
700,675,2
594,529,7
338,260,7
155,556,8
870,311,8
358,975,8
324,66,8
140,507,9
919,521,10
353,188,11
762,828,13
462,57,13
217,99,14
273,268,16
132,744,16
654,486,17
734,540,18
910,645,18
942,845,19
687,216,19
579,248,19
898,425,21
106,640,21
430,659,22
307,887,22
234,386,23
231,554,24
435,469,24
866,53,25
714,337,25
977,725,27
767,339,29
263,262,29
909,462,30
540,893,32
201,264,32
269,566,32
675,599,32
922,192,32
795,157,33
811,72,33
953,671,34
32,231,35
970,832,36
914,845,36
926,23,37
900,937,38
118,856,38
531,19,38
69,470,39
153,897,41
252,595,41
803,764,42
361,864,43
263,666,44
886,350,45
21,167,45
415,794,45
813,915,47
963,444,48
310,822,48
18,502,50
858,666,50
85,997,50
696,286,52
479,519,54
372,753,57
666,179,58
510,251,58
602,957,58
909,894,59
250,831,59
15,873,60
342,238,62
157,634,62
502,877,63
393,145,64
850,216,65
106,291,66
312,945,66
884,814,67
683,718,67
983,345,68
501,320,69
365,752,70
47,170,70
966,539,71
539,497,72
705,604,72
309,316,73
316,361,74
100,525,74
227,499,74
131,546,74
732,842,76
759,329,77
968,555,77
111,987,78
568,558,81
769,224,81
884,992,84
693,627,84
395,566,85
415,795,87
117,787,88
789,89,90
402,995,90
976,170,90
376,717,90
336,27,90
268,101,91
264,337,94
465,848,94
4,359,95
286,979,96
288,13,96
636,787,98
381,317,98
398,555,102
317,51,102
476,222,103
763,991,103
189,103,103
283,603,104
675,521,104
383,125,105
408,228,106
123,230,106
214,583,107
629,32,108
521,804,108
553,846,110
468,81,110
751,917,110
857,861,111
539,50,112
548,583,113
434,450,114
185,825,115
970,828,115
748,214,116
639,260,117
470,766,120
778,19,120
653,946,121
858,602,121
70,899,121
813,53,123
887,480,125
189,682,125
505,433,126
77,437,126
393,91,126
522,283,127
293,315,127
472,822,130
202,17,131
834,190,132
843,867,134
51,913,135
389,668,137
618,359,138
511,989,138
103,266,139
820,56,140
24,695,141
186,588,141
624,257,142
620,607,142
113,500,143
655,517,143
385,2,144
850,238,145
601,944,145
906,765,146
460,82,147
486,828,147
592,290,147
982,758,148
607,926,149
667,256,149
377,704,151
441,143,152
657,87,153
379,489,154
229,738,154
772,256,155
518,263,155
485,840,157
250,199,157
352,836,157
75,970,159
758,521,160
176,570,160
515,989,161
636,298,162
651,219,162
904,860,163
460,386,164
609,386,164
608,392,165
150,709,172
388,715,173
468,832,174
214,795,178
977,751,178
492,323,179
486,699,179
105,740,181
472,35,181
921,897,181
280,165,182
133,366,182
672,73,183
323,458,185
789,301,186
982,534,186
921,803,186
899,996,186
625,818,186
348,164,188
551,475,189
87,347,189
129,519,189
157,497,190
936,452,192
501,29,195
189,940,195
878,776,196
656,135,196
803,590,197
57,354,201
484,955,201
337,277,202
835,69,202
899,237,202
855,925,203
795,409,205
956,163,206
719,353,207
396,967,207
596,131,207
506,778,208
297,438,208
168,448,209
451,261,211
155,799,212
479,946,213
104,770,216
864,28,216
675,949,216
678,901,217
246,350,217
612,275,218
402,661,221
798,139,221
873,786,221
288,497,222
635,726,226
90,744,226
601,724,228
821,435,230
495,273,232
99,172,233
561,521,233
752,25,234
791,800,234
232,211,235
729,287,235
615,967,236
481,270,237
338,655,238
829,89,239
539,229,242
23,332,243
803,790,244
247,189,245
911,108,245
151,283,247
999,242,248
600,760,249
600,144,250
645,550,251
387,730,252
708,476,254
41,641,255
804,830,256
728,819,256
526,424,257
888,804,260
382,322,260
240,367,260
11,373,261
619,703,262
547,751,262
911,31,265
390,428,265
9,914,266
831,167,267
608,806,267
207,270,267
422,663,267
400,806,268
81,313,268
154,212,269
268,354,270
914,562,270
274,370,271
124,426,274
348,131,274
885,232,275
490,728,276
71,822,278
171,192,278
880,137,281
606,512,282
826,467,282
931,9,285
494,886,285
498,291,286
565,456,286
7,787,287
116,614,287
364,439,289
696,49,289
758,725,291
560,865,292
361,700,292
443,188,292
420,75,293
443,352,294
528,795,295
373,2,295
489,576,296
324,747,296
380,651,296
265,607,297
992,971,298
264,737,298
281,275,298
813,495,299
621,258,300
927,820,302
435,990,302
362,474,304
967,190,304
329,289,304
483,649,306
321,712,308
890,611,308
122,386,308
563,354,309
975,9,313
90,981,313
332,165,313
65,248,315
554,768,315
508,287,315
489,499,316
990,578,316
433,119,324
97,191,324
695,979,329
706,618,331
887,320,333
853,19,333
64,674,334
637,116,335
6,885,336
455,481,336
339,958,336
197,181,337
215,156,339
216,757,339
923,300,339
223,105,341
38,33,343
307,759,343
932,865,343
53,434,344
320,741,344
563,452,345
875,893,345
772,422,346
375,487,347
290,822,347
227,675,348
847,231,348
435,37,350
634,460,350
763,336,350
769,139,353
414,870,354
136,152,356
230,930,360
615,527,360
84,464,361
205,175,362
491,380,362
938,136,364
414,37,368
474,642,368
814,833,369
502,200,370
466,70,371
635,310,372
323,639,373
638,290,374
949,832,375
357,563,376
33,331,376
275,161,377
741,70,378
650,134,378
295,36,378
168,988,379
393,289,379
82,971,380
503,953,381
282,900,381
221,108,382
436,299,384
102,757,384
224,814,384
683,461,385
819,920,388
303,119,389
792,44,390
407,127,392
683,114,392
355,390,392
362,767,393
695,70,394
84,602,394
545,606,396
23,264,396
555,766,396
202,736,398
455,255,400
279,583,400
267,337,400
712,154,401
410,992,402
530,213,403
103,196,403
394,905,404
932,431,405
113,568,406
992,960,406
623,472,406
816,448,408
305,452,409
368,798,409
419,755,409
322,548,410
842,414,410
803,495,411
279,131,414
841,136,416
772,948,416
875,231,416
759,122,417
144,519,417
717,394,417
535,411,419
660,206,420
359,215,422
456,226,424
604,847,425
691,11,426
676,949,427
488,545,427
343,946,427
478,530,428
330,365,428
318,831,428
860,188,429
478,177,432
367,331,434
423,202,435
151,139,436
483,185,439
667,83,439
399,978,442
47,645,442
791,478,442
273,134,445
770,578,446
357,429,446
973,257,451
456,220,453
3,888,453
655,551,453
45,546,455
107,172,455
273,240,456
657,10,458
450,170,460
948,899,462
203,873,462
970,434,463
231,840,464
298,334,465
333,899,465
165,559,469
103,31,469
419,979,470
347,432,470
648,480,471
779,210,472
128,783,472
77,320,475
831,309,475
690,173,475
576,940,476
919,650,476
0,562,477
168,531,478
577,915,480
256,543,480
18,196,481
337,688,482
1,820,485
662,56,487
534,52,489
850,341,492
295,461,494
320,897,494
674,569,496
561,637,497
975,897,498
521,100,498
487,37,498
804,717,498
724,816,498
897,232,501
928,671,501
441,993,503
12,879,503
962,84,506
189,587,507
210,392,510
396,300,511
182,24,511
949,674,512
474,244,512
614,389,512
190,209,512
855,653,515
887,923,515
949,183,516
953,260,517
597,750,517
343,611,518
556,950,522
345,749,523
647,920,523
395,88,524
155,718,525
65,244,526
685,965,526
843,760,527
41,7,528
980,999,529
795,98,533
750,679,535
809,948,538
940,337,539
577,806,539
666,935,539
874,531,539
582,983,540
216,399,540
808,247,541
930,104,542
708,320,542
964,845,543
546,259,543
978,674,546
91,748,546
701,255,547
322,1,547
826,545,548
247,716,550
882,439,552
671,656,552
901,543,555
257,542,555
360,991,556
596,569,556
112,500,556
85,309,557
339,988,557
639,732,557
650,394,563
219,226,563
17,881,563
313,869,568
415,831,568
986,572,569
232,961,572
570,411,572
906,319,574
411,376,575
505,19,576
627,722,576
962,960,577
954,151,578
649,795,579
972,996,579
880,800,581
529,832,582
838,122,584
435,147,585
719,152,585
581,754,586
184,164,587
535,464,588
35,853,591
904,863,591
698,507,592
419,215,593
152,425,595
71,610,595
943,630,596
2,524,596
426,137,598
932,325,598
703,333,599
706,4,600
29,574,602
2,3,604
89,138,608
380,776,610
522,625,611
129,297,611
673,596,612
253,262,613
248,420,613
66,102,614
344,644,615
376,802,616
440,617,619
357,487,619
674,472,620
873,928,621
697,697,623
394,467,627
795,679,627
568,524,628
411,58,632
827,714,636
567,596,637
590,463,638
756,974,638
170,301,640
292,920,640
220,209,640
110,486,641
125,683,642
167,786,642
865,959,643
675,195,646
361,192,646
579,455,646
597,973,649
397,424,651
445,963,651
995,232,652
740,867,653
841,575,653
136,2,654
791,833,654
877,107,654
669,562,654
31,914,654
503,941,654
480,311,657
437,410,657
683,953,657
119,615,658
828,210,660
233,86,661
990,562,661
55,634,666
996,695,668
568,526,668
452,615,669
462,319,669
738,544,669
394,699,670
724,98,671
187,38,672
135,57,674
225,613,674
320,872,675
29,591,682
110,100,683
308,178,683
686,965,683
798,669,683
796,508,683
547,38,684
863,851,684
119,213,685
295,895,688
222,646,688
817,214,688
447,887,689
116,247,689
338,61,689
586,702,690
984,816,690
842,784,691
256,861,694
184,563,695
744,389,696
474,943,696
733,507,697
107,877,700
193,900,700
542,99,700
614,967,704
563,746,705
577,794,706
86,768,707
279,996,707
406,185,710
748,400,710
142,248,710
49,137,711
236,44,711
882,284,711
129,982,715
52,183,716
736,797,716
922,779,717
171,622,719
462,21,720
242,158,722
846,750,722
303,88,722
655,279,722
715,842,723
181,273,725
890,769,725
178,828,728
7,233,729
159,680,730
773,945,730
912,925,732
553,834,733
744,501,735
275,222,736
779,429,737
383,738,737
989,78,737
563,953,738
130,502,738
32,971,738
140,97,740
792,862,740
6,476,742
367,241,742
49,880,743
740,399,744
821,668,745
924,630,745
802,437,746
149,277,747
498,981,748
423,687,751
610,226,751
444,423,752
804,930,756
768,222,757
683,209,757
585,72,758
324,367,758
817,905,759
990,680,762
775,795,763
501,676,764
884,664,765
675,135,766
967,518,767
85,450,770
849,787,770
137,136,773
154,730,773
327,833,776
379,213,777
797,644,778
309,516,781
881,680,781
299,649,781
441,870,783
980,163,783
855,779,784
530,185,785
665,295,786
411,290,789
501,578,790
797,257,791
730,645,791
303,975,792
50,217,794
496,927,796
752,594,797
677,239,797
856,587,799
918,193,800
211,465,801
212,966,801
629,228,802
810,696,802
978,654,802
734,908,802
131,389,802
18,375,803
169,403,804
441,185,804
638,873,804
370,446,805
309,652,808
656,952,809
227,664,810
606,235,811
944,247,811
783,88,811
159,345,811
306,693,812
407,442,812
752,112,813
715,476,814
207,618,814
703,219,815
872,569,815
248,678,816
861,944,819
957,386,820
971,164,825
964,479,825
417,411,826
385,519,828
925,126,828
355,305,829
733,248,830
533,793,832
892,547,832
136,919,833
575,531,834
917,723,835
647,27,837
317,951,838
668,382,839
729,137,841
674,770,841
690,165,843
188,262,843
703,414,844
976,121,846
195,610,846
653,757,848
493,739,848
627,772,848
143,656,850
88,255,852
583,21,854
980,48,855
371,298,857
272,361,857
637,103,857
141,197,858
355,902,858
626,135,860
38,791,860
586,140,862
80,278,862
470,244,864
150,597,865
678,138,866
538,994,866
303,396,867
676,922,867
666,261,867
944,979,867
163,256,868
464,884,868
469,962,868
141,430,870
523,386,870
678,999,871
472,768,872
840,262,872
121,383,873
386,728,874
519,672,874
745,539,875
512,533,875
980,384,878
477,708,882
918,989,884
506,35,885
221,272,886
742,686,889
670,692,890
38,706,890
530,437,891
729,138,891
172,220,891
726,908,893
927,874,893
805,821,893
839,914,893
367,786,894
772,259,894
48,455,896
58,912,896
779,991,898
779,715,899
970,13,899
472,222,900
531,783,900
891,795,901
536,723,901
122,322,901
170,76,901
134,69,901
50,310,903
443,765,903
53,172,905
951,304,905
527,60,905
721,28,906
242,898,906
80,406,908
648,829,908
642,492,909
676,379,911
186,588,912
805,482,912
26,571,913
519,245,914
688,109,918
505,602,919
523,844,924
5,186,925
855,221,926
969,900,930
40,603,930
960,965,931
842,260,931
649,7,932
44,449,932
80,987,932
917,649,934
614,278,934
225,797,935
982,235,937
780,534,938
224,216,939
138,117,940
123,994,946
516,552,946
307,275,946
185,699,947
110,223,947
676,711,948
644,840,948
41,997,951
898,359,952
223,485,954
791,694,954
44,196,955
152,600,956
113,896,957
654,139,957
497,122,959
578,236,961
480,156,961
580,314,963
734,478,963
142,237,964
482,609,965
667,235,966
536,941,968
736,223,970
432,980,971
167,293,971
326,318,971
774,309,972
813,591,973
629,818,974
639,932,975
183,863,979
394,285,980
704,625,981
398,44,981
411,728,983
206,739,984
371,148,984
881,521,986
547,461,986
542,359,987
43,261,988
255,951,990
859,693,990
395,300,990
602,640,992
155,437,992
803,168,993
768,820,993
273,235,993
54,80,994
453,347,994
555,923,994
585,896,995
784,686,995
695,167,998
583,84,999
