29,64,0
904,295,1
318,145,2
135,162,2
407,840,3
891,548,5
759,681,6
722,308,10
252,653,14
8,976,14
993,21,14
547,348,15
873,803,17
484,345,17
916,620,17
140,244,19
396,969,20
457,365,21
951,517,22
312,966,22
220,196,26
938,633,26
19,95,27
190,256,27
340,203,27
148,187,28
871,505,29
684,846,30
976,146,32
909,724,33
276,939,33
400,505,34
969,199,34
794,714,34
217,857,35
445,330,35
38,167,37
984,155,38
701,79,39
845,245,40
785,996,41
710,332,42
893,777,43
18,832,47
0,415,49
764,73,49
740,865,49
274,758,50
740,519,51
835,729,54
889,801,55
743,273,55
438,194,55
964,0,57
798,526,57
55,914,58
836,788,62
753,469,63
865,304,63
565,896,64
15,69,64
431,812,67
744,972,69
114,670,72
588,390,72
961,718,72
953,177,72
500,576,72
780,93,73
235,929,75
287,329,77
586,225,78
874,145,79
584,41,80
644,469,82
930,293,83
308,708,84
744,508,86
486,700,87
25,530,87
834,747,88
556,577,88
230,644,91
893,959,92
542,781,93
177,50,94
875,754,94
792,953,95
224,581,96
634,325,96
917,227,96
332,67,97
998,548,97
687,580,97
232,659,99
160,665,101
247,331,101
30,879,102
712,448,102
768,602,103
655,477,104
12,503,104
463,973,106
366,796,107
680,731,107
344,651,108
952,883,110
531,431,110
735,748,112
49,650,112
808,879,115
420,577,115
872,622,117
694,446,117
278,786,117
480,985,117
317,793,120
253,546,121
213,599,122
936,46,123
459,317,124
105,962,126
649,892,126
6,563,127
154,64,128
709,104,128
824,429,128
449,504,129
342,286,130
808,690,132
386,571,133
394,838,133
641,297,133
306,955,134
732,381,134
686,952,136
795,238,137
706,359,138
695,197,139
917,391,139
365,529,140
900,774,141
638,391,141
861,118,142
466,799,142
21,507,143
208,866,143
517,878,143
225,663,145
590,370,145
406,313,146
906,885,147
293,341,148
388,121,151
636,494,153
483,374,155
108,598,157
442,529,157
212,696,158
393,483,158
976,54,161
545,490,163
147,420,163
476,684,164
146,580,164
517,551,164
175,308,165
657,288,167
584,649,167
256,981,167
600,287,168
848,584,169
410,513,169
75,721,171
109,561,171
423,352,172
18,319,173
96,909,174
821,958,175
559,218,176
407,358,176
858,581,177
488,194,180
780,979,180
273,676,182
412,359,183
253,454,184
136,732,185
556,642,185
370,437,187
972,957,191
771,169,195
2,761,198
917,168,198
247,517,198
393,919,198
848,349,198
461,366,199
697,477,199
775,425,200
838,114,200
420,209,200
6,976,202
172,907,203
676,134,204
675,98,205
132,96,205
306,682,208
779,951,209
293,774,211
605,33,211
173,682,213
189,27,214
658,979,216
334,67,216
245,510,216
650,428,217
734,196,217
110,734,217
522,919,217
231,860,218
377,857,221
297,597,224
920,526,225
956,194,225
757,667,225
933,578,226
164,32,226
844,982,226
315,83,228
995,393,228
919,636,229
354,912,229
488,470,230
121,498,230
703,587,232
456,311,234
709,457,236
489,900,237
298,516,238
979,662,239
696,964,239
980,774,240
843,417,240
510,211,241
734,201,241
976,401,241
449,885,245
102,89,246
364,922,247
543,128,250
894,993,251
637,527,252
163,831,252
962,140,252
39,558,252
567,552,253
79,931,255
74,542,256
960,185,257
573,265,259
208,698,259
716,927,260
841,482,260
219,618,261
748,792,261
766,236,263
388,835,264
884,796,264
187,399,265
456,630,265
950,656,265
716,833,266
232,353,267
205,196,268
648,834,270
640,43,271
846,491,271
430,134,274
901,707,275
782,747,275
344,560,275
34,309,276
28,666,278
185,175,279
592,921,281
308,644,284
556,44,286
153,110,287
994,352,287
657,420,287
891,779,288
231,679,289
732,522,290
583,878,290
382,948,291
384,505,291
0,417,292
228,158,292
571,990,292
203,478,293
339,193,294
804,87,295
594,497,296
380,657,296
263,346,296
647,335,297
899,114,298
900,708,299
159,990,299
686,558,300
149,634,300
390,953,300
16,76,300
450,373,301
610,851,302
796,269,303
589,585,304
802,111,304
869,318,305
239,419,306
807,442,307
581,604,308
995,762,310
730,240,310
165,438,315
871,457,319
173,631,320
195,386,323
872,114,323
285,137,324
798,77,324
25,195,325
483,181,326
386,368,327
832,881,328
622,472,328
936,781,329
878,367,329
854,474,329
284,444,332
335,763,332
35,603,333
762,411,334
571,598,335
865,966,336
86,221,337
967,921,338
199,2,339
77,425,339
508,236,340
814,888,340
554,515,341
967,428,342
324,401,342
660,141,343
293,824,344
276,448,346
608,22,348
416,286,356
126,369,357
103,870,358
824,619,364
315,670,364
203,973,365
143,828,366
201,37,367
611,727,367
45,435,367
234,869,368
626,965,368
944,658,369
195,438,371
427,33,371
413,484,371
120,863,371
733,659,373
663,763,377
233,659,379
201,499,381
912,25,381
819,510,381
121,894,383
875,476,385
169,89,387
424,244,388
839,332,388
797,392,390
882,660,390
515,554,393
336,379,394
766,383,394
383,557,395
756,646,396
189,388,396
654,1,397
93,376,399
534,544,400
980,768,400
12,944,402
836,511,402
568,557,402
293,313,403
595,987,403
729,351,407
147,355,408
187,329,409
134,170,410
580,292,411
438,838,412
178,137,414
649,946,416
20,238,416
370,877,417
461,949,418
938,659,418
472,562,420
765,280,420
194,77,423
415,515,425
594,896,426
449,679,428
371,558,429
944,926,429
661,791,436
875,558,437
480,90,438
445,618,439
580,288,440
893,420,440
187,883,441
535,830,445
698,787,445
722,240,446
966,917,448
725,363,448
930,275,449
900,660,449
391,610,450
574,921,451
606,429,451
0,449,453
45,512,453
110,551,456
80,582,456
880,571,456
7,211,456
732,300,458
94,415,458
173,52,459
873,118,460
197,543,462
588,349,462
225,516,465
794,289,466
88,780,467
62,962,469
354,263,470
43,863,470
398,588,471
324,207,472
52,615,473
746,624,475
848,64,475
396,269,477
286,121,478
619,157,478
60,783,479
529,371,479
485,598,480
85,802,482
717,631,482
555,397,482
420,857,482
865,818,482
488,924,484
219,709,485
440,647,487
826,604,487
883,953,487
655,950,488
300,237,488
91,240,490
435,395,490
682,7,491
475,246,491
495,369,491
313,561,492
805,501,492
497,421,493
750,722,493
658,75,494
125,348,494
3,567,495
401,73,496
338,292,496
32,496,497
860,281,497
553,785,498
269,473,499
245,240,499
815,704,500
901,123,501
463,401,503
927,717,504
418,841,505
124,137,506
546,573,507
817,362,507
447,189,507
300,652,508
517,102,509
938,494,510
315,373,510
907,487,511
210,439,511
827,857,512
767,673,513
650,32,514
115,877,517
115,267,517
834,557,517
228,456,518
525,410,521
707,537,522
233,717,522
584,694,523
232,304,526
813,528,527
589,428,528
126,775,528
294,725,530
224,225,530
874,74,531
375,529,531
627,213,531
174,139,532
457,717,532
899,492,533
986,886,534
976,764,534
483,377,535
112,298,535
911,675,538
456,486,538
778,115,539
882,731,541
942,908,541
167,663,543
48,642,545
404,859,546
500,489,546
539,798,547
824,704,547
350,899,548
263,958,548
810,100,549
716,185,550
751,195,554
809,206,555
165,273,556
222,175,556
257,137,556
722,60,557
330,711,558
283,614,559
511,534,559
939,66,561
511,700,563
957,888,564
45,452,565
834,187,567
65,405,567
580,478,567
100,809,570
26,731,570
95,222,571
995,187,571
569,362,571
236,472,573
991,507,573
993,61,574
827,565,574
554,53,575
893,646,580
340,58,581
420,445,584
259,200,584
863,943,585
437,437,585
424,511,587
157,565,589
668,304,590
725,251,592
59,464,592
259,783,594
768,165,595
742,844,597
957,528,598
910,103,599
383,500,599
627,742,601
607,419,601
351,796,603
182,325,603
459,263,603
127,759,603
543,974,604
563,494,605
677,168,605
457,415,605
999,840,606
676,30,607
98,453,608
680,667,609
733,934,611
466,262,613
481,635,613
60,549,613
808,850,614
43,354,616
588,81,616
797,237,618
980,707,619
660,708,619
842,123,619
782,240,620
448,321,621
733,900,621
436,100,621
143,327,623
953,803,623
185,344,626
458,971,626
242,602,626
655,608,626
621,266,627
815,159,627
668,12,627
439,231,628
546,334,629
422,224,631
364,599,631
439,687,631
806,59,631
525,476,631
190,849,632
20,66,632
186,184,635
467,500,638
380,183,640
688,139,643
665,711,643
73,795,645
13,59,645
252,876,645
904,255,645
737,179,646
837,457,649
243,478,649
35,165,649
328,870,650
586,660,653
418,988,654
10,626,658
149,361,658
124,539,658
40,237,661
980,103,662
255,898,664
35,391,664
382,479,665
897,76,665
777,149,665
235,764,667
851,360,667
24,673,668
76,521,668
72,679,670
83,795,673
167,731,674
806,313,674
183,406,676
85,904,676
199,734,677
281,915,677
746,971,681
238,991,681
642,514,682
959,790,683
789,516,685
740,567,686
779,212,686
314,906,686
353,652,688
183,304,688
325,143,689
388,842,689
274,181,689
180,238,691
26,324,692
831,14,693
369,572,693
853,700,694
956,87,696
376,350,697
425,901,699
456,323,699
229,409,700
417,882,700
433,636,702
754,698,704
613,371,707
668,154,708
932,592,710
434,355,710
418,970,711
526,701,712
587,922,713
651,488,713
400,547,714
303,645,715
52,220,716
721,880,717
611,590,718
288,277,719
960,194,719
148,571,720
409,378,720
751,346,721
829,568,722
119,709,722
168,275,722
704,973,723
394,696,723
532,572,724
635,325,727
836,200,728
236,323,728
706,540,728
788,249,729
659,485,730
65,392,731
234,15,733
800,598,734
532,458,735
578,800,735
447,990,737
415,530,737
997,890,737
846,175,738
849,254,739
313,120,740
234,578,740
861,974,741
329,804,742
262,794,742
742,724,743
850,749,744
781,752,744
972,157,745
731,945,745
46,70,747
624,886,750
781,714,752
601,718,753
476,542,754
635,131,755
474,620,756
291,755,758
955,518,758
436,540,759
768,387,759
799,862,760
481,594,761
105,27,762
876,625,763
268,640,763
891,449,764
369,767,766
495,922,767
747,63,768
905,238,769
24,969,769
924,379,769
544,338,770
741,692,770
774,102,772
159,705,772
14,870,773
841,677,773
509,900,777
207,714,778
15,5,778
377,398,779
725,511,780
848,62,781
450,439,781
966,77,781
459,949,783
945,62,783
868,237,784
182,78,784
985,56,785
882,393,786
652,386,786
282,473,788
968,414,790
475,728,791
278,126,792
542,992,792
52,582,792
766,942,793
272,685,793
977,426,795
648,78,795
511,655,796
963,713,797
849,798,798
61,761,800
837,904,800
177,8,802
904,663,802
782,409,804
435,618,804
256,609,804
932,743,805
914,601,806
821,836,806
303,125,807
469,339,809
123,988,809
309,358,809
240,136,810
264,322,811
620,898,812
205,599,813
614,498,814
83,147,818
863,750,820
894,374,820
640,227,822
642,160,823
617,821,824
169,712,826
385,526,827
320,500,827
726,132,829
752,817,829
734,304,829
891,756,830
737,802,831
291,905,831
518,521,832
492,813,832
459,216,832
217,593,833
343,871,833
351,967,835
824,575,835
599,624,838
774,781,839
889,450,840
783,246,840
849,510,841
672,832,841
396,26,842
869,971,843
459,140,844
496,226,847
300,217,848
746,568,850
163,931,850
522,195,851
711,688,852
638,937,852
251,156,853
199,79,854
34,485,855
992,360,855
277,713,860
919,332,861
812,865,864
55,807,864
190,242,864
27,147,865
336,806,866
502,124,866
621,890,867
364,234,868
245,379,868
763,276,868
274,31,869
788,64,870
534,429,876
685,881,878
26,24,879
178,833,881
141,911,881
607,932,882
773,535,884
288,975,884
656,833,885
501,393,886
866,906,886
965,242,887
101,254,887
97,181,887
996,378,888
548,490,888
559,39,889
452,971,889
157,733,890
927,796,891
573,544,892
332,405,893
376,728,897
370,467,898
631,695,902
813,771,904
282,870,905
56,601,905
40,867,905
264,753,906
205,385,908
138,451,911
727,83,912
411,420,914
920,813,916
18,755,917
999,61,917
95,48,918
399,866,919
55,825,920
959,488,920
74,157,920
22,192,920
101,156,921
970,928,921
339,96,922
330,83,922
85,620,923
703,344,924
279,425,927
680,626,928
931,713,928
489,920,928
776,988,929
188,346,930
158,394,931
783,481,932
800,505,934
926,526,934
585,167,935
368,326,936
827,430,937
126,487,938
384,211,939
166,866,940
180,787,940
286,248,941
858,877,942
850,343,942
445,447,942
157,838,943
616,348,943
281,208,945
131,937,945
912,923,946
556,816,947
873,59,948
306,583,948
780,403,950
713,578,950
212,975,951
588,612,953
355,194,953
861,153,955
345,318,958
519,930,959
11,337,959
974,965,959
262,16,961
312,741,962
876,320,963
139,9,964
77,628,966
436,380,966
363,412,968
427,421,968
681,984,968
101,492,969
991,438,970
77,196,970
830,545,971
290,651,971
569,882,972
510,622,976
475,944,976
686,775,976
558,883,976
797,370,977
735,888,978
383,832,978
979,565,981
205,662,981
626,58,982
345,506,983
462,102,983
368,380,984
489,135,987
569,82,990
171,452,991
550,790,992
990,459,993
629,207,993
774,259,993
173,607,994
298,893,995
254,800,995
312,985,995
775,275,997
397,608,999
