246,520,1
747,774,7
737,492,8
665,380,9
240,606,9
366,812,9
358,971,10
47,494,10
969,852,11
937,12,11
481,313,12
318,516,14
869,297,16
990,110,17
939,216,18
869,609,19
749,444,19
695,496,23
899,494,23
731,184,23
571,856,25
934,349,25
929,78,26
646,524,27
687,257,29
366,232,29
394,968,31
910,964,31
936,649,33
726,62,33
500,66,34
474,994,35
691,833,35
881,783,36
807,974,37
101,864,37
364,623,40
850,920,40
944,303,41
169,917,41
704,991,43
457,638,45
173,345,45
894,476,46
109,821,48
767,982,50
561,908,52
208,25,52
405,387,54
942,545,55
435,261,55
282,910,56
800,360,57
510,389,59
781,927,59
410,20,59
701,97,61
288,356,61
473,566,62
14,994,64
900,381,65
387,227,65
644,457,66
72,585,66
960,75,68
542,703,70
0,438,76
670,509,77
186,181,77
234,169,78
819,624,79
35,40,82
269,389,82
108,650,83
636,47,87
743,982,87
793,922,89
748,804,91
867,716,93
127,391,94
823,806,95
267,605,96
187,884,97
701,736,98
932,895,101
776,526,101
480,619,103
511,361,105
667,824,106
588,261,107
382,796,107
729,67,108
355,89,108
957,317,108
688,962,109
407,771,110
490,314,111
533,578,115
895,669,115
117,196,115
221,985,115
385,345,117
733,545,119
875,939,120
262,395,121
709,244,123
12,67,124
856,941,124
440,531,127
890,599,128
329,746,128
428,183,130
895,36,130
865,565,130
314,735,131
452,802,131
135,182,132
420,672,133
185,298,133
305,558,134
240,93,135
637,332,135
174,910,137
768,420,137
226,648,137
181,978,138
696,312,138
652,659,139
793,344,146
852,524,147
361,238,147
424,723,149
678,991,150
139,456,150
529,178,152
769,696,153
947,246,154
237,517,155
453,949,156
382,742,156
439,654,158
247,789,158
150,763,159
418,18,160
953,21,165
629,790,167
229,14,168
378,856,169
637,426,172
213,914,174
703,307,177
262,706,177
968,829,178
758,865,179
51,213,179
236,165,180
412,486,182
390,601,184
328,72,184
707,520,185
401,946,185
342,835,190
254,672,193
673,93,193
248,724,193
356,560,195
423,538,195
994,77,196
328,235,201
697,692,202
977,974,202
452,404,203
906,323,203
433,635,205
156,874,207
986,64,208
307,715,209
365,417,211
539,411,211
857,456,212
439,173,213
644,588,214
882,439,215
451,782,217
15,971,218
101,826,219
800,362,220
231,898,221
200,799,221
900,421,222
305,583,223
1,712,224
478,627,224
436,410,226
597,234,227
11,581,228
661,93,233
3,630,234
746,832,234
316,683,237
473,473,237
698,7,238
849,619,240
303,254,241
409,401,242
606,720,242
929,529,243
168,963,249
443,759,250
629,808,250
382,133,252
2,153,253
641,822,254
85,510,255
64,140,255
386,556,256
26,864,257
257,987,258
952,936,258
213,160,261
200,207,262
712,377,263
331,272,264
882,690,264
577,484,265
308,371,266
290,8,267
590,840,268
972,200,268
718,245,269
188,772,270
419,655,273
990,792,275
283,429,278
188,846,279
626,707,281
375,998,281
427,530,282
418,842,282
641,802,285
951,715,286
422,408,287
731,32,287
351,570,287
266,306,288
132,500,291
839,937,291
887,597,294
638,308,296
924,104,296
706,236,297
787,810,298
975,129,302
846,325,302
504,90,303
961,392,304
473,196,304
893,323,304
267,786,305
834,815,305
234,561,305
533,110,306
327,872,306
211,707,312
187,413,312
589,48,314
384,398,314
957,499,315
527,81,320
362,512,320
765,545,321
553,644,324
314,474,326
331,330,328
311,420,329
819,829,331
720,286,331
963,123,332
895,43,333
439,545,333
720,302,335
541,109,336
325,715,336
63,43,337
92,574,337
888,45,338
413,225,338
298,36,339
516,591,340
467,286,341
785,109,341
553,45,341
286,905,342
533,984,342
651,29,345
10,360,347
98,56,347
781,132,348
80,327,350
902,742,351
352,691,352
312,38,353
145,980,355
530,342,356
915,821,359
505,222,359
928,545,361
949,380,363
633,758,363
659,642,365
95,271,367
328,933,368
676,389,370
239,505,370
222,916,370
197,902,374
620,916,375
116,390,378
25,114,378
79,149,378
52,950,380
954,943,381
688,478,382
993,42,387
556,750,393
328,972,395
329,87,395
82,709,395
866,549,396
299,102,398
949,834,398
226,532,399
592,785,401
786,810,401
839,788,401
219,169,402
964,715,402
485,38,403
107,981,406
781,653,408
752,508,413
603,192,415
535,41,416
955,982,418
148,652,418
366,414,418
103,464,419
227,247,420
392,458,422
678,576,427
220,497,427
269,614,429
326,958,429
302,597,431
16,995,435
781,277,437
901,819,438
54,62,439
130,439,439
841,660,440
432,536,441
639,835,441
700,967,446
802,546,447
194,13,448
452,543,448
961,601,450
562,644,453
266,0,454
233,949,454
718,992,455
15,363,456
441,551,457
218,869,460
725,688,461
667,671,462
607,236,462
915,689,464
184,507,465
391,333,466
204,17,469
578,20,469
207,148,470
723,529,471
828,676,473
523,620,474
441,132,475
321,760,475
936,140,478
340,561,482
364,385,482
615,0,482
806,204,486
675,311,488
235,601,489
182,957,490
761,787,491
304,999,494
846,981,496
860,538,496
225,824,497
892,253,497
457,665,497
109,812,498
696,729,499
71,287,499
149,708,502
181,133,504
329,221,514
596,611,514
528,631,519
344,225,519
534,236,521
890,137,521
915,238,524
650,588,525
230,259,526
539,524,527
290,145,527
277,425,527
868,891,528
80,230,529
317,88,530
866,163,530
694,811,532
409,939,532
804,580,535
754,611,536
377,407,541
825,766,542
571,128,542
620,265,542
3,876,542
227,738,544
79,647,546
913,509,546
26,546,547
382,955,547
294,304,547
252,150,550
460,943,551
69,54,551
338,888,555
49,917,558
110,140,560
326,406,561
262,509,562
521,862,563
884,237,563
291,13,564
842,309,566
236,44,568
974,687,568
394,209,572
788,425,573
641,326,574
770,281,578
807,997,578
767,197,579
6,458,579
248,21,580
500,834,580
177,583,581
176,185,582
139,638,582
363,599,584
950,905,584
787,259,584
393,323,586
926,570,586
77,418,587
5,513,589
668,829,590
817,807,590
702,695,590
660,351,592
293,820,592
290,866,592
636,318,593
772,610,596
662,270,598
360,504,598
119,963,601
545,615,604
609,893,605
689,35,606
506,91,606
278,92,607
306,38,607
757,418,608
782,472,609
811,344,613
369,13,614
503,754,614
669,770,614
262,220,614
332,690,615
32,862,615
884,895,615
883,369,617
498,161,617
413,617,618
880,27,620
813,962,621
364,228,622
482,537,625
202,339,625
214,833,626
506,939,627
412,651,631
986,114,631
230,438,632
485,125,632
665,484,632
935,174,635
635,886,636
642,298,637
578,342,638
616,31,640
604,528,640
783,963,641
245,189,644
364,737,648
813,362,652
957,883,652
359,10,652
351,417,653
161,880,654
22,204,655
633,138,655
19,141,658
655,855,659
210,297,660
744,232,660
948,546,661
932,717,662
456,534,665
160,658,667
167,711,668
411,212,668
293,123,670
236,393,671
850,609,671
194,255,672
164,684,674
263,674,675
447,571,675
651,194,676
945,66,677
21,204,678
176,602,680
589,764,685
805,869,686
315,838,687
810,957,688
642,463,688
1,118,692
626,573,693
538,992,693
597,623,696
971,436,697
350,189,697
540,966,698
215,73,698
610,627,698
661,690,703
982,172,705
839,944,706
368,894,706
22,732,707
200,645,708
630,686,708
140,999,711
479,801,711
90,81,711
593,748,714
512,836,714
341,118,716
73,474,717
647,838,717
568,49,725
597,942,726
105,144,726
889,326,727
947,554,729
452,208,729
596,835,732
10,431,733
145,987,734
764,305,735
449,972,735
374,860,735
964,607,737
513,861,737
237,320,741
817,116,742
368,627,742
675,410,747
79,167,748
918,869,748
54,402,748
230,373,748
98,845,749
394,303,751
822,92,751
234,261,753
356,51,753
363,917,754
965,695,756
984,895,757
670,473,757
49,137,759
951,994,759
149,502,760
462,191,761
539,519,762
171,756,762
565,422,764
59,368,764
666,929,764
94,741,765
690,847,768
547,210,771
33,289,773
760,611,775
792,863,775
94,299,777
654,323,779
550,943,781
604,3,781
668,506,783
379,2,785
561,874,785
458,662,786
952,55,788
440,487,789
479,139,789
587,707,790
487,621,791
565,641,791
86,719,792
432,336,793
820,664,794
560,535,794
998,54,796
940,364,796
130,104,796
607,725,800
926,849,802
667,160,805
352,601,807
789,283,810
875,464,811
865,920,812
101,945,817
239,654,817
546,197,817
902,201,818
818,713,820
353,797,823
537,953,828
507,544,829
342,731,830
797,878,830
217,413,830
245,71,832
809,796,833
156,43,833
750,671,837
775,685,839
428,861,839
196,883,839
304,898,845
94,816,845
921,9,845
760,565,846
563,304,850
426,349,850
155,799,855
276,78,855
496,624,855
23,890,856
65,172,858
865,904,858
393,67,858
138,152,860
12,2,862
401,380,865
611,346,867
415,990,869
832,224,869
677,477,869
13,461,870
609,560,871
299,265,871
729,516,872
816,219,872
212,96,874
842,192,874
431,541,874
988,515,876
820,425,876
987,786,879
984,366,879
305,969,881
965,505,882
491,778,882
828,170,882
474,115,883
869,352,884
398,98,885
794,880,892
835,300,894
998,635,895
39,541,898
310,889,903
119,41,903
449,654,903
822,482,904
509,160,906
126,213,906
388,89,907
548,698,908
93,589,908
332,987,911
684,109,911
27,487,912
475,773,915
140,454,916
370,795,917
187,20,919
329,589,922
644,374,923
184,808,925
969,235,926
159,568,926
172,685,927
443,335,928
49,209,928
805,979,930
7,835,930
695,913,930
206,978,934
495,939,938
560,364,940
942,894,941
321,573,941
188,671,942
596,808,947
269,446,948
845,199,949
272,518,951
215,515,953
148,468,956
933,768,956
470,114,958
644,714,960
453,406,962
762,679,968
315,134,969
998,931,970
543,337,970
634,365,970
194,101,971
966,111,971
645,243,975
814,403,976
734,95,977
314,231,978
336,68,979
861,784,980
45,713,985
387,658,986
858,313,986
113,486,988
405,605,988
259,706,991
813,448,994
149,51,994
345,435,995
746,720,995
257,985,996
272,984,998
657,459,998
