977,167,1
103,67,5
587,811,5
312,616,7
383,853,10
921,427,11
291,817,11
59,550,11
378,653,13
112,213,14
46,636,14
398,971,14
335,806,14
606,622,16
117,666,18
997,566,19
101,688,19
432,403,19
375,272,20
531,200,20
548,375,21
383,440,21
518,894,22
593,20,22
631,685,22
196,63,28
649,993,30
242,145,30
346,127,32
36,351,36
993,679,38
452,754,39
475,689,46
916,801,48
365,545,48
593,560,48
167,862,53
149,772,55
18,356,55
741,385,58
88,294,58
30,226,61
754,231,62
675,46,64
321,774,65
918,242,66
330,78,67
279,879,67
896,169,70
466,932,75
744,975,76
348,145,80
234,905,81
867,840,83
327,943,86
516,134,87
700,916,88
845,381,88
290,859,89
919,645,92
509,714,94
40,188,94
923,743,94
437,482,95
523,552,99
686,655,100
564,423,100
578,821,100
842,133,101
864,540,106
719,968,109
57,591,109
902,228,112
703,690,115
565,856,115
264,876,118
513,289,120
250,50,121
981,860,123
282,884,125
390,749,125
508,32,127
560,318,127
295,262,127
912,573,128
21,275,129
647,470,134
518,240,135
150,786,136
75,879,136
401,91,139
649,622,141
534,140,141
679,668,141
656,782,142
940,956,143
458,35,146
487,228,148
1,505,148
884,181,149
306,912,150
425,952,150
767,176,156
316,61,157
69,317,158
589,307,158
306,220,159
665,148,159
668,720,160
496,71,163
986,483,165
868,251,168
807,118,168
911,792,169
357,818,170
177,634,170
4,625,170
606,822,173
879,541,175
762,962,176
784,381,178
976,829,181
769,414,181
105,898,182
609,833,182
19,179,182
677,15,187
182,780,187
964,991,188
320,551,189
353,165,191
427,709,192
365,585,192
493,981,193
946,854,196
385,409,198
901,378,199
926,929,201
647,820,203
447,153,206
695,917,213
574,901,214
140,433,215
508,868,217
897,297,219
529,229,220
740,249,222
997,313,226
348,139,226
36,407,228
465,48,230
357,605,233
542,551,233
779,558,235
472,560,235
268,103,236
290,397,239
808,335,240
33,445,242
95,302,245
936,953,245
340,568,246
850,162,247
570,17,248
186,229,248
940,47,249
738,280,249
45,50,250
67,395,251
434,631,252
279,856,252
486,584,254
919,789,254
11,84,258
37,57,259
939,204,261
77,648,263
686,259,263
608,875,264
138,744,266
715,144,267
896,31,267
980,610,271
352,759,273
683,988,275
105,787,279
981,154,282
212,741,282
536,388,284
384,751,284
517,542,288
24,89,290
734,313,290
761,320,290
807,601,296
866,449,298
337,510,300
290,841,301
567,598,307
784,782,307
903,80,313
713,555,313
369,589,313
148,27,314
441,195,315
669,731,315
523,212,316
128,6,317
367,833,317
528,206,317
789,941,319
55,771,322
315,847,322
871,383,322
193,934,322
609,90,322
807,987,322
194,505,323
146,822,324
676,379,325
819,500,329
92,139,329
367,834,329
338,610,330
522,399,331
437,606,332
475,691,332
833,826,335
700,932,337
752,670,337
437,832,337
390,833,338
528,513,341
593,510,342
336,80,346
41,101,349
341,233,351
839,34,353
230,695,354
70,22,354
203,962,354
653,753,355
995,450,355
596,881,356
900,446,357
49,553,358
206,224,361
889,979,362
527,547,362
770,90,363
46,836,363
210,613,364
362,553,365
756,314,366
883,387,367
211,156,369
901,715,370
965,434,375
867,102,377
543,510,377
898,602,378
734,389,380
354,871,383
702,979,383
107,937,387
838,101,395
697,638,396
369,985,397
553,525,399
979,88,399
165,514,400
858,943,400
881,514,401
208,977,401
281,964,404
349,875,405
836,906,407
702,576,409
107,414,410
354,782,413
669,468,413
221,695,414
466,761,416
484,423,416
147,834,417
822,42,417
532,339,418
209,237,418
854,918,418
331,485,420
881,246,422
339,368,423
626,355,424
290,301,425
658,284,426
268,975,428
806,941,428
962,890,429
712,552,429
877,694,434
118,138,436
581,486,437
606,602,438
583,35,440
470,468,441
654,995,441
299,637,442
308,217,443
874,552,445
317,33,446
663,972,446
148,367,447
918,225,448
825,493,450
55,468,450
176,61,450
416,477,452
708,846,454
773,628,459
539,881,461
329,369,461
834,764,464
997,923,464
87,338,465
943,717,466
968,293,467
323,238,469
801,117,469
181,291,474
694,181,476
657,748,478
429,451,478
787,29,480
926,853,481
825,492,482
167,739,484
792,433,486
16,783,489
58,715,490
977,868,491
46,698,492
489,622,494
599,676,495
177,304,501
522,735,501
984,284,502
231,380,504
528,215,504
221,159,505
363,685,506
191,439,506
539,207,507
261,744,511
539,115,515
269,788,517
687,230,519
532,321,519
762,22,524
703,79,526
640,145,526
811,506,527
814,55,528
255,897,529
54,168,529
999,248,530
110,713,531
463,345,531
435,83,533
965,455,534
685,137,536
535,191,537
16,345,539
332,997,539
899,696,540
970,979,540
403,871,546
965,767,546
650,955,548
470,914,549
96,392,549
616,199,550
778,656,553
950,701,553
454,198,554
662,434,556
343,752,558
486,557,558
63,944,560
744,237,560
665,541,561
633,42,562
883,68,565
273,691,566
12,376,567
309,361,567
102,238,569
971,166,571
721,319,573
255,140,573
368,640,573
17,106,575
952,93,576
69,892,577
80,874,577
217,325,581
365,519,582
33,414,584
732,942,586
118,627,591
455,734,592
554,309,593
315,544,594
248,812,594
545,612,594
967,930,596
935,9,596
631,138,598
345,760,598
911,547,599
837,548,601
533,421,601
848,752,602
919,774,607
163,80,608
228,353,610
37,710,610
775,259,613
225,299,616
255,375,617
792,804,618
687,203,620
793,484,622
827,484,623
634,175,623
494,210,624
826,585,625
52,436,625
805,963,628
818,84,628
582,179,629
768,653,631
901,12,632
556,782,634
989,947,638
265,438,640
672,442,640
942,791,642
58,93,642
681,581,642
691,984,643
190,623,644
429,622,647
129,391,653
726,782,653
393,203,654
572,455,654
592,500,660
271,208,660
992,980,662
712,471,662
972,421,664
107,349,665
931,300,667
896,280,667
991,19,668
512,671,668
524,783,668
648,988,669
395,26,670
223,259,671
376,462,671
84,446,672
453,848,673
880,470,677
389,983,677
273,626,677
824,522,677
424,448,680
111,550,680
563,633,681
620,765,681
374,774,683
584,116,684
617,429,686
707,942,687
727,941,688
97,793,688
638,547,692
175,892,692
737,531,693
176,102,693
798,470,695
743,90,698
488,335,699
513,19,702
694,268,705
323,925,708
485,112,709
488,447,718
140,347,720
520,870,721
473,809,721
834,765,722
808,764,731
463,601,733
504,586,736
684,524,736
297,806,741
387,181,741
891,256,743
229,709,746
367,394,747
553,826,748
337,514,751
3,666,752
442,710,752
223,843,753
189,828,755
450,57,756
210,317,758
875,729,759
605,861,759
416,904,761
998,436,762
821,91,763
349,870,765
328,934,765
864,964,765
526,744,767
1,559,768
195,292,768
34,13,768
756,603,769
253,917,771
475,847,772
316,283,776
471,995,780
427,296,782
413,667,782
170,515,784
858,973,784
772,828,785
226,821,791
258,837,792
312,591,793
474,600,794
531,796,794
339,106,796
482,913,796
727,518,796
931,926,797
440,102,797
388,242,799
701,344,799
247,642,801
308,306,801
706,181,801
824,814,801
571,52,801
293,227,804
631,381,804
302,397,806
968,112,806
608,686,807
786,259,808
389,522,809
511,39,810
394,932,811
827,224,812
898,807,812
386,738,818
443,614,818
937,690,818
292,993,818
462,790,821
734,335,824
19,923,825
281,584,829
885,653,832
306,837,832
43,288,832
70,819,833
630,227,838
878,780,838
838,676,841
661,308,844
262,792,847
639,126,849
962,345,849
243,471,850
631,956,853
737,525,854
162,848,857
243,557,857
625,342,857
919,494,858
369,199,859
103,166,860
855,710,861
294,921,861
174,231,864
358,831,864
434,972,865
864,312,867
213,589,869
364,219,870
196,532,870
42,311,872
113,819,873
996,437,874
731,811,875
924,489,876
673,108,878
312,836,882
204,765,883
389,442,883
343,76,884
596,501,885
513,345,889
962,189,890
743,737,892
918,27,894
214,608,896
61,996,897
236,908,898
376,431,898
948,524,899
872,595,901
466,844,904
739,883,906
850,631,906
661,532,907
725,346,909
804,267,913
773,117,918
943,414,920
553,590,920
396,620,922
20,171,923
123,736,926
281,849,929
537,855,930
918,324,934
407,318,936
284,606,939
357,820,940
871,690,942
122,661,943
240,502,948
910,695,948
880,328,951
421,38,951
727,555,952
530,389,953
423,722,954
18,933,957
237,847,959
187,776,960
269,68,960
354,540,961
661,481,965
60,798,965
613,451,967
143,319,972
584,898,975
687,184,977
991,0,978
166,887,980
915,936,981
576,910,985
238,515,985
355,267,987
599,468,989
90,755,992
55,324,993
577,853,993
86,270,995
892,769,997
310,862,998
566,459,999
