941,395,1
998,226,2
476,241,6
744,202,7
387,369,7
222,589,10
922,93,12
572,72,13
818,39,13
234,134,14
46,225,16
67,267,18
874,667,18
421,834,19
112,325,19
375,162,20
69,458,21
678,721,21
787,875,22
988,111,22
741,770,25
189,469,26
668,889,27
591,176,27
203,268,28
270,928,30
465,447,31
595,271,32
615,390,34
348,828,34
225,998,36
314,769,38
914,685,39
471,109,40
104,487,40
362,577,42
918,394,42
762,310,43
869,604,45
301,629,46
78,965,47
164,302,47
20,833,50
85,684,50
781,79,50
101,157,51
611,286,52
244,378,52
635,702,53
900,248,54
535,434,54
906,182,54
340,758,54
166,741,54
894,482,56
923,978,56
719,846,56
152,329,57
660,74,58
834,652,59
934,177,61
2,27,62
644,179,62
478,520,63
465,804,66
717,823,67
800,972,67
365,9,67
39,938,69
119,823,72
356,303,72
20,893,74
237,817,74
617,214,77
637,818,77
427,879,79
89,279,80
964,870,80
3,412,81
747,332,81
901,921,81
107,424,82
495,121,82
527,674,83
204,882,84
747,290,84
270,181,85
792,303,85
143,482,85
759,100,87
647,124,88
235,464,89
853,169,90
509,163,91
233,955,91
449,85,91
572,49,92
328,834,92
371,929,92
60,59,93
527,938,94
35,528,95
473,743,95
670,164,97
802,933,99
726,689,100
623,125,102
412,611,102
428,902,103
35,942,105
967,894,108
457,231,108
607,911,108
631,661,109
451,863,109
674,188,109
711,797,110
13,51,111
236,937,111
999,937,112
428,246,112
259,151,112
229,957,113
188,912,115
964,57,115
843,37,118
485,161,118
185,963,118
500,549,119
500,382,120
959,594,120
443,24,121
374,510,123
307,836,123
103,934,124
448,652,124
156,257,125
477,261,127
553,926,130
87,832,132
445,866,132
571,575,133
67,614,135
841,870,135
967,876,137
720,923,139
673,841,139
934,291,139
409,400,140
777,238,140
787,801,144
299,981,144
605,318,146
693,4,148
261,482,148
118,118,148
33,715,149
505,120,150
297,911,150
494,767,154
216,485,156
256,519,156
62,444,156
674,331,156
847,881,156
339,694,158
320,376,158
359,323,159
213,806,161
722,105,162
430,336,167
565,929,167
22,626,167
673,615,171
923,652,171
284,54,174
741,627,174
776,536,174
835,505,174
708,212,175
435,486,176
815,205,176
312,938,176
474,16,178
937,199,178
102,85,178
251,625,179
518,593,181
604,280,186
804,185,186
460,218,188
725,271,188
500,170,189
871,349,190
644,623,191
199,41,192
2,532,192
438,237,194
311,437,194
299,21,196
409,195,200
352,353,200
918,297,201
783,54,206
181,775,207
583,774,208
943,201,208
958,303,209
726,820,210
464,902,210
230,195,211
712,876,211
127,673,214
28,668,215
336,760,216
773,565,217
61,673,218
97,332,219
552,176,219
155,400,220
599,776,220
168,7,223
940,784,225
974,867,227
981,246,228
160,683,230
31,389,230
49,241,231
468,377,231
737,342,233
704,82,235
876,347,235
777,625,235
808,512,235
503,308,238
876,562,239
491,556,241
16,675,242
176,287,243
145,675,244
900,769,246
185,263,247
710,119,248
781,836,249
464,383,250
363,74,250
522,680,252
82,530,253
762,179,256
29,402,256
343,555,257
602,245,258
926,815,258
401,934,258
900,816,260
264,647,260
238,39,260
609,612,262
552,565,262
18,142,266
874,632,268
905,323,269
634,846,269
524,305,270
69,380,270
296,646,270
208,200,270
930,952,270
451,117,271
160,574,271
897,285,271
487,770,273
433,947,274
678,9,275
76,632,275
970,704,276
552,659,278
863,174,279
57,643,280
334,516,281
214,648,282
422,663,283
352,936,283
794,558,284
440,864,286
271,255,289
147,45,289
653,383,290
243,158,290
844,12,290
275,59,291
870,372,292
950,820,294
203,19,294
357,313,294
925,216,295
847,675,296
418,902,296
821,38,297
339,102,298
979,716,300
35,523,301
518,203,301
361,883,301
498,374,302
275,43,303
448,607,303
968,645,303
61,405,304
486,226,305
355,492,305
964,785,305
989,69,306
997,878,307
154,56,309
966,508,309
985,877,310
613,363,313
261,372,313
213,442,314
90,802,315
172,445,318
975,605,321
399,695,323
583,173,323
642,447,325
507,69,326
211,603,327
925,191,327
567,701,329
760,460,329
466,158,331
592,514,333
720,781,335
501,620,336
410,474,338
131,716,340
178,795,341
633,889,342
917,278,343
535,665,346
647,839,348
310,216,350
85,508,351
345,403,351
308,529,352
832,15,352
164,268,352
52,108,353
512,365,353
361,304,354
29,447,356
162,194,356
476,891,358
983,369,359
419,39,359
216,294,360
79,919,360
415,445,361
151,407,361
472,542,361
309,157,361
267,606,361
727,237,362
130,295,365
694,296,365
554,610,366
909,282,366
125,719,367
206,288,368
618,139,368
43,876,369
683,922,370
195,813,370
98,846,372
849,356,373
680,602,375
997,724,375
471,789,375
975,112,377
667,105,377
112,896,380
309,31,383
792,396,385
542,143,386
178,886,386
653,103,386
83,27,387
147,531,387
661,91,388
893,49,390
937,864,390
152,387,392
937,482,395
896,799,395
355,131,395
157,941,397
671,594,397
598,938,398
618,24,398
392,577,398
972,386,400
15,115,401
363,255,401
906,808,402
830,275,402
47,68,403
1,921,403
254,662,404
214,583,405
889,631,406
257,784,407
348,883,408
76,3,408
179,396,409
815,349,409
516,754,409
725,811,409
260,386,410
788,94,410
496,287,411
328,641,411
533,917,412
930,689,412
826,904,413
488,94,416
888,668,418
697,144,422
619,831,423
805,984,424
804,666,425
697,138,426
432,591,426
657,968,427
1,271,429
958,39,431
306,434,431
595,789,434
456,148,436
619,901,436
126,482,437
938,676,442
88,308,443
870,29,443
809,711,444
622,61,444
896,859,445
865,823,448
506,145,449
566,137,450
119,141,450
874,914,452
986,81,452
88,587,453
625,928,454
555,21,454
908,140,455
309,397,455
543,685,455
704,359,456
711,227,457
890,188,458
195,108,462
916,357,463
276,571,465
997,673,465
180,999,465
224,947,466
715,239,466
206,254,467
524,302,467
899,489,469
344,558,469
886,652,470
819,65,473
36,472,474
449,225,474
820,425,475
93,680,475
731,215,475
579,993,476
10,997,477
51,341,481
511,549,481
77,3,483
799,620,484
375,394,484
625,187,485
499,353,486
267,302,486
607,17,487
120,815,487
274,497,488
769,136,488
616,279,488
789,777,489
137,260,490
498,288,491
343,674,491
988,853,492
891,893,493
432,704,493
373,111,494
516,576,494
714,892,494
555,408,494
99,15,494
174,524,495
659,871,497
986,702,499
941,933,501
502,471,501
706,564,501
915,659,502
126,610,503
262,714,504
408,169,505
3,421,505
447,359,505
51,561,506
99,876,507
113,418,507
116,319,507
433,917,508
613,644,509
413,605,509
775,70,510
966,974,511
844,94,512
632,672,512
723,950,512
288,740,513
245,291,513
897,137,514
702,104,514
189,344,515
788,231,516
715,737,519
554,683,519
617,718,521
809,858,522
687,608,525
226,767,526
503,575,526
482,203,528
67,424,528
805,319,530
5,7,530
552,211,531
192,315,531
734,121,532
79,696,533
814,399,534
923,274,535
420,301,535
93,80,536
487,591,537
37,98,538
84,326,542
295,458,542
356,270,543
448,568,543
707,821,544
765,861,546
470,568,549
723,925,550
335,718,550
297,588,553
347,912,554
789,747,554
342,961,555
613,288,556
486,909,556
355,733,557
439,922,558
773,650,559
138,231,559
379,185,560
953,463,561
808,424,562
595,61,562
154,469,562
267,608,564
798,550,565
134,343,567
238,460,568
487,87,569
728,194,569
230,729,570
864,41,570
652,321,571
503,960,572
328,422,572
34,724,572
269,646,572
297,646,573
236,440,575
381,313,577
585,270,577
86,930,578
660,762,578
478,768,578
421,94,581
379,129,582
123,984,582
17,554,583
91,722,586
111,423,588
151,709,588
807,353,589
654,430,590
716,564,591
529,279,591
571,756,591
895,137,595
506,101,598
250,513,598
12,336,599
280,176,600
370,636,600
378,111,600
601,368,601
711,748,601
871,488,602
413,938,604
216,661,608
358,92,611
835,281,612
781,715,612
841,113,613
323,806,613
215,136,615
39,46,616
632,415,618
188,192,619
846,444,620
541,568,620
807,506,621
682,30,623
681,172,625
822,408,627
392,233,628
573,922,628
465,398,628
933,153,628
248,767,628
799,123,629
14,657,629
297,675,630
407,852,632
395,945,632
503,931,633
310,602,634
197,629,635
152,350,636
856,148,636
439,766,636
579,924,637
774,343,638
117,163,639
392,635,639
308,54,639
347,237,639
104,34,640
19,82,641
972,707,641
583,861,642
618,403,643
517,735,643
102,201,646
238,2,647
437,489,648
641,524,648
547,804,649
171,637,650
553,240,652
217,770,652
929,104,655
739,379,657
736,675,657
854,807,657
897,919,657
320,846,659
994,918,659
45,880,659
486,686,660
148,727,660
354,537,661
892,212,661
823,8,665
836,843,666
387,635,666
676,72,667
769,153,667
521,978,669
296,375,670
753,389,674
321,949,674
257,632,674
791,280,675
385,356,677
612,969,678
666,399,678
352,339,679
184,487,680
903,825,682
58,222,682
892,3,683
260,24,684
946,620,686
497,885,687
893,357,691
699,242,691
611,178,691
29,36,692
423,256,693
914,783,695
598,837,699
384,943,701
260,289,701
351,334,702
17,745,702
291,475,705
418,977,706
933,333,709
83,422,710
507,57,710
288,405,714
538,282,714
887,33,715
907,677,715
975,804,716
810,23,716
954,393,719
143,250,720
191,950,720
915,21,721
803,225,721
414,825,721
767,874,723
802,102,724
306,933,724
936,797,725
208,272,725
853,634,726
73,117,727
906,422,730
306,733,731
689,57,731
151,276,732
804,774,732
951,538,737
984,773,738
87,898,738
805,493,739
34,401,739
411,812,739
413,815,740
940,307,740
450,123,741
220,697,741
612,934,742
505,993,742
61,687,743
415,591,745
619,216,745
179,134,745
935,126,745
889,666,746
950,203,746
786,806,747
454,826,747
874,263,750
317,630,751
197,333,751
624,18,751
330,872,752
557,216,753
204,646,755
85,887,755
791,540,755
884,465,756
566,737,756
839,972,757
904,362,758
198,769,758
731,165,762
856,566,763
673,265,763
231,697,764
617,343,764
420,648,765
270,34,766
381,165,766
149,881,767
515,114,767
862,122,767
251,204,768
515,628,769
267,221,769
808,78,771
596,990,772
748,151,773
478,129,774
431,853,776
856,126,779
920,328,779
146,848,779
227,25,779
91,913,780
780,847,780
411,717,783
562,298,783
807,805,784
439,662,784
368,696,786
374,559,789
933,418,790
542,844,790
321,187,790
655,11,791
328,651,793
260,539,796
874,927,799
934,931,800
754,698,800
712,263,801
705,238,802
892,132,803
797,868,804
141,959,806
127,694,806
90,15,807
811,478,808
908,985,808
756,342,808
765,393,810
180,525,810
649,257,811
268,437,813
830,492,813
418,707,814
528,306,815
147,850,818
952,811,818
397,357,821
98,588,822
222,184,823
158,921,824
490,856,825
133,952,825
674,191,825
725,161,825
930,932,827
755,532,827
865,653,828
402,93,829
706,746,830
894,343,830
978,898,832
753,344,832
495,2,834
182,8,834
740,677,835
404,426,835
123,77,835
273,662,835
729,133,836
167,775,838
925,296,839
617,543,839
166,430,841
486,289,842
194,340,842
406,963,843
101,759,845
888,398,845
279,630,847
14,724,847
867,552,849
290,93,850
534,476,850
914,509,851
506,335,854
706,752,854
69,653,855
998,937,857
962,280,858
788,609,859
658,193,859
13,195,859
567,158,860
599,603,862
616,501,863
815,47,863
486,586,864
984,303,866
909,276,869
138,551,870
681,177,872
285,242,872
147,609,873
750,431,874
732,650,874
866,394,874
384,144,876
78,765,878
688,208,878
121,174,879
52,133,879
62,173,881
917,741,883
100,245,885
953,77,885
579,514,885
228,376,886
818,590,888
312,975,888
349,306,888
3,726,891
881,801,892
903,410,892
344,426,892
214,257,892
472,154,893
245,855,893
162,821,893
313,617,894
66,144,895
228,964,896
720,14,897
426,894,897
977,865,897
749,208,897
944,720,898
960,637,898
836,309,899
851,172,899
73,43,900
623,848,901
688,277,904
710,683,906
617,384,908
614,947,908
95,200,909
422,875,909
959,17,910
38,415,912
592,136,913
711,724,914
728,614,915
950,490,917
658,279,918
37,445,921
16,668,921
553,326,921
344,624,923
157,620,924
38,152,924
605,178,925
293,752,925
901,901,926
730,893,927
977,759,927
190,719,927
205,732,927
874,868,928
967,64,930
98,6,930
309,848,931
596,333,932
499,572,932
40,669,932
69,237,932
983,342,934
197,705,937
401,179,938
316,278,938
261,582,938
323,16,939
887,202,941
99,698,943
335,449,943
805,853,944
222,596,945
232,599,947
571,554,948
797,950,953
430,161,953
172,457,953
149,662,953
355,725,954
377,730,956
79,300,957
462,781,957
581,141,959
57,747,962
511,760,967
702,342,967
706,937,969
862,172,969
361,524,970
322,312,970
586,274,971
964,748,973
848,190,974
230,137,974
190,322,974
164,988,979
747,608,979
51,110,979
311,105,981
787,460,981
509,995,982
698,678,986
321,109,990
989,216,991
543,64,993
390,186,993
711,943,994
323,43,995
219,669,997
966,998,998
