421,289,1
973,313,1
90,364,2
570,733,3
114,287,3
108,276,3
68,956,3
462,183,3
323,817,4
703,296,5
652,643,5
515,783,9
263,475,9
75,675,10
953,571,10
448,994,10
786,291,11
272,130,11
70,106,12
838,407,12
635,710,12
419,584,14
101,212,14
912,257,15
820,673,15
970,193,16
574,694,17
944,823,20
423,88,21
979,780,22
766,560,24
484,695,25
177,619,28
458,562,29
426,135,29
974,666,30
343,784,31
736,641,33
214,774,33
642,111,33
474,399,34
819,960,35
398,342,35
666,291,36
74,197,37
126,935,38
67,735,39
309,5,39
950,969,39
339,57,40
773,969,41
358,794,42
501,906,43
227,788,44
403,98,44
316,414,45
716,203,45
710,813,46
87,407,47
166,629,48
16,769,48
662,186,49
493,435,49
709,426,50
488,906,51
688,175,51
940,762,51
848,313,51
455,577,53
131,940,55
554,22,56
2,746,57
167,809,57
865,534,57
749,7,57
871,774,58
289,951,58
671,677,59
160,42,60
194,78,61
447,196,61
330,86,62
540,248,65
85,87,65
545,527,65
5,479,66
993,213,67
661,857,67
536,184,68
509,783,70
914,842,72
102,277,73
649,505,73
906,757,74
712,977,75
126,674,76
993,139,76
33,313,76
796,580,77
560,95,77
333,406,80
475,644,80
438,603,82
83,766,83
796,249,83
939,973,83
531,622,84
652,620,85
976,674,87
648,767,88
788,224,88
40,178,89
610,559,92
573,839,93
552,486,94
848,578,97
41,531,97
526,541,97
928,470,97
212,709,98
578,527,99
671,201,100
342,952,103
474,121,106
832,947,106
796,11,107
765,373,108
594,225,110
238,651,112
497,50,112
188,841,112
540,691,113
854,335,114
406,385,115
94,974,115
541,62,115
451,861,116
307,148,118
927,220,120
840,650,121
860,495,125
692,515,125
550,532,126
384,809,127
949,201,127
50,838,128
192,724,129
504,940,130
274,698,131
510,703,131
221,595,131
909,183,132
382,46,133
54,230,133
693,57,133
579,952,134
156,666,136
563,451,139
251,293,139
689,56,140
439,310,141
757,142,142
315,531,144
530,168,145
675,439,145
245,27,146
778,7,146
51,385,149
812,618,149
556,803,149
480,96,150
350,683,150
274,973,152
0,137,153
750,773,157
693,941,161
486,648,161
448,683,163
427,866,164
946,113,166
585,82,168
355,409,169
464,577,169
369,727,170
938,904,171
121,804,171
718,811,174
525,876,176
204,319,178
631,705,178
887,421,179
984,19,179
894,676,184
853,570,186
724,194,187
970,907,187
145,154,187
725,594,190
712,620,191
645,423,192
768,333,192
987,828,194
261,602,195
482,464,196
860,588,197
206,316,197
280,144,197
585,484,198
46,946,199
227,900,200
673,614,201
6,801,201
776,595,202
446,136,204
110,31,209
470,689,209
834,113,211
161,265,211
530,121,213
660,777,213
281,376,216
65,250,216
96,464,216
699,50,216
63,314,217
131,773,218
285,544,219
644,367,220
651,68,221
561,468,221
215,412,221
146,455,222
945,290,223
835,984,224
799,557,226
170,281,227
943,662,228
800,756,230
75,68,231
807,969,233
999,34,233
590,409,235
561,538,236
693,601,236
344,479,237
119,167,238
86,954,239
866,987,240
276,403,240
536,285,241
742,895,241
342,3,241
662,688,243
326,915,243
703,671,243
722,535,244
361,157,244
638,602,245
762,59,245
604,615,245
102,442,245
7,443,245
175,127,248
532,923,248
870,530,248
890,80,250
70,576,252
310,225,253
53,314,253
217,242,253
678,441,254
9,93,254
413,631,256
888,697,256
929,605,256
938,140,260
962,170,261
144,979,262
674,592,262
815,31,263
812,482,265
271,883,267
555,187,267
265,298,267
559,156,268
878,483,269
424,858,271
337,129,274
785,146,278
2,236,278
105,56,278
475,722,279
99,528,280
288,613,280
173,725,281
938,458,281
296,564,281
118,361,281
687,356,282
293,503,283
411,513,284
565,860,287
324,240,288
779,766,289
304,58,289
464,604,289
155,277,289
785,174,293
268,993,293
575,153,293
990,218,294
92,559,294
429,7,296
502,107,298
694,120,300
82,917,301
420,854,301
454,190,301
669,957,303
131,585,304
456,406,305
169,24,307
565,686,307
246,932,308
132,745,309
987,747,309
583,165,310
754,886,312
831,578,313
540,913,314
346,957,314
673,896,315
529,585,316
602,976,318
329,30,321
207,463,322
310,811,327
221,371,328
453,382,328
257,462,328
168,496,329
960,549,329
713,242,329
758,149,329
474,373,329
590,327,330
350,575,330
400,997,332
752,461,333
991,28,335
839,232,336
947,961,337
412,495,338
389,709,339
903,416,341
618,729,344
792,825,345
857,878,346
258,449,346
22,967,346
120,1,348
247,717,348
284,751,349
45,134,349
817,682,349
928,204,351
868,580,352
242,881,352
323,398,353
387,154,356
706,805,356
339,755,356
611,60,356
538,625,359
674,198,362
443,634,363
773,420,365
841,414,365
653,267,365
193,948,365
530,731,366
753,402,367
245,226,368
60,89,369
401,666,370
304,222,370
293,679,371
660,493,372
225,755,372
857,171,372
174,818,373
475,760,376
655,605,376
91,225,377
737,651,377
420,952,378
624,262,381
142,125,384
2,319,389
633,937,389
478,928,389
709,315,389
677,164,391
424,545,391
974,864,393
941,119,394
13,863,394
296,964,394
747,135,395
793,655,395
6,34,395
761,796,395
519,359,398
961,916,399
943,116,402
963,969,402
794,884,403
817,167,404
759,528,405
238,343,406
834,241,407
104,522,407
705,963,407
106,437,408
108,756,410
148,140,414
902,389,415
748,322,415
643,64,415
603,393,416
173,502,416
24,786,418
108,20,418
544,390,418
938,958,418
318,603,420
312,439,421
104,56,422
802,69,422
416,154,422
554,83,424
335,776,424
111,738,425
697,191,425
556,221,426
539,868,430
10,183,431
586,5,433
131,758,434
694,575,437
902,773,437
267,353,437
523,823,437
69,626,439
695,950,440
739,424,443
153,213,444
170,317,444
683,39,445
157,435,445
263,430,447
923,138,447
736,710,447
55,390,447
280,308,448
33,669,448
958,417,448
992,395,449
269,743,450
866,865,450
999,956,451
865,679,451
134,46,454
75,731,454
211,820,455
171,820,455
536,621,457
893,391,459
286,283,460
220,656,465
728,736,465
305,57,466
649,111,466
991,644,466
205,924,468
995,397,468
203,924,470
88,88,470
739,424,471
414,794,472
818,594,472
378,527,473
847,162,474
475,95,475
873,206,475
952,630,476
969,957,477
369,927,477
969,231,479
295,741,479
188,514,482
682,300,482
345,271,483
645,550,484
520,188,484
300,443,484
218,471,485
654,813,486
966,641,488
270,767,489
858,576,489
676,649,489
23,856,489
962,611,492
427,544,493
874,568,493
28,389,493
67,371,493
687,795,495
729,43,496
643,316,497
786,935,498
805,25,498
95,230,498
329,105,498
513,283,498
436,206,502
932,796,503
839,187,504
180,955,504
876,886,505
66,766,505
730,28,505
558,779,505
93,348,506
926,452,508
911,817,508
314,283,509
537,654,510
430,215,511
77,238,512
500,45,513
631,787,513
614,319,514
643,530,515
913,425,516
157,989,516
181,741,519
205,946,519
538,243,520
488,596,520
953,388,523
103,799,523
288,645,524
918,873,524
475,857,524
892,468,527
246,99,528
930,212,528
69,417,528
789,553,528
355,147,529
101,872,529
950,349,529
309,353,530
963,348,532
380,621,532
45,34,532
598,478,534
742,260,535
964,84,535
127,427,536
446,143,537
968,932,537
581,385,537
84,702,538
173,88,540
706,40,540
296,839,541
256,575,542
224,784,542
773,909,546
341,4,549
770,202,549
446,241,550
50,21,550
272,732,552
591,132,553
386,296,554
522,229,559
565,859,560
813,507,561
712,957,561
623,413,563
757,703,564
803,702,566
674,756,570
535,314,570
732,278,570
797,129,571
138,46,571
616,582,572
486,702,574
513,728,574
774,636,576
312,395,576
653,45,578
643,437,579
10,118,580
40,760,581
654,549,581
4,439,582
551,238,585
240,717,586
765,677,587
733,4,587
81,567,587
988,258,587
619,104,587
276,891,587
168,389,589
332,805,590
579,280,591
523,608,591
523,179,592
683,843,595
670,517,595
909,944,597
634,985,598
281,538,600
438,751,601
319,893,601
924,768,603
527,963,603
478,778,604
909,720,607
226,674,608
77,180,609
122,388,612
817,458,613
293,811,614
851,580,615
329,871,616
531,801,616
630,909,617
450,843,619
721,40,619
248,697,619
120,399,620
548,516,622
866,382,622
403,260,622
60,792,622
940,272,623
470,105,624
959,644,625
485,72,625
89,961,626
373,47,628
398,48,629
650,483,629
310,535,629
606,976,630
598,677,630
747,687,630
260,35,630
841,597,631
801,778,632
868,500,632
118,584,633
853,267,634
196,652,636
497,687,636
729,918,637
570,522,638
758,633,640
820,490,640
6,109,641
679,609,641
851,99,641
520,741,642
911,665,645
519,30,645
446,139,645
530,270,645
101,197,646
644,981,646
723,790,647
160,309,647
425,45,648
537,695,648
992,913,649
285,716,649
904,698,653
490,840,655
270,529,657
48,627,657
226,36,658
151,226,658
624,389,660
461,830,660
413,163,663
558,997,664
856,348,664
622,814,664
1,139,665
307,426,666
108,937,668
496,997,668
299,477,668
812,249,670
114,202,670
562,523,672
875,307,675
692,54,675
155,267,676
491,216,679
410,920,681
836,672,682
172,179,682
505,144,684
988,70,684
832,175,684
63,793,686
802,17,688
209,194,689
677,633,690
768,96,690
998,894,690
905,557,691
76,478,692
557,52,694
13,723,694
425,824,695
798,917,696
446,528,698
604,459,698
352,788,698
702,436,699
532,901,703
98,103,704
334,862,704
697,795,705
656,918,705
958,138,708
702,232,709
250,949,709
397,803,709
469,142,711
304,418,712
809,219,713
296,737,713
3,796,714
208,64,720
516,641,720
354,30,721
3,943,723
8,298,724
464,80,724
401,351,724
784,213,725
666,394,726
17,986,726
742,241,730
964,577,730
595,20,731
168,875,732
460,337,733
449,638,735
870,734,736
712,574,736
455,793,739
192,747,739
833,654,740
834,354,743
69,874,743
702,603,744
698,86,744
39,403,744
553,677,745
71,820,746
28,993,748
718,889,749
298,505,751
132,414,753
760,939,754
155,254,755
121,628,756
405,711,756
544,485,757
345,181,758
427,401,759
646,335,760
434,696,761
698,507,761
367,290,762
353,641,763
407,126,763
96,409,765
533,375,766
53,554,767
544,234,768
437,730,770
605,123,770
648,29,772
688,270,775
258,590,776
753,208,776
440,43,777
543,136,781
903,949,781
70,322,782
839,370,783
647,380,783
963,70,785
839,407,786
30,351,787
165,902,787
67,115,788
730,510,789
400,929,790
89,882,792
610,50,792
745,967,794
741,255,794
966,28,794
76,559,794
217,439,796
708,90,797
713,94,797
274,49,797
863,485,798
657,957,798
68,403,799
177,286,799
206,728,800
190,170,803
842,781,803
169,283,804
635,90,805
325,22,806
287,856,806
315,396,806
910,671,809
669,599,810
362,946,810
620,258,815
324,14,819
426,925,819
43,751,820
754,402,821
535,829,823
263,546,825
897,914,827
626,480,829
749,461,830
177,393,832
738,726,833
182,965,834
492,405,835
206,999,836
442,305,839
910,689,839
559,743,842
212,926,844
829,976,848
539,7,848
824,260,849
20,292,852
964,481,854
300,330,854
269,287,855
857,535,855
764,431,855
20,562,856
703,453,858
738,371,860
709,102,861
863,691,861
305,772,862
359,500,865
857,295,866
114,399,866
864,910,866
775,590,866
638,88,866
817,662,867
862,809,868
950,839,869
337,793,872
719,203,873
329,28,875
506,12,875
15,698,876
82,817,877
804,929,879
885,345,879
91,414,880
119,89,881
687,89,881
425,402,882
962,285,882
257,918,883
658,588,884
708,534,885
131,106,885
510,341,886
369,569,889
366,380,889
17,229,892
338,209,893
100,425,893
997,578,897
760,113,898
523,69,900
995,558,900
152,759,900
762,863,901
409,541,902
754,52,902
677,279,903
5,53,905
209,267,905
190,310,906
246,597,906
521,217,907
922,608,907
956,438,908
44,868,908
821,175,909
152,927,911
38,544,912
670,967,917
922,548,917
101,597,919
181,848,920
738,834,921
897,764,925
502,477,926
204,840,926
836,506,928
714,184,928
973,393,929
669,912,929
154,220,930
239,260,931
416,704,931
572,52,931
641,967,932
94,586,932
721,187,932
627,166,933
522,600,933
108,173,933
399,706,934
701,947,934
612,654,935
29,996,935
900,760,936
757,140,936
919,746,937
871,87,939
942,450,940
133,275,940
502,644,942
784,402,943
498,931,945
756,887,945
211,100,946
945,32,950
219,868,955
289,28,956
571,118,956
206,277,957
468,92,959
43,894,960
747,983,961
810,420,962
198,226,963
250,882,966
607,356,968
538,778,968
86,17,968
137,780,971
20,894,971
708,89,971
485,268,972
904,794,974
954,303,975
413,250,976
969,865,977
220,76,977
150,420,977
383,246,978
882,199,978
31,12,978
76,360,982
206,823,983
175,34,983
989,735,984
932,283,985
732,368,985
68,743,986
995,977,987
421,866,987
219,642,987
947,333,988
433,657,989
628,331,990
937,209,990
514,72,991
850,766,991
246,116,991
649,729,994
327,916,994
696,614,996
762,997,997
764,409,997
254,397,998
838,461,998
