183,439,0
159,242,1
663,932,2
17,431,2
906,759,2
173,447,2
549,277,3
252,456,5
971,887,6
4,429,7
588,279,7
378,314,8
272,286,8
744,304,8
172,114,9
682,359,9
413,708,9
946,479,9
0,939,9
589,5,11
48,362,12
459,669,13
817,732,14
663,577,14
284,558,14
525,356,14
258,847,14
300,133,15
110,124,15
527,893,16
484,20,16
402,32,16
954,472,16
724,398,18
420,248,19
865,618,19
212,83,20
110,239,20
740,281,21
860,655,22
877,403,24
936,34,25
372,886,28
706,439,31
764,381,32
999,14,33
716,946,33
642,576,33
560,92,36
953,649,36
711,842,36
83,632,37
557,707,37
423,835,39
511,257,40
700,240,40
592,157,41
67,599,41
262,485,44
306,795,44
404,730,44
905,173,44
247,298,46
916,454,47
858,234,49
716,787,50
150,221,51
667,620,51
218,444,52
147,660,52
189,927,59
796,802,59
282,389,60
325,178,60
690,805,60
792,390,61
505,190,62
496,971,63
465,586,64
738,524,66
297,978,67
877,440,67
884,660,69
306,864,70
39,311,70
183,311,70
737,728,70
135,175,71
169,279,71
164,332,77
248,817,77
322,128,77
379,848,78
304,677,80
54,149,83
838,996,83
691,862,83
912,871,83
708,181,83
280,758,83
538,961,84
252,62,87
904,400,91
760,304,91
108,376,92
941,991,93
644,850,94
785,264,97
298,208,98
725,478,98
755,224,100
706,179,100
84,15,101
842,265,102
681,736,104
699,753,104
291,922,105
405,66,106
382,668,106
773,210,108
887,797,109
216,97,109
264,804,110
469,655,111
479,465,111
310,9,112
722,702,115
72,818,115
765,708,116
124,584,116
783,940,117
66,413,117
611,473,118
766,696,122
786,427,122
516,710,123
208,359,123
311,171,123
81,73,124
317,607,127
592,434,127
37,602,130
332,179,130
389,383,130
359,293,130
656,655,130
463,437,133
224,563,133
727,66,133
322,105,134
484,726,135
279,857,136
177,66,137
177,700,137
572,446,137
231,488,138
571,1,140
670,459,141
39,644,141
350,625,145
455,417,147
477,755,149
355,599,151
679,744,154
672,811,156
826,26,156
999,229,158
364,250,158
769,599,159
98,312,159
935,650,159
396,196,160
544,426,160
321,241,163
557,224,163
89,136,165
597,28,166
69,126,166
52,165,168
719,94,168
365,668,169
674,920,169
565,957,170
829,216,171
392,429,173
375,39,174
696,28,175
221,861,176
432,313,177
130,953,177
306,791,178
459,702,182
91,341,183
48,22,185
352,820,185
119,667,185
412,472,185
525,224,185
785,852,186
10,406,186
558,703,188
72,277,189
562,554,189
758,524,190
216,779,190
148,0,191
568,398,192
834,116,192
413,37,193
906,839,193
273,943,193
199,150,195
520,667,195
988,131,195
965,904,198
299,107,199
522,240,199
269,424,200
855,211,200
277,270,201
447,772,201
106,194,202
341,653,202
467,701,203
152,609,206
871,628,207
366,919,207
448,269,208
529,296,209
61,923,210
274,586,211
33,650,212
133,896,214
779,871,215
420,634,220
179,268,222
908,451,224
149,291,230
6,619,232
180,839,233
117,604,235
406,803,235
741,154,236
417,970,236
738,45,237
733,27,238
328,322,238
659,290,239
676,507,240
891,565,240
818,354,241
316,277,242
559,704,242
878,542,244
116,355,246
212,434,247
665,919,247
321,783,249
236,921,249
572,758,249
615,436,250
308,22,251
200,140,252
110,943,253
900,526,253
948,703,253
111,189,254
504,655,256
348,280,257
386,114,258
320,248,259
470,248,262
234,853,263
468,896,264
890,36,265
776,155,267
811,56,267
425,887,267
295,784,269
981,972,272
541,741,276
149,381,276
686,395,276
905,791,277
695,415,278
249,383,278
945,808,278
570,504,279
468,531,279
152,438,281
729,234,282
962,444,282
629,534,284
920,191,286
31,790,287
116,246,291
475,998,291
268,128,292
81,490,294
546,659,295
66,536,295
987,251,299
257,354,299
184,991,300
204,383,300
680,379,300
133,569,300
724,303,301
57,33,301
654,762,303
574,666,303
890,895,303
621,976,304
235,725,307
852,916,309
840,450,310
551,237,310
327,237,312
973,305,312
91,408,312
353,227,313
698,903,314
493,836,315
541,676,315
686,430,315
724,541,316
529,290,316
411,373,317
875,460,317
800,45,322
993,373,322
783,998,323
317,853,326
143,70,326
401,48,326
603,898,327
358,883,327
418,826,327
226,921,328
802,412,331
564,223,332
781,611,332
225,500,334
192,47,334
539,600,334
9,688,335
790,765,336
23,405,337
914,555,338
259,190,341
615,982,342
841,332,343
585,687,343
410,415,343
986,399,345
941,399,348
485,77,351
519,286,351
796,273,351
809,67,351
392,398,352
828,842,353
907,245,354
173,431,356
402,162,358
267,646,359
290,702,359
823,371,360
480,991,361
336,669,362
61,507,364
200,14,364
184,960,364
577,940,364
719,670,365
665,246,366
887,918,366
77,702,367
801,438,367
127,261,369
231,64,373
146,389,374
326,703,376
398,491,378
52,299,379
836,70,380
654,584,381
180,974,382
126,837,383
780,370,384
390,18,385
75,479,387
960,340,388
721,125,389
491,175,391
986,153,392
534,531,393
14,132,393
771,22,396
153,372,397
976,553,399
487,818,400
860,473,400
372,971,401
896,86,402
807,51,403
180,487,403
876,524,404
209,397,404
83,235,404
710,312,404
12,884,404
912,727,405
543,492,406
556,445,407
260,691,407
827,166,409
286,423,411
976,805,412
906,544,414
121,522,414
173,683,415
357,608,417
841,492,418
538,12,418
267,900,421
0,50,421
223,920,423
118,706,424
388,394,424
514,928,425
84,27,426
123,387,427
90,379,428
934,480,428
557,445,428
844,240,429
75,65,429
581,748,430
782,498,432
574,349,433
167,732,433
600,810,435
933,492,435
996,510,437
627,889,438
248,53,439
518,387,441
373,184,442
232,462,443
845,473,443
829,177,444
186,654,444
85,718,446
275,80,446
603,71,447
654,912,448
655,897,449
511,977,451
811,243,452
874,60,454
668,131,457
417,951,458
863,201,460
699,646,461
341,504,461
389,75,461
749,473,462
584,44,464
880,419,466
960,739,468
163,776,468
581,204,470
211,371,470
304,534,470
763,343,471
213,935,471
772,764,471
857,269,472
27,266,473
16,804,473
616,854,474
251,918,475
504,128,475
300,118,476
86,787,477
847,706,477
853,319,477
29,880,478
805,251,478
814,683,480
53,708,481
134,764,482
195,911,483
979,858,484
177,849,485
27,332,485
353,665,487
625,809,489
353,793,490
81,635,490
331,818,491
592,757,492
310,604,492
79,722,494
527,800,495
737,318,495
62,339,496
698,270,496
163,87,497
611,197,497
14,95,497
331,316,498
89,942,498
91,702,498
686,954,500
136,459,501
832,984,502
299,899,502
410,614,502
921,216,504
970,603,505
907,49,506
846,959,507
642,368,507
698,774,507
554,616,508
614,922,511
630,319,511
59,823,512
418,137,514
632,300,514
440,412,515
512,890,515
859,800,516
324,731,518
929,681,518
294,882,519
694,142,522
10,209,523
53,149,524
912,626,524
49,631,525
817,899,528
522,514,530
708,248,530
898,332,531
811,880,532
965,528,532
583,340,533
223,720,534
764,167,535
971,341,538
994,905,539
276,307,540
805,316,541
455,644,541
568,411,543
617,673,543
861,904,543
334,878,547
920,419,548
162,865,548
553,733,550
893,544,550
254,863,551
592,19,552
680,717,552
533,294,554
375,1,556
84,391,556
567,749,557
7,777,557
409,888,558
270,81,558
787,264,561
797,99,562
809,344,563
140,891,565
851,36,567
50,681,570
180,377,571
440,275,572
899,690,572
549,258,572
184,659,574
494,450,574
847,126,575
240,898,575
793,265,576
974,456,577
90,148,577
683,914,578
140,1,578
784,365,578
481,544,580
996,536,582
826,890,582
675,869,584
263,244,584
477,290,584
61,598,584
829,298,585
821,995,586
789,622,586
964,874,587
12,420,589
830,180,589
308,189,590
586,544,592
118,494,593
977,242,597
972,580,597
436,690,597
585,518,597
749,229,599
126,493,600
246,881,600
735,847,602
891,536,603
211,594,603
103,570,603
366,413,605
769,805,605
788,846,607
545,260,607
599,215,607
95,511,608
671,719,609
72,568,610
235,598,611
824,211,612
437,974,613
964,838,613
994,800,613
524,950,616
532,340,618
796,255,618
983,448,618
844,694,621
335,396,622
918,82,623
753,557,623
800,113,624
831,975,626
136,520,626
723,892,626
577,656,626
996,609,628
578,223,628
812,61,629
771,882,629
906,13,629
428,391,631
332,511,631
102,538,632
936,867,633
479,633,634
799,95,636
550,615,636
206,303,636
262,60,638
532,542,639
464,564,640
133,377,640
45,916,643
927,344,644
55,442,644
820,377,644
694,141,645
343,466,645
21,328,646
661,303,647
12,5,647
221,332,650
46,86,650
706,449,651
314,459,653
576,222,656
578,434,658
38,378,659
921,193,660
127,816,660
67,328,661
763,481,661
638,589,663
287,962,664
548,999,664
476,686,666
804,839,667
403,926,667
511,670,668
418,397,668
228,120,669
248,142,670
742,350,670
923,289,671
952,473,671
536,304,673
757,889,676
567,101,676
656,202,679
468,41,679
455,402,680
683,794,681
181,584,684
161,717,686
691,735,688
636,23,691
881,86,691
206,195,692
181,577,692
70,670,693
902,788,693
156,970,697
254,884,698
686,496,699
75,901,699
567,76,700
183,791,701
76,87,702
776,832,702
126,949,702
479,567,705
99,309,708
420,266,708
904,467,710
984,382,711
968,653,711
828,112,712
737,430,714
570,315,714
309,696,715
101,245,715
655,609,716
846,372,717
902,611,719
286,933,720
856,637,722
466,752,724
315,359,725
742,225,726
896,189,727
220,957,728
882,413,729
25,342,729
929,706,730
331,851,731
221,85,733
28,391,734
642,711,735
12,758,736
246,326,739
180,331,740
997,115,740
998,477,741
333,7,741
560,577,741
716,819,742
109,668,743
589,978,743
281,332,744
420,189,745
810,668,745
815,377,745
239,975,749
669,163,751
323,128,752
780,787,754
605,978,754
537,607,756
6,752,756
981,249,757
157,248,757
808,178,762
37,889,763
220,60,765
542,841,767
276,373,768
140,48,768
861,296,768
140,951,769
184,839,770
393,209,770
115,210,771
957,641,774
759,95,774
433,321,776
138,175,779
356,791,780
223,498,780
338,830,780
848,914,782
191,220,784
540,681,784
956,73,786
938,492,786
792,824,786
238,282,786
153,495,786
611,560,788
783,885,788
968,598,791
657,49,792
304,552,792
363,105,792
854,812,792
732,120,793
601,839,794
228,875,794
133,128,796
54,517,797
575,225,800
631,376,802
504,144,803
942,274,803
537,962,804
13,963,805
620,335,805
237,740,805
433,778,806
14,716,806
562,855,806
207,532,808
505,610,810
95,684,811
65,707,811
525,234,813
460,421,813
12,330,814
38,42,815
930,155,815
881,712,816
984,104,816
8,64,817
566,820,817
254,119,818
96,969,819
793,777,821
894,287,821
540,584,822
892,137,822
696,506,823
885,881,823
966,998,823
205,190,826
990,269,827
798,48,828
233,527,830
60,755,831
912,165,831
913,35,836
120,326,837
123,195,837
435,796,838
893,979,839
369,183,843
381,332,844
335,179,845
655,334,847
777,674,850
875,446,851
688,710,855
276,897,855
546,578,855
55,834,856
621,566,857
348,862,858
887,204,863
201,157,866
560,782,866
291,929,867
328,242,868
88,710,869
47,573,869
714,946,869
433,94,871
945,404,872
630,923,873
870,566,873
341,978,875
228,789,876
431,720,877
248,86,878
726,298,878
686,958,879
955,891,879
474,92,880
698,132,880
72,69,881
133,820,881
198,475,881
676,754,881
211,702,882
62,18,883
216,812,885
870,80,886
650,562,888
375,546,889
569,58,889
306,817,891
709,972,892
805,309,893
769,304,893
693,87,893
373,336,894
975,11,896
129,616,897
648,444,899
13,301,899
345,660,900
40,619,901
510,231,902
748,744,902
408,222,905
805,672,906
532,588,907
962,589,908
371,937,909
102,477,909
898,137,910
763,712,912
753,795,913
860,941,914
254,748,915
666,274,915
850,542,917
895,422,917
233,904,917
392,463,918
375,381,920
387,233,922
68,415,923
586,437,926
622,774,926
225,383,927
686,797,928
858,832,929
891,812,930
651,149,930
210,244,933
726,587,934
94,479,934
101,890,934
553,591,936
405,739,937
1,94,937
778,460,938
389,364,938
739,769,939
3,275,940
905,543,940
465,296,940
960,81,941
528,847,942
352,625,943
857,947,943
958,459,944
288,234,944
490,310,944
513,607,944
421,348,944
382,690,945
33,627,945
657,801,946
162,341,947
445,52,947
910,251,948
381,204,950
379,560,953
391,649,953
89,985,953
262,796,954
14,189,955
471,919,956
187,477,957
987,842,958
840,12,959
167,781,960
216,965,960
626,605,960
573,698,960
463,515,961
257,76,962
517,197,964
827,217,966
568,840,968
236,123,968
164,983,970
8,31,970
428,284,970
394,634,970
727,754,971
630,256,971
80,816,972
149,136,972
955,784,974
124,301,974
197,547,975
773,125,975
565,9,976
230,142,976
127,744,978
61,395,979
189,742,979
347,609,979
686,325,980
505,130,980
366,677,981
177,263,982
395,964,982
946,844,989
576,684,989
13,102,989
229,371,990
36,771,991
728,370,991
684,684,992
843,503,994
748,362,995
966,666,997
592,44,997
737,276,997
