846,651,4
603,544,11
298,530,12
664,864,13
287,49,13
158,0,14
715,825,14
306,143,14
341,827,15
316,994,20
197,141,23
221,833,25
130,174,26
249,538,28
201,506,29
344,493,31
102,443,31
21,628,32
843,686,32
948,468,34
861,291,35
560,695,37
841,859,38
605,572,39
67,831,40
483,487,40
57,601,42
419,623,43
120,341,44
508,867,46
12,935,48
91,193,48
779,343,51
526,550,51
749,741,51
94,959,51
126,60,53
239,631,53
434,415,54
326,332,55
172,926,55
672,488,57
241,415,58
9,247,58
145,675,58
832,985,61
324,353,61
61,15,62
24,384,62
723,401,63
67,61,63
280,666,69
4,527,70
333,879,70
918,822,73
624,124,79
749,470,80
336,420,80
562,206,82
258,619,84
502,681,86
973,69,90
195,588,92
929,695,92
520,953,95
884,275,95
658,289,95
236,277,96
179,998,97
21,328,97
520,812,98
467,342,99
678,14,99
398,596,100
470,48,101
808,775,103
344,905,106
845,85,107
971,280,110
210,933,110
253,289,114
289,46,115
556,578,122
264,553,123
828,296,126
835,65,128
969,125,130
872,343,130
894,621,132
995,962,134
508,994,135
325,430,140
371,194,142
835,822,142
192,914,144
965,773,145
214,635,152
216,759,153
603,614,155
552,99,158
877,119,161
66,437,162
681,374,162
20,545,163
769,298,166
315,742,167
360,326,169
236,161,169
290,735,170
523,57,170
612,334,170
36,941,170
276,856,170
771,36,171
451,154,172
528,861,172
901,817,174
484,229,174
849,431,177
77,583,178
312,707,178
222,251,178
191,758,179
9,612,179
769,557,183
596,632,184
494,115,186
4,116,186
54,48,187
208,657,188
218,328,190
296,876,191
446,514,191
991,689,192
511,112,192
393,54,194
894,293,194
875,779,195
605,802,195
712,131,196
683,664,197
655,773,200
859,371,203
994,153,207
440,611,214
160,786,215
841,948,219
721,714,220
479,210,220
384,833,220
490,382,220
175,197,222
403,938,222
497,103,222
414,306,223
681,750,225
598,902,225
358,938,226
164,687,227
29,967,229
591,131,233
135,636,233
104,484,234
445,506,237
315,942,238
573,222,239
89,144,242
942,508,243
232,83,246
236,203,247
247,115,247
226,388,249
461,538,250
83,620,252
28,160,252
971,706,256
475,49,256
92,788,256
201,267,257
271,447,257
35,510,258
382,797,259
214,885,259
549,960,260
657,418,262
124,9,263
812,824,264
960,809,267
891,49,267
813,976,267
342,932,268
331,825,269
88,639,270
927,762,271
606,250,271
438,109,273
35,219,273
282,717,274
830,382,276
458,872,276
662,886,277
36,665,279
715,812,279
91,21,280
620,772,281
622,851,281
772,671,284
876,797,287
285,514,288
495,330,289
10,694,290
336,486,293
710,702,293
64,797,293
746,874,293
511,506,297
634,170,297
916,919,299
275,682,300
496,374,300
128,4,303
180,171,303
95,402,305
216,564,307
882,935,308
80,556,309
997,382,309
459,462,309
198,81,310
894,907,310
589,812,310
958,479,311
421,9,314
667,975,314
590,460,315
971,392,318
2,123,319
429,892,321
991,889,322
932,836,322
449,599,323
630,294,327
940,314,330
537,52,333
729,215,334
505,9,334
515,215,334
412,839,334
359,893,339
512,200,340
354,721,340
707,922,342
397,247,344
21,48,346
561,721,348
213,362,348
843,862,349
154,352,349
897,300,353
856,951,355
36,94,355
850,894,357
972,662,357
331,394,357
91,171,358
45,317,363
591,273,363
234,8,367
155,668,367
681,334,370
642,347,373
659,817,373
513,494,375
597,371,377
595,445,377
605,47,377
108,709,383
39,855,385
13,347,386
442,128,386
70,770,389
636,912,389
780,119,390
237,788,392
35,114,393
231,768,395
34,483,397
441,623,397
343,576,400
844,427,401
776,78,405
222,425,407
125,940,408
645,73,413
761,291,414
290,959,414
431,676,414
165,514,414
569,919,417
52,469,419
631,115,420
619,537,421
255,240,421
868,76,427
736,929,427
7,573,428
90,442,429
570,728,432
209,213,433
286,520,437
673,373,442
781,21,443
849,304,445
317,464,446
252,87,447
0,998,447
299,370,447
788,645,450
180,348,452
786,168,453
468,76,453
87,765,457
444,999,457
874,401,458
674,458,458
779,767,461
572,506,462
584,272,462
144,15,465
410,154,465
672,635,465
518,904,467
64,580,467
720,405,467
37,156,468
356,269,469
101,748,471
351,981,472
533,801,473
201,124,474
238,530,484
776,959,485
683,409,485
624,200,486
774,124,486
276,414,488
603,410,488
27,829,490
277,101,493
653,998,493
962,913,493
485,57,495
508,560,495
889,429,497
279,346,500
891,723,500
184,763,502
571,793,502
218,699,507
825,103,509
304,965,509
908,489,511
182,503,511
130,197,512
704,847,513
343,418,513
293,1,514
615,447,515
166,560,515
160,954,519
386,433,520
661,511,521
238,184,521
981,928,523
508,873,525
467,806,527
465,74,528
896,353,529
579,732,534
74,795,536
343,837,537
246,2,539
941,456,540
442,300,540
316,714,541
507,969,543
597,311,544
533,44,549
850,636,549
254,999,550
300,990,552
846,583,552
393,10,557
683,128,557
650,630,558
469,559,558
216,655,559
194,273,564
522,138,564
695,138,566
980,435,566
553,227,568
975,417,569
865,133,571
276,108,576
376,924,576
890,914,577
578,737,577
434,389,578
974,821,579
711,50,579
260,704,580
210,489,580
778,931,580
442,866,581
636,581,585
660,778,589
870,416,589
55,780,593
218,801,595
399,623,596
550,409,597
143,337,599
38,819,599
116,754,603
537,618,603
782,684,604
802,242,605
378,808,607
118,975,610
24,403,612
314,64,613
102,741,613
592,372,614
897,546,616
353,809,616
153,659,616
408,118,617
143,775,617
4,765,618
79,194,620
761,702,624
220,199,626
717,960,629
315,329,629
175,366,633
724,212,634
259,494,634
337,754,636
805,665,645
279,264,645
164,947,646
122,833,646
890,48,649
493,121,649
159,497,652
797,259,652
898,219,652
681,460,656
85,868,660
850,245,661
228,974,662
162,344,664
253,678,667
481,7,667
662,718,667
975,816,669
40,390,670
335,133,671
408,575,671
229,898,674
447,791,674
770,578,674
434,678,675
511,139,679
296,867,679
99,938,680
920,979,682
734,58,682
351,898,683
682,343,687
131,308,692
939,785,692
582,315,693
413,258,695
159,393,696
346,110,697
766,781,697
8,762,699
469,48,700
625,106,701
141,235,702
509,958,709
725,422,711
973,727,714
207,611,714
636,57,715
308,608,719
386,340,720
437,6,720
527,675,720
55,12,723
664,909,723
290,55,736
847,437,737
251,536,739
95,252,740
592,510,741
588,578,742
82,692,742
491,858,743
486,586,744
987,352,745
544,634,746
129,38,747
946,985,752
790,125,752
844,880,753
512,692,756
607,95,758
73,589,759
354,110,760
569,415,761
208,775,762
947,20,763
455,596,764
792,24,764
690,490,765
960,407,767
930,854,767
212,458,769
842,45,770
352,870,770
27,471,772
125,461,772
490,325,775
324,923,779
957,45,779
765,194,779
473,330,784
961,6,786
849,974,790
786,302,791
602,39,791
777,535,792
693,298,793
728,673,793
67,171,794
196,678,794
404,959,795
571,630,795
616,361,796
402,900,796
83,898,796
457,896,797
394,661,798
611,458,799
163,255,799
473,788,802
537,11,804
880,947,805
98,933,805
89,176,806
901,892,808
975,894,808
623,558,808
446,503,809
229,895,809
362,80,809
129,145,811
802,453,812
423,395,813
625,624,813
65,781,814
501,929,820
481,684,823
278,348,827
844,700,829
530,369,831
381,278,834
894,343,838
909,367,839
318,393,841
762,98,841
839,864,842
351,109,843
66,883,844
966,792,848
772,574,848
479,424,849
564,21,851
861,649,851
742,824,852
246,741,853
597,65,854
820,720,856
322,263,859
385,704,862
634,150,864
416,79,864
93,4,866
917,822,867
354,556,872
726,235,872
85,718,878
361,436,879
838,531,879
52,818,880
32,291,880
190,263,882
899,569,885
95,534,886
230,278,887
2,905,887
69,697,887
554,492,888
437,653,891
549,611,894
228,537,894
782,377,894
913,862,897
49,519,897
594,882,898
685,81,899
836,530,902
400,867,902
966,190,903
39,372,905
705,919,906
365,811,907
179,62,908
681,200,910
203,122,910
721,686,911
829,79,912
371,524,913
382,598,913
269,758,914
163,318,916
207,448,916
216,195,917
699,624,918
331,1,923
371,108,926
261,385,929
892,575,929
97,557,938
761,501,941
988,686,945
367,482,945
414,937,946
559,417,946
31,184,948
934,572,950
931,472,951
504,466,953
321,807,955
695,27,959
485,403,960
73,468,961
232,208,965
835,517,967
571,577,968
585,475,970
846,616,972
842,835,973
699,758,976
774,188,977
950,897,978
598,832,982
807,558,982
132,747,983
77,652,985
368,980,986
137,641,989
752,474,989
9,884,991
826,338,992
683,922,994
440,301,996
