412,695,0
189,278,1
372,356,1
111,83,4
395,913,4
506,682,5
56,575,5
811,827,9
79,685,9
399,571,11
687,188,12
988,472,13
653,233,13
139,485,14
592,625,15
693,693,15
682,548,15
313,588,16
906,772,17
294,590,20
853,440,21
746,675,23
579,373,24
688,922,24
174,610,24
492,13,26
2,41,26
337,726,26
948,293,26
91,428,27
475,522,27
292,337,28
653,967,28
552,369,29
842,292,30
458,539,31
436,179,31
386,359,32
533,978,32
716,179,34
227,318,34
868,78,35
673,152,36
251,544,36
491,352,37
719,455,41
807,614,41
99,788,42
707,64,42
46,715,45
215,629,49
183,863,50
341,150,50
53,252,51
567,70,51
119,665,53
277,317,53
121,502,56
53,970,56
841,299,56
158,237,57
58,710,58
318,405,58
358,523,59
961,503,60
919,83,60
902,547,61
179,71,61
301,425,62
540,265,63
248,11,63
888,531,65
121,86,65
58,775,68
601,863,68
315,744,68
371,827,69
331,163,69
368,398,70
522,114,71
940,965,75
579,582,77
567,886,79
381,799,81
314,933,81
113,481,85
546,391,85
532,538,85
363,390,85
726,709,86
894,823,86
217,22,87
322,510,90
840,52,90
12,129,91
392,859,92
215,426,92
279,60,92
64,768,92
466,413,94
721,522,94
326,932,94
575,144,94
228,806,95
340,277,95
724,99,95
617,790,96
449,679,97
217,947,97
42,76,98
279,477,100
482,454,101
626,666,101
870,789,102
646,563,103
512,230,103
813,944,103
704,724,104
493,575,104
615,326,106
345,14,107
749,346,108
559,787,108
57,746,109
680,120,110
369,887,110
750,79,115
727,993,115
331,190,116
19,462,116
44,469,116
17,250,118
578,816,120
47,6,120
916,661,122
813,397,123
576,668,124
369,552,125
438,974,125
634,630,127
139,812,129
922,571,129
307,301,130
579,483,130
333,709,131
756,128,131
908,542,131
916,590,132
418,481,133
991,885,134
444,229,134
316,396,135
252,350,135
772,362,135
279,298,136
482,737,137
267,478,137
356,778,137
342,638,138
362,138,140
981,716,144
63,27,145
529,153,146
559,867,149
680,295,149
278,872,152
91,636,154
541,429,154
264,666,158
162,121,158
777,222,158
942,991,159
453,798,159
663,480,159
386,873,161
277,110,162
370,617,165
317,517,165
420,125,165
879,22,166
873,881,167
321,764,168
926,95,169
475,714,170
526,248,173
87,171,173
733,89,173
492,902,174
575,24,176
615,425,177
850,415,180
383,855,180
879,478,181
432,788,181
663,168,181
773,763,182
277,843,182
506,232,182
52,763,183
57,418,184
597,100,184
289,804,186
553,162,186
533,70,187
391,786,189
507,679,191
134,963,192
366,469,192
231,477,195
153,905,197
77,420,197
545,127,200
664,974,200
654,242,204
757,448,205
904,730,205
206,337,206
129,921,208
715,676,209
246,78,210
358,295,212
712,670,213
69,845,213
612,311,214
268,595,216
28,735,216
885,457,217
523,886,218
769,268,219
521,397,219
94,648,220
459,728,220
152,702,220
69,749,221
540,895,221
427,359,226
717,282,227
781,612,227
847,373,227
523,87,228
209,316,228
516,443,228
228,231,230
914,284,230
693,219,230
104,420,232
775,694,233
540,288,233
280,641,233
868,268,235
902,477,236
40,443,237
528,378,238
400,775,238
751,694,238
490,917,239
891,130,239
229,289,239
553,529,240
967,944,240
950,705,240
190,899,241
551,164,243
566,401,244
84,95,247
583,785,248
883,888,249
851,245,249
107,336,249
143,339,250
561,39,252
150,23,253
753,555,254
652,436,256
98,895,257
270,404,257
40,518,259
813,436,259
936,48,259
849,568,259
203,512,259
160,988,261
473,938,263
608,475,263
986,436,264
897,927,264
255,881,264
134,633,268
386,216,269
329,666,269
947,336,270
520,849,270
133,182,270
245,127,271
479,126,271
738,957,272
45,442,273
976,87,275
526,353,275
699,6,275
79,928,276
634,289,277
310,408,279
223,808,279
470,299,280
830,380,281
741,173,281
317,746,282
466,782,283
886,280,284
980,21,285
250,706,287
881,421,288
668,523,288
7,338,289
320,720,289
915,902,290
919,86,291
742,227,291
83,436,293
255,615,294
147,805,295
791,45,295
690,612,296
798,947,297
628,887,299
179,671,299
777,286,299
416,403,300
203,968,300
212,277,300
136,81,302
536,675,304
25,147,305
675,351,306
715,381,308
238,453,311
874,149,313
644,267,314
167,761,315
389,7,318
555,613,319
679,726,319
275,420,320
250,975,321
513,61,322
421,317,324
656,686,325
368,677,325
842,230,325
751,693,327
583,415,327
105,711,329
837,365,329
848,509,332
702,964,334
925,366,335
936,215,337
720,254,337
133,827,339
175,7,340
648,873,340
667,22,340
749,825,343
751,517,344
977,513,345
678,724,346
744,162,346
0,719,346
158,319,346
611,321,347
417,502,347
536,362,348
712,236,349
925,129,350
149,423,350
82,771,353
581,158,353
790,745,354
528,161,354
718,456,354
413,278,355
170,242,356
152,505,356
639,175,359
765,513,361
723,251,361
93,837,366
520,913,367
609,925,368
153,667,369
793,809,369
270,895,370
606,943,373
818,10,374
140,445,378
72,222,379
313,159,381
587,19,381
578,841,381
334,786,382
258,610,382
786,103,382
520,692,382
766,938,383
915,225,386
866,314,387
576,647,387
768,605,390
972,82,392
252,623,394
789,122,395
671,109,396
157,630,396
482,262,396
252,695,398
884,128,399
62,728,400
634,726,401
422,939,402
388,407,403
537,429,403
976,986,404
273,638,405
527,515,406
67,324,409
763,537,410
628,452,413
376,63,414
829,666,415
517,408,416
611,642,416
94,637,418
768,864,419
193,804,419
286,276,419
919,833,419
392,675,420
504,557,421
913,517,421
419,597,422
717,929,423
319,185,423
291,11,424
731,934,424
224,35,425
161,640,426
45,993,430
119,796,431
87,330,433
522,641,433
157,608,433
856,470,434
451,590,437
175,599,438
847,924,440
829,645,443
863,845,443
862,317,444
527,561,444
701,145,444
895,812,444
981,97,445
717,263,446
112,56,449
707,43,452
462,642,452
6,832,454
919,444,454
207,512,454
234,286,454
227,582,454
476,908,455
247,359,455
727,704,458
948,992,460
947,208,460
981,465,461
821,655,463
102,258,465
919,154,465
523,871,465
907,888,467
70,19,467
492,358,468
94,756,468
729,96,468
865,641,469
145,651,469
923,981,469
26,146,469
280,260,470
97,796,471
451,276,471
114,759,472
599,359,472
972,618,472
306,987,475
772,670,478
469,923,479
752,136,480
212,732,482
826,563,485
210,463,487
983,586,487
673,968,488
255,586,489
710,456,489
324,776,489
475,429,490
720,104,490
457,871,491
172,561,492
764,378,493
731,640,494
134,351,495
645,203,495
947,742,499
626,657,499
168,216,501
533,225,501
422,473,502
508,144,502
795,105,504
442,185,507
82,262,507
373,676,508
273,218,508
189,592,508
935,345,508
886,563,509
552,317,509
642,21,510
231,207,511
802,895,511
775,855,513
501,140,516
162,446,517
80,291,517
238,789,517
157,704,520
154,251,520
29,994,520
389,225,521
24,259,523
514,38,525
529,589,525
115,411,525
306,254,526
263,761,526
850,829,527
698,698,527
793,899,528
831,735,529
245,946,530
965,4,530
827,902,531
34,591,532
403,894,532
168,377,532
495,815,533
157,289,533
283,232,533
350,813,534
888,135,534
590,953,534
667,640,535
546,694,536
886,529,536
120,343,538
26,822,539
560,533,541
89,914,541
326,434,541
988,801,542
535,148,543
531,555,546
513,321,547
453,645,549
271,286,550
98,335,550
695,190,551
701,722,551
671,240,553
633,615,555
391,107,555
247,190,555
832,631,555
809,384,555
924,297,555
51,310,556
532,104,556
312,487,558
745,79,559
783,310,559
318,551,560
348,322,560
390,522,561
896,303,566
786,138,566
343,190,566
622,306,572
902,630,574
121,782,575
75,463,576
767,352,577
492,364,578
832,444,580
961,410,582
131,556,583
291,31,584
726,505,586
409,373,586
918,892,586
923,196,588
86,214,588
125,357,588
779,479,589
638,567,590
355,481,591
428,234,596
585,686,598
272,569,598
975,135,598
752,903,599
842,958,600
931,972,601
120,972,602
771,798,603
351,896,604
913,653,605
991,357,607
218,469,609
676,597,610
720,561,611
800,533,611
195,590,615
368,853,615
490,697,616
284,586,618
398,789,620
692,973,620
902,789,620
269,533,622
435,851,623
985,389,623
465,360,623
187,256,626
564,227,628
979,333,629
526,360,629
158,389,630
976,852,631
302,415,633
840,472,634
830,230,634
3,546,634
524,166,636
827,329,636
494,779,638
674,644,638
813,448,638
173,657,638
433,373,639
54,621,639
997,576,639
756,24,640
752,69,641
307,784,642
721,859,643
341,208,645
177,359,645
566,316,646
799,384,646
735,911,647
404,855,651
538,848,652
529,71,657
567,231,658
225,707,661
787,358,662
845,424,663
738,385,663
974,745,664
411,128,665
161,594,665
7,202,666
898,514,666
981,428,667
731,926,669
976,679,669
674,792,670
798,903,673
383,856,673
973,440,674
1,81,677
532,675,677
234,685,678
568,141,678
906,964,678
481,58,678
646,263,679
347,897,680
286,612,683
165,683,684
201,995,687
399,392,687
477,157,688
727,929,689
503,579,689
199,157,690
971,814,690
556,648,693
324,19,693
429,832,694
361,944,695
247,987,695
608,310,697
688,188,697
535,974,697
825,356,698
207,925,701
266,616,706
679,251,707
715,798,707
859,630,709
639,548,711
171,923,712
438,738,713
543,563,714
869,702,714
381,216,715
372,243,715
874,421,718
920,195,719
417,648,719
319,358,719
960,431,720
539,213,721
83,561,722
935,494,724
477,30,725
791,888,727
698,393,729
92,689,731
619,330,731
956,268,731
973,472,733
15,505,734
987,392,736
98,763,737
591,252,737
80,538,738
39,5,739
948,88,739
565,948,740
240,5,740
159,443,740
507,789,744
459,974,745
543,510,745
744,912,745
616,802,746
846,844,748
963,183,749
681,918,750
426,279,750
811,437,750
818,63,751
375,916,752
351,672,754
680,418,754
808,252,755
896,33,760
477,616,761
122,464,761
310,676,761
910,496,762
236,818,762
109,144,763
387,393,764
370,132,764
524,277,767
920,179,767
473,977,768
869,706,768
491,884,771
732,364,771
322,512,775
329,536,776
841,75,777
915,229,777
495,78,778
341,692,779
123,15,779
824,932,780
811,411,780
672,564,781
937,349,782
304,101,783
141,803,784
203,7,784
286,821,785
689,643,785
892,519,785
73,284,786
212,354,788
975,797,789
576,856,791
821,516,794
678,614,794
664,997,795
104,370,795
805,572,795
830,370,796
287,283,797
300,649,797
166,142,797
50,66,798
945,235,799
447,712,799
19,203,800
704,75,800
440,160,800
832,230,806
317,406,806
281,216,808
828,999,808
856,715,811
121,630,812
630,960,814
257,625,818
363,349,820
635,329,820
975,488,820
773,10,822
562,187,822
140,920,822
869,925,825
20,268,825
549,511,826
820,464,827
933,978,828
895,502,828
219,377,828
69,341,828
443,638,829
699,960,829
658,864,832
811,369,833
403,146,833
66,443,833
829,635,834
447,441,835
337,66,835
903,49,835
378,466,837
118,737,837
976,478,837
653,49,838
551,797,838
211,588,838
555,314,840
255,624,840
720,878,841
512,435,841
127,173,841
239,427,842
76,67,842
864,316,842
900,829,844
288,254,845
261,119,845
675,272,846
140,834,847
725,57,848
270,831,848
16,748,848
327,522,849
572,248,850
658,300,851
402,255,852
178,8,854
893,813,855
942,117,855
688,743,855
206,479,856
644,156,856
837,209,856
638,828,857
766,650,857
292,317,858
659,148,860
31,685,862
232,908,863
996,768,864
433,709,864
896,485,864
140,775,867
451,659,868
691,802,869
185,202,871
18,67,875
613,581,875
877,529,876
342,983,876
922,671,878
631,256,880
723,343,881
39,243,883
667,843,885
502,165,885
160,498,886
952,97,889
455,276,890
210,871,891
958,878,891
509,210,892
200,660,893
660,915,894
883,20,895
908,369,898
922,456,899
784,750,899
607,819,901
112,882,905
6,624,906
689,841,907
462,459,908
377,568,908
888,132,908
69,241,908
904,605,909
164,399,909
412,218,909
818,536,910
998,637,911
510,8,911
668,246,912
861,630,913
200,375,914
704,335,914
827,231,915
136,993,916
193,938,918
86,686,918
477,602,919
772,455,920
974,847,921
841,647,922
81,781,922
404,797,922
692,36,923
818,946,925
733,316,926
360,574,926
858,236,927
403,125,930
426,544,930
901,696,933
8,464,933
334,748,934
442,96,934
747,434,937
315,91,940
231,17,941
420,551,943
351,713,944
870,505,944
624,153,946
302,458,946
437,649,947
373,228,949
802,265,949
973,810,952
978,458,953
476,997,953
612,468,953
476,209,954
689,272,956
352,715,957
623,561,957
758,448,959
490,208,959
16,527,960
773,708,961
176,372,962
564,624,963
721,278,963
493,408,965
928,409,967
338,526,968
476,790,968
220,733,970
711,794,970
95,435,970
558,247,973
883,947,976
729,497,977
348,73,977
471,390,977
982,72,979
834,93,982
794,694,985
435,386,987
906,546,988
638,917,988
974,174,988
104,830,989
688,45,990
76,684,990
197,47,993
497,112,994
368,895,994
675,474,994
918,532,996
273,809,997
400,654,997
694,706,998
75,598,999
