973,313,1
613,352,1
68,956,3
462,183,3
482,677,3
308,956,5
637,973,8
448,994,10
359,703,10
272,130,11
838,407,12
635,710,12
920,863,12
101,212,14
480,481,14
944,823,20
766,560,24
337,420,24
854,986,27
177,619,28
152,176,28
426,135,29
723,798,29
974,666,30
642,111,33
398,342,35
666,291,36
120,950,36
126,935,38
358,794,42
403,98,44
716,203,45
710,813,46
200,866,47
478,834,48
493,435,49
642,382,49
709,426,50
940,762,51
848,313,51
548,355,51
351,70,53
507,968,54
131,940,55
554,22,56
401,711,56
865,534,57
749,7,57
289,951,58
831,811,58
194,78,61
447,196,61
671,684,62
794,219,62
237,377,63
545,527,65
636,348,65
787,374,66
993,213,67
661,857,67
210,800,67
536,184,68
280,404,69
110,495,72
33,313,76
922,93,76
560,95,77
408,769,79
838,53,80
438,603,82
794,929,84
544,693,86
168,612,88
594,644,88
704,215,88
54,912,90
274,495,91
346,228,93
189,401,94
880,95,95
572,217,96
928,470,97
578,527,99
900,13,103
832,947,106
922,156,106
228,125,111
188,841,112
540,691,113
94,974,115
541,62,115
765,866,115
530,193,116
171,938,121
808,16,121
90,880,122
25,575,122
191,883,123
344,106,123
692,515,125
550,532,126
415,685,126
949,201,127
948,829,127
248,916,129
221,595,131
909,183,132
693,57,133
759,851,136
757,142,142
315,531,144
530,168,145
675,439,145
525,676,148
556,803,149
350,683,150
254,711,152
0,137,153
446,909,155
550,677,158
486,648,161
448,683,163
427,866,164
456,663,169
121,804,171
718,811,174
662,417,177
631,705,178
984,19,179
262,298,179
571,566,181
26,406,181
894,676,184
145,154,187
578,616,193
982,781,196
828,178,196
514,237,196
280,144,197
585,484,198
46,946,199
75,673,199
227,900,200
673,614,201
6,801,201
776,595,202
885,965,202
446,136,204
715,469,204
45,877,204
338,282,205
35,872,208
110,31,209
470,689,209
616,928,210
637,512,210
23,119,210
979,774,213
699,50,216
285,544,219
215,412,221
106,576,223
170,281,227
943,662,228
260,304,228
169,28,229
75,68,231
411,337,231
125,736,231
693,601,236
344,479,237
242,194,238
813,259,239
276,403,240
981,599,240
342,3,241
654,610,241
703,671,243
361,157,244
359,469,244
21,874,246
964,733,246
851,84,247
573,504,250
79,987,252
217,242,253
253,370,253
520,715,253
9,93,254
846,849,254
400,125,254
929,605,256
506,126,257
806,180,258
796,599,260
812,482,265
555,187,267
265,298,267
559,156,268
827,499,273
744,504,273
337,129,274
2,236,278
105,56,278
288,613,280
296,564,281
118,361,281
257,440,281
411,513,284
324,240,288
254,371,291
658,483,292
268,993,293
575,153,293
92,559,294
941,471,294
429,7,296
564,320,296
694,120,300
454,190,301
582,785,304
352,633,304
780,509,307
714,471,307
987,747,309
412,474,310
514,383,321
718,694,322
320,459,322
240,146,323
986,567,325
758,149,329
474,373,329
801,285,329
92,99,329
886,38,331
901,322,333
78,51,334
811,106,336
632,965,338
565,709,339
618,729,344
22,967,346
687,193,350
928,204,351
210,910,351
772,509,352
339,755,356
611,60,356
975,577,357
326,291,358
216,393,358
872,301,358
822,105,359
725,584,362
443,634,363
165,514,364
193,948,365
43,455,366
245,226,368
699,359,368
60,89,369
716,867,369
50,512,369
655,605,376
870,59,377
420,952,378
223,884,379
741,818,384
380,779,385
569,348,388
478,928,389
709,315,389
840,447,390
677,164,391
424,545,391
906,288,394
519,359,398
961,402,398
382,770,399
943,116,402
963,969,402
926,282,403
238,343,406
108,756,410
915,174,410
148,140,414
748,322,415
643,64,415
173,502,416
938,958,418
312,439,421
335,776,424
111,738,425
697,191,425
556,221,426
188,35,429
539,868,430
10,183,431
586,5,433
763,358,433
743,267,434
256,908,435
69,626,439
760,272,440
476,860,442
739,424,443
569,75,443
364,510,444
683,39,445
157,435,445
923,138,447
736,710,447
55,390,447
991,681,447
866,865,450
865,679,451
144,699,452
389,999,453
75,731,454
211,820,455
171,820,455
599,259,458
946,85,460
314,206,461
728,736,465
393,958,465
991,644,466
739,424,471
5,975,472
175,865,474
952,630,476
972,301,476
295,741,479
579,398,481
682,300,482
226,427,482
713,295,482
12,480,483
461,259,487
966,641,488
773,172,488
858,576,489
676,649,489
23,856,489
874,568,493
28,389,493
67,371,493
643,316,497
430,775,497
513,283,498
314,286,499
180,955,504
876,886,505
66,766,505
730,28,505
558,779,505
686,25,505
93,348,506
314,283,509
77,238,512
904,23,512
500,45,513
631,787,513
643,530,515
157,989,516
205,946,519
700,582,521
103,799,523
373,559,523
142,676,524
507,939,525
629,167,526
950,349,529
964,84,535
581,385,537
706,40,540
10,629,543
295,792,544
38,526,544
910,513,546
229,33,546
750,269,547
62,708,549
758,651,549
50,21,550
437,58,552
990,835,553
919,246,557
574,432,558
565,859,560
623,413,563
634,442,563
263,496,565
803,702,566
864,322,569
77,974,569
535,314,570
732,278,570
823,933,570
393,842,570
364,400,572
177,635,575
653,45,578
320,661,578
654,549,581
578,611,581
4,439,582
853,641,583
533,975,587
67,445,587
332,805,590
523,608,591
523,179,592
670,517,595
826,90,596
909,944,597
462,790,597
634,985,598
693,583,598
654,606,599
304,991,599
281,538,600
319,893,601
385,865,601
527,963,603
974,462,603
909,720,607
468,615,610
122,388,612
705,306,612
851,580,615
248,579,618
248,697,619
682,425,619
136,455,619
550,327,620
356,747,621
208,288,623
470,105,624
373,47,628
310,535,629
473,597,629
260,35,630
868,500,632
123,28,633
853,267,634
887,765,634
68,87,635
644,197,635
729,918,637
570,522,638
679,609,641
851,99,641
520,741,642
101,197,646
644,981,646
160,309,647
425,45,648
537,695,648
992,913,649
285,716,649
257,773,650
432,64,651
370,107,654
650,549,655
48,627,657
788,214,659
461,830,660
41,236,661
413,163,663
622,814,664
307,426,666
299,477,668
537,382,669
629,989,670
828,464,671
562,523,672
499,389,673
988,70,684
832,175,684
102,848,685
881,885,687
798,917,696
446,528,698
604,459,698
352,788,698
896,866,698
768,354,700
333,462,704
745,379,705
869,989,706
120,164,707
360,787,707
250,949,709
397,803,709
678,227,709
264,817,709
558,23,711
296,737,713
568,637,713
491,230,713
162,801,716
559,592,717
341,979,722
464,80,724
401,351,724
666,394,726
17,986,726
842,275,728
449,638,735
996,142,736
192,747,739
711,47,739
133,896,740
544,485,757
345,181,758
408,293,760
632,621,760
698,507,761
96,409,765
958,813,765
533,375,766
321,975,766
53,554,767
810,85,769
392,494,774
753,208,776
874,116,781
647,380,783
963,70,785
839,407,786
57,550,789
400,929,790
610,50,792
554,186,795
331,518,795
708,90,797
713,94,797
274,49,797
863,485,798
657,957,798
177,286,799
842,781,803
315,396,806
90,170,807
113,119,812
426,925,819
892,603,819
985,583,824
263,546,825
536,236,826
281,725,828
580,61,830
177,393,832
206,999,836
585,750,837
524,226,840
559,743,842
705,831,842
310,333,846
465,738,848
620,381,850
20,292,852
257,670,853
953,284,853
764,431,855
976,784,855
433,429,855
702,8,856
125,143,861
359,500,865
864,910,866
775,590,866
638,88,866
37,56,866
817,662,867
192,651,867
749,562,867
862,809,868
871,764,869
370,187,869
856,269,869
537,106,873
194,125,876
67,655,877
885,345,879
420,446,879
687,89,881
17,935,881
541,52,881
425,402,882
962,285,882
823,986,882
658,588,884
131,106,885
366,380,889
51,11,889
169,549,891
338,209,893
100,425,893
82,699,894
997,578,897
760,113,898
278,85,898
152,759,900
847,356,901
409,541,902
754,52,902
246,597,906
600,505,906
311,793,906
922,608,907
956,438,908
44,868,908
825,847,909
467,518,910
152,927,911
128,516,913
101,597,919
850,2,920
632,402,922
268,369,922
970,183,924
304,58,925
204,840,926
714,184,928
669,912,929
154,220,930
572,52,931
94,586,932
721,187,932
701,947,934
612,654,935
29,996,935
705,625,935
832,639,935
919,746,937
402,815,937
411,507,938
756,887,945
600,871,946
181,421,946
928,297,948
897,110,951
387,411,952
927,48,953
219,868,955
206,277,957
430,940,958
938,973,959
982,264,960
810,420,962
198,226,963
875,810,963
861,394,964
86,17,968
38,555,970
849,759,971
169,168,972
954,303,975
220,76,977
150,420,977
423,847,977
31,12,978
646,533,978
462,407,978
325,772,983
123,239,985
68,743,986
421,866,987
219,642,987
731,940,988
433,657,989
937,209,990
246,116,991
723,779,993
327,916,994
764,409,997
252,419,997
