865,97,0
66,884,3
91,455,3
219,621,4
261,626,4
270,509,4
428,983,7
647,923,7
429,449,8
390,558,8
570,89,8
898,402,9
220,137,11
276,850,11
649,498,15
274,525,15
910,929,16
856,410,18
92,63,19
898,704,20
107,563,20
736,194,21
159,500,22
868,918,24
448,985,24
720,636,26
80,979,26
53,27,28
313,857,28
69,241,28
332,531,29
388,831,29
723,919,29
198,426,29
643,937,30
986,845,30
481,510,30
731,680,31
539,30,35
899,285,36
190,346,38
997,513,39
577,309,39
280,906,41
215,798,41
485,166,43
746,248,44
850,609,45
158,32,50
766,132,53
654,829,54
386,125,55
309,786,56
183,356,56
484,754,56
471,885,57
542,379,62
110,750,63
897,434,63
838,730,63
398,53,63
512,224,64
94,791,64
216,178,64
208,40,65
610,49,65
965,428,65
101,290,67
623,472,68
61,863,68
65,296,68
43,695,70
468,251,70
11,462,71
104,570,72
469,527,76
425,439,77
658,602,77
679,882,77
641,928,79
836,343,79
547,544,80
904,218,80
686,839,81
983,977,81
959,537,82
366,524,82
363,644,83
161,734,83
78,541,85
85,620,85
977,106,86
612,621,88
285,77,89
551,686,89
691,652,90
801,18,92
300,324,93
490,669,95
830,527,97
211,244,98
334,59,98
250,989,98
213,774,98
413,409,99
278,460,100
450,72,101
189,744,101
77,427,102
670,112,102
873,801,103
445,780,103
382,826,103
236,628,105
733,374,105
268,556,106
990,65,107
773,514,108
225,846,109
637,499,109
389,902,109
448,303,109
713,500,110
507,497,111
917,961,111
432,166,115
546,569,116
850,608,117
724,348,119
141,405,122
516,601,123
923,506,123
995,794,123
895,598,123
170,469,123
809,799,126
614,606,128
765,104,128
828,47,128
785,326,130
841,629,132
868,238,134
374,548,134
993,520,134
100,767,135
280,283,137
409,816,137
212,682,142
245,748,143
362,112,144
141,932,144
119,951,145
402,80,146
818,952,146
763,102,147
770,893,147
74,110,149
38,838,151
721,979,151
90,960,154
238,280,156
410,747,156
408,401,157
230,7,159
45,304,162
221,265,163
226,119,163
304,940,164
329,603,165
972,94,165
729,374,165
212,274,167
209,628,168
778,376,168
490,935,169
761,516,170
425,231,170
683,623,171
628,74,172
676,65,172
550,782,173
942,164,174
527,962,174
870,156,175
293,644,175
746,845,177
490,920,177
720,908,177
471,707,177
917,617,178
958,281,179
345,382,180
747,466,180
259,498,180
216,191,181
564,896,182
270,294,183
48,319,186
754,967,188
925,3,188
801,462,189
311,13,190
659,939,190
478,793,190
487,809,194
557,731,195
727,346,195
193,29,195
681,318,196
153,332,196
159,431,196
77,112,196
281,36,199
763,479,201
872,65,203
368,335,203
103,150,203
477,189,208
403,93,210
253,629,211
890,21,211
646,778,212
153,474,213
824,270,214
925,166,214
621,534,215
60,484,216
837,921,217
819,296,219
169,824,222
384,117,224
943,124,225
311,201,225
281,390,227
763,740,228
774,29,228
433,595,229
939,369,230
203,879,230
453,612,231
548,902,232
488,447,232
360,25,232
254,661,232
597,727,232
609,257,233
765,197,233
189,105,233
931,810,234
577,859,237
650,156,237
819,136,239
966,743,240
244,423,241
230,367,242
755,41,242
946,463,243
156,645,244
767,564,244
26,619,244
150,986,244
381,885,245
492,545,246
775,135,246
438,285,246
957,432,248
394,6,249
946,491,249
446,933,250
87,29,252
775,333,253
109,716,254
226,833,257
381,525,258
820,118,259
227,265,260
416,106,260
771,294,261
68,331,262
893,901,262
677,388,262
610,864,264
879,643,265
681,478,266
219,952,266
880,600,267
494,388,267
697,3,268
419,502,269
638,130,271
983,959,271
17,756,272
222,7,273
933,952,273
337,48,274
738,467,275
694,37,276
453,996,278
961,252,285
919,506,286
591,555,289
58,919,291
589,622,294
697,728,294
748,53,295
624,625,297
392,775,298
300,267,300
58,922,301
740,140,301
190,276,302
985,280,302
144,918,303
209,958,304
360,874,304
771,889,305
684,892,306
693,872,306
353,680,306
251,420,308
187,791,309
579,663,309
627,954,312
925,74,313
88,91,314
93,13,314
755,923,315
109,26,315
967,869,315
635,973,316
636,751,316
702,973,317
569,163,318
572,354,320
958,294,324
904,830,326
882,731,327
77,294,328
445,449,332
600,65,333
556,897,337
794,584,339
100,786,339
815,817,342
139,710,342
726,459,342
466,292,343
968,438,343
324,373,343
252,486,344
789,745,345
86,580,346
356,564,347
665,358,347
418,858,347
236,206,348
339,766,348
740,573,349
951,587,349
208,401,349
952,425,350
227,319,351
224,160,351
699,769,351
345,765,352
540,691,352
469,790,354
488,869,354
23,388,355
259,336,356
327,339,362
417,472,363
649,755,364
82,149,366
785,644,366
427,689,367
46,663,369
906,120,369
303,794,370
402,381,370
810,571,372
637,520,372
128,352,372
988,458,374
620,382,376
350,248,377
669,51,377
865,922,378
240,672,378
621,997,379
171,853,381
75,299,384
151,634,385
729,111,386
634,263,387
519,387,388
997,634,390
147,104,393
127,425,393
949,686,393
104,283,394
595,697,394
537,550,397
256,872,398
353,253,399
258,635,399
544,568,399
888,697,400
677,371,400
713,181,402
477,209,403
911,31,403
352,195,405
792,746,405
638,557,405
589,721,407
451,199,408
888,980,408
214,352,408
800,706,409
567,185,410
817,355,411
135,976,413
718,317,413
433,365,415
884,138,415
537,343,415
15,673,416
532,485,417
442,229,417
935,405,418
37,573,420
697,36,422
650,771,422
34,742,423
441,83,423
770,771,425
386,164,426
260,856,429
808,639,431
871,138,432
929,118,436
211,34,436
213,428,436
483,106,438
708,998,440
979,455,441
257,203,441
347,650,441
952,983,443
827,369,444
336,98,444
13,711,445
725,240,446
482,600,449
647,919,450
969,950,450
74,930,450
391,29,450
806,731,451
404,678,452
102,472,453
854,804,453
310,557,453
394,603,454
790,296,454
37,242,454
554,891,456
403,176,459
688,682,461
451,55,462
440,136,462
545,429,462
79,126,465
898,317,465
87,62,467
76,682,470
76,433,471
469,477,472
366,870,472
728,465,475
117,124,475
402,822,476
629,952,476
759,702,477
172,786,477
297,502,477
588,343,479
411,341,479
67,386,480
646,168,483
373,606,484
154,951,485
353,195,486
61,634,487
833,514,487
525,803,487
194,220,487
708,160,488
425,257,489
177,892,491
441,353,491
964,901,492
524,924,493
467,627,496
240,313,496
987,852,496
389,278,497
438,399,498
322,436,498
758,295,500
610,724,501
453,856,502
144,722,504
498,258,504
363,553,505
733,575,505
974,819,505
233,268,506
322,878,507
554,763,509
550,286,509
82,723,510
234,94,512
769,621,512
398,64,515
819,701,515
186,2,518
34,777,519
237,466,519
335,12,520
897,479,520
9,761,520
804,574,520
292,541,521
321,162,523
683,163,524
230,798,524
82,624,524
949,884,525
363,697,525
989,156,526
922,346,526
815,321,528
166,372,529
984,637,529
952,533,529
696,357,529
142,792,530
104,591,532
705,383,533
308,650,533
210,795,535
907,472,536
762,123,537
961,449,537
371,253,538
390,724,538
344,814,540
463,800,540
397,96,541
953,475,542
585,408,543
172,896,543
172,138,544
325,254,545
125,314,545
739,962,547
84,993,548
479,479,548
818,910,548
843,430,549
357,403,549
105,693,549
180,646,550
711,998,552
778,177,555
862,813,556
249,570,556
856,414,556
470,959,558
904,702,559
240,861,559
578,453,560
581,786,560
800,641,561
373,826,561
41,830,562
992,379,564
444,734,565
21,410,566
750,614,566
353,332,568
276,377,569
346,920,572
427,704,574
554,300,578
491,990,578
845,942,579
488,998,581
91,53,581
571,66,581
629,739,581
391,397,582
227,431,582
998,232,584
421,728,585
522,137,586
442,126,587
802,672,588
476,406,589
685,95,589
463,544,592
354,247,592
616,831,594
443,315,594
2,753,595
370,424,596
448,131,598
46,681,598
990,364,600
375,768,600
323,673,601
868,502,601
752,647,603
830,448,604
976,9,604
979,826,604
878,786,606
957,459,607
901,319,609
570,910,609
942,129,610
929,10,612
152,371,612
939,222,613
5,179,613
264,293,613
763,557,613
196,288,619
668,527,621
617,256,622
886,175,624
281,721,624
825,559,624
911,816,624
167,471,625
226,695,626
208,281,626
470,441,626
759,72,627
980,126,627
112,552,628
165,782,629
716,899,631
755,707,631
736,117,631
728,175,632
128,908,632
164,414,633
763,763,633
719,41,634
612,521,635
177,759,636
234,498,636
873,5,637
78,973,637
611,739,639
345,786,639
533,867,639
155,452,640
252,148,642
421,112,643
157,770,643
248,128,644
781,128,644
269,810,645
356,643,646
798,743,647
139,804,648
218,273,648
603,964,649
625,517,649
750,37,650
557,423,650
764,878,650
769,611,651
235,46,651
652,694,652
74,595,653
140,630,653
586,919,654
880,554,654
80,441,656
769,101,657
862,207,657
625,455,658
950,523,659
45,960,659
483,878,659
798,323,660
942,224,660
11,535,661
692,427,662
565,741,663
23,733,665
961,394,665
459,990,665
863,788,667
793,350,668
742,477,668
66,795,668
935,252,669
817,654,669
423,562,670
422,249,670
892,279,671
738,61,673
782,714,675
807,356,675
144,706,676
203,919,677
456,639,677
578,752,677
118,887,678
21,929,678
530,731,679
909,697,680
347,336,681
497,781,681
194,524,682
669,761,683
19,540,686
209,390,687
327,494,688
756,233,688
428,47,688
266,138,689
59,212,691
771,598,692
939,999,693
256,847,696
385,686,696
436,629,696
74,414,697
920,166,698
153,166,698
169,166,700
474,902,700
311,862,701
839,976,703
636,603,703
416,599,704
983,132,706
14,78,707
783,266,708
36,790,709
733,842,710
235,221,711
593,294,712
109,199,714
297,225,718
481,363,719
703,76,719
490,882,720
225,315,722
693,683,722
55,617,722
320,65,723
882,177,724
456,765,725
863,566,726
545,893,727
334,600,728
320,482,728
873,791,728
505,801,729
691,694,730
675,706,730
189,745,730
86,687,730
724,273,731
965,678,732
529,717,732
237,32,734
431,332,734
465,28,736
998,632,736
474,352,737
892,464,738
542,155,739
611,620,740
725,421,743
307,376,743
324,424,744
538,89,745
910,193,746
521,421,748
868,614,748
14,648,749
179,148,752
338,730,752
805,329,753
667,672,755
243,89,757
155,276,759
167,625,761
621,948,762
962,153,762
23,790,763
968,1,763
69,523,764
112,592,764
374,94,764
84,187,765
305,368,765
473,955,767
387,464,768
486,568,769
746,715,770
55,607,772
28,997,772
771,816,772
69,990,772
69,865,774
540,807,775
514,244,775
727,171,779
781,822,784
219,486,785
402,194,787
133,751,787
576,572,788
701,905,788
225,647,789
473,454,789
593,320,790
672,961,790
981,266,790
730,922,791
930,53,796
611,683,797
505,845,798
48,74,800
989,492,800
825,254,800
558,964,800
348,700,802
394,402,803
254,95,803
122,766,803
248,606,803
640,259,804
63,815,806
104,815,808
768,109,809
75,904,809
435,578,812
851,424,814
676,569,816
409,590,817
203,196,819
17,866,822
733,908,823
142,820,823
696,216,824
697,229,826
314,361,828
916,824,829
662,145,830
457,911,832
48,587,832
879,92,832
645,473,833
857,717,833
273,679,836
493,490,836
86,846,839
363,235,839
388,50,839
28,751,841
672,51,842
520,251,843
10,49,843
135,298,844
223,477,844
794,236,845
176,519,847
700,541,847
998,719,848
485,540,848
633,862,851
836,79,852
570,618,853
664,400,853
129,276,853
468,665,855
302,294,855
115,701,855
751,874,855
878,556,857
86,440,863
994,985,867
263,150,868
760,726,868
841,352,869
520,395,870
979,59,870
834,403,870
489,985,871
372,829,872
623,96,873
170,401,874
928,365,875
606,877,875
188,635,875
611,856,877
476,419,878
222,475,879
548,733,880
663,90,881
93,292,882
721,703,882
630,837,883
798,101,883
89,754,885
541,829,885
51,740,885
754,928,886
423,160,888
30,753,889
338,578,892
178,846,892
115,132,894
631,255,895
116,521,895
432,571,895
663,158,896
834,454,897
604,329,897
724,396,899
377,40,900
173,626,904
177,476,905
77,698,906
516,901,907
572,599,908
829,533,909
613,262,910
657,916,911
755,901,912
280,929,913
433,688,913
975,543,914
521,236,915
617,305,915
976,222,918
918,276,918
436,540,919
174,554,919
444,690,919
840,823,920
582,575,922
469,991,922
310,67,923
351,426,923
230,553,924
364,268,924
324,859,926
854,212,926
94,723,927
461,296,928
707,456,930
393,618,932
7,352,932
244,642,934
582,49,935
595,266,936
806,389,936
229,627,937
122,528,937
954,847,938
612,899,943
672,428,944
481,475,944
923,377,948
143,65,949
386,33,951
142,67,951
560,832,956
882,701,956
398,785,957
664,930,957
984,37,958
573,398,960
507,235,962
855,348,963
37,490,964
955,61,964
461,811,964
21,828,966
707,526,967
454,851,969
713,945,970
874,951,970
851,134,970
379,943,971
974,302,971
164,526,972
578,698,975
235,784,976
989,789,976
492,497,977
363,924,979
753,733,980
961,817,982
918,682,985
923,349,989
347,430,989
245,967,992
732,525,994
12,383,997
971,163,997
