340,832,3
753,960,12
988,859,20
210,348,23
223,385,23
274,93,24
179,945,26
682,459,27
181,809,29
435,488,30
54,740,30
12,372,30
873,571,33
919,818,33
130,602,33
67,452,34
763,2,39
477,360,41
383,314,42
725,357,42
101,811,43
807,708,43
427,675,44
439,674,46
9,72,49
313,996,50
792,888,51
428,401,52
805,613,54
790,160,54
475,147,54
209,765,55
661,646,56
395,687,56
527,231,57
590,627,57
464,956,59
954,156,61
677,114,61
442,914,61
470,144,63
619,702,64
779,63,65
552,31,70
112,727,70
575,254,73
633,94,75
477,29,78
581,612,80
686,781,80
144,227,82
822,4,82
240,190,85
786,586,86
71,512,90
405,726,94
984,643,95
540,257,98
478,70,103
738,415,104
365,819,104
893,131,104
967,138,104
200,790,106
490,534,106
598,735,106
600,923,109
624,77,109
227,643,109
494,932,110
183,726,112
547,266,114
768,104,115
119,805,117
878,827,117
879,510,118
148,871,120
560,365,123
278,5,123
506,19,124
794,809,128
372,772,130
512,232,131
473,268,135
953,24,138
638,318,139
976,707,141
11,139,142
405,75,144
74,197,144
568,679,144
838,432,146
947,702,147
473,740,149
642,330,149
380,765,151
18,49,151
613,416,153
37,73,155
668,198,156
387,997,162
486,515,162
433,627,163
341,690,167
724,813,171
585,144,172
603,517,174
484,828,176
871,64,183
653,531,183
321,174,184
113,226,185
355,893,186
653,862,189
455,966,191
189,837,198
229,299,198
191,923,199
983,981,199
424,475,205
202,846,206
685,448,208
380,535,210
546,152,212
763,284,214
787,540,215
560,386,216
147,769,218
166,542,219
270,797,221
872,754,223
788,99,223
570,813,224
121,398,224
795,934,225
937,427,226
832,830,227
415,714,228
537,842,229
627,680,229
50,612,229
778,985,231
614,595,231
53,753,232
42,961,232
302,921,233
102,62,234
773,235,236
924,9,237
369,731,239
631,311,240
246,387,240
172,599,242
278,145,242
16,992,244
920,27,245
643,907,245
357,987,246
658,933,247
464,525,247
37,710,247
764,885,249
780,16,253
744,717,254
714,15,258
390,820,261
828,728,261
148,871,264
73,110,264
550,518,265
831,784,266
905,659,269
254,43,271
153,736,272
919,771,274
468,751,274
907,963,275
802,191,276
697,321,277
758,749,278
882,74,279
198,992,280
655,424,283
497,689,285
507,556,287
733,460,287
377,973,288
415,612,289
399,386,292
917,30,292
28,958,294
253,588,295
198,557,297
709,482,298
568,571,298
574,793,299
40,132,301
695,689,303
674,334,304
138,527,306
32,765,307
588,887,307
519,658,308
767,399,309
824,595,310
615,748,314
655,574,316
520,563,317
633,753,317
24,822,318
212,582,318
886,559,319
503,339,320
565,650,321
241,622,323
642,88,324
24,40,325
654,105,326
749,2,326
571,186,327
8,740,328
380,621,331
45,151,332
287,612,335
23,451,337
66,998,339
507,349,340
773,138,341
411,808,342
818,452,343
8,727,345
668,219,345
662,770,346
989,217,350
391,466,351
685,160,353
606,360,353
874,411,357
967,256,359
860,629,361
191,482,365
323,215,367
858,150,369
709,97,374
954,980,377
98,981,381
388,629,383
853,748,387
49,309,388
670,570,389
851,887,389
370,789,393
12,661,395
501,917,396
762,260,397
709,11,397
152,62,398
80,112,399
442,745,399
373,745,400
334,460,403
835,724,403
606,253,403
801,50,407
199,179,407
735,217,407
930,912,409
997,481,411
641,441,412
945,367,415
782,167,421
901,360,422
548,510,425
803,19,428
838,280,430
245,456,433
66,532,434
469,976,434
64,45,436
125,625,436
195,10,439
424,924,439
464,904,442
143,724,444
275,790,444
774,861,446
87,838,451
279,744,453
984,974,454
223,206,455
896,316,457
483,60,461
345,177,463
609,797,464
785,455,465
239,549,466
918,616,467
685,149,468
58,453,470
740,682,471
302,310,471
397,824,472
292,765,472
40,244,472
719,622,474
500,719,478
539,288,479
347,171,480
11,402,480
58,849,481
744,834,482
883,282,483
253,529,484
648,53,485
319,253,487
224,844,488
270,947,489
901,795,490
166,713,492
371,558,492
909,351,493
893,432,496
297,455,496
83,47,497
88,613,499
869,517,502
470,752,502
579,727,507
265,406,507
157,661,507
312,627,508
738,36,509
518,436,510
950,312,511
549,66,511
7,260,513
957,562,517
749,36,518
994,991,519
716,928,520
858,730,521
40,511,522
404,72,522
127,398,527
974,616,528
239,172,532
224,123,534
400,225,534
403,321,535
624,552,537
348,849,537
962,676,538
732,630,541
95,232,542
564,799,542
306,954,543
24,505,543
96,168,545
623,316,545
886,935,545
463,74,546
933,691,547
711,692,547
533,980,551
370,974,552
954,762,553
909,775,555
85,664,556
703,414,557
591,236,559
612,42,561
853,849,562
571,822,563
94,569,564
329,310,566
748,861,567
166,321,567
401,14,568
194,69,571
466,827,572
585,46,572
679,772,573
301,31,573
3,955,576
379,772,577
145,269,578
995,978,581
101,183,581
595,831,582
437,931,585
377,401,585
596,905,587
436,864,587
6,335,592
956,838,593
562,676,593
355,111,595
812,975,602
701,380,602
840,955,602
901,461,602
226,991,604
688,443,605
855,918,607
895,196,609
532,793,610
473,942,611
140,184,613
142,654,615
70,478,616
487,482,618
722,143,624
641,94,624
495,633,625
199,797,627
772,330,628
823,662,631
31,534,635
758,54,636
570,986,636
860,596,636
600,729,641
34,967,643
846,979,647
702,345,648
526,418,650
748,640,651
597,293,653
513,988,653
677,921,654
784,221,655
6,950,656
600,361,657
192,947,657
772,345,657
647,259,662
688,320,663
845,599,664
477,136,668
123,277,670
861,810,671
541,871,671
288,236,671
894,420,672
634,223,673
759,770,674
627,586,678
611,445,679
705,312,680
422,86,680
758,139,684
168,405,686
216,688,687
577,797,689
834,402,690
638,303,691
832,477,692
814,736,694
421,773,696
213,613,697
820,361,699
223,207,699
559,675,699
347,350,699
425,654,700
218,771,700
445,255,702
565,457,702
653,209,703
778,543,705
437,604,706
195,785,707
862,882,707
264,477,708
16,44,710
588,276,712
636,54,713
596,364,714
12,30,716
938,903,721
123,548,723
941,361,724
768,477,727
718,942,727
4,177,729
223,507,730
142,623,732
135,523,732
578,860,733
771,353,735
924,416,738
0,502,738
528,882,739
77,906,740
875,370,744
818,240,745
997,647,745
708,558,748
443,934,750
391,222,752
752,349,754
974,159,755
281,568,756
951,823,756
56,747,756
105,687,759
530,286,759
384,135,764
147,219,765
58,657,767
335,233,767
762,334,768
145,615,770
485,973,771
338,661,772
375,749,775
858,896,776
182,150,777
25,952,782
917,80,782
63,445,782
422,454,783
58,345,784
293,372,787
378,524,787
647,986,789
744,110,793
236,922,794
972,585,797
571,572,799
806,82,801
257,817,803
9,104,804
770,710,806
398,904,806
254,426,807
838,560,808
101,923,809
995,288,809
94,842,811
89,893,813
363,170,814
427,553,816
623,852,816
803,172,816
166,619,816
817,338,816
475,547,818
704,54,819
936,40,821
809,668,822
779,863,824
718,667,824
117,176,824
773,386,825
797,867,825
967,578,827
975,571,828
534,337,829
797,897,830
420,399,831
3,382,835
307,27,835
804,565,835
521,39,836
289,813,837
473,960,838
131,967,838
681,731,838
214,471,840
619,815,842
989,340,843
933,650,843
859,502,843
82,955,845
486,666,846
858,885,849
83,459,852
456,488,855
523,950,855
250,531,857
726,922,857
341,444,858
70,705,859
965,431,861
30,679,862
782,124,863
963,436,864
56,384,864
30,275,867
544,629,868
296,952,869
274,160,870
0,129,873
570,469,874
742,13,876
440,618,877
994,357,878
669,160,878
978,541,879
59,287,880
889,651,880
350,450,882
338,726,882
641,893,883
970,690,887
10,928,888
298,76,890
170,457,892
300,726,893
979,552,894
806,395,895
546,154,896
451,698,897
358,841,898
147,793,898
29,670,899
495,387,900
190,960,902
508,367,903
999,221,904
682,93,906
800,909,906
317,249,907
346,261,912
924,899,913
82,584,916
479,976,916
784,687,916
20,992,919
536,217,925
363,299,926
644,629,926
916,261,927
456,993,929
419,646,929
78,332,930
27,707,931
725,541,931
333,998,934
75,729,936
414,510,937
653,289,938
850,107,938
178,405,939
980,10,939
967,766,939
249,550,941
389,295,941
70,558,942
667,771,943
499,740,943
131,644,947
763,612,949
343,508,949
993,587,951
972,67,951
784,341,954
915,846,956
79,953,963
311,560,968
827,414,968
58,519,971
195,315,973
530,796,973
723,741,977
634,669,977
775,165,979
437,511,980
249,63,981
759,588,984
839,386,990
682,243,990
999,851,993
516,317,996
911,550,997
832,328,997
824,732,997
604,537,998
170,895,999
