945,183,0
820,690,0
20,137,2
906,528,2
91,381,2
773,672,2
154,478,3
204,8,3
543,618,4
228,588,5
902,717,6
924,712,8
756,145,9
752,467,9
579,388,11
823,256,11
589,93,12
934,579,13
782,402,15
48,17,15
440,993,16
629,759,16
577,717,17
203,200,19
898,937,19
854,322,19
870,33,19
614,429,20
404,546,21
990,617,22
874,316,22
910,806,22
8,23,24
57,789,27
66,97,28
351,963,29
72,21,29
169,448,30
272,960,32
13,878,33
127,5,33
940,962,37
375,5,38
141,432,39
241,538,40
74,788,40
675,438,41
749,62,43
718,600,43
565,942,44
219,625,46
804,303,46
920,642,48
386,444,48
676,218,48
254,66,50
816,860,50
99,888,51
567,6,52
585,169,52
0,1,53
642,535,55
278,191,56
944,784,56
923,528,58
790,830,58
246,96,59
946,959,60
798,961,63
349,477,63
167,348,64
527,611,64
450,235,64
861,188,66
250,817,66
777,879,69
563,674,70
77,163,71
966,979,71
805,896,71
759,680,72
773,858,72
850,90,72
656,664,74
355,548,74
127,603,75
704,443,76
892,588,76
614,50,77
86,60,77
387,224,78
203,321,78
174,272,79
738,889,82
159,116,82
604,323,82
393,545,86
117,759,87
893,469,87
530,628,88
899,928,89
180,826,90
241,269,90
527,119,91
414,348,92
562,80,92
767,516,94
329,141,94
119,523,94
751,473,97
562,916,98
122,355,99
145,817,99
548,580,100
999,21,103
610,829,104
696,396,106
179,286,106
754,959,107
772,844,109
237,844,111
53,17,111
312,298,111
544,389,113
265,975,114
412,867,114
51,390,116
53,776,117
819,379,118
775,455,119
362,492,119
695,460,120
942,40,124
326,449,125
40,415,126
828,219,131
708,405,132
539,608,132
86,352,132
928,592,133
432,404,135
417,891,138
267,431,138
961,985,139
988,659,139
420,419,140
106,563,144
693,526,145
741,325,145
4,434,145
665,71,145
577,475,146
79,319,146
171,855,147
792,768,152
471,803,152
127,746,153
940,376,154
83,2,157
165,238,157
837,456,157
881,640,158
693,953,158
506,477,159
468,493,160
741,108,161
622,621,161
731,864,161
490,476,165
752,510,165
531,430,167
674,399,168
724,676,168
74,675,169
549,418,170
560,845,170
634,776,170
865,277,172
106,81,174
112,409,175
860,710,176
528,852,177
609,451,177
898,762,177
307,687,179
490,479,179
438,709,180
216,445,180
986,254,180
282,401,181
440,933,182
519,661,182
224,808,183
854,84,185
299,72,186
807,300,186
184,394,186
769,993,188
429,977,189
907,116,190
541,660,191
600,99,191
881,710,191
595,468,192
632,395,192
956,574,193
76,871,194
618,620,194
272,960,196
531,738,197
61,3,198
454,621,199
520,839,199
880,880,201
457,2,202
593,321,209
88,546,209
809,303,211
946,23,211
691,122,213
907,891,213
634,513,213
589,412,214
39,425,215
126,191,216
953,285,218
538,252,219
584,25,220
283,364,220
924,189,221
380,607,221
301,482,222
30,520,222
341,913,223
684,374,224
252,464,224
773,311,224
286,717,227
506,36,228
173,107,228
503,6,230
49,45,231
378,893,231
182,517,231
761,913,231
749,859,233
800,262,234
983,598,234
978,118,234
337,468,235
557,410,235
829,76,235
614,172,238
629,758,238
846,555,240
417,756,240
405,57,240
823,430,241
990,565,241
161,109,242
920,214,244
974,360,248
702,988,248
83,686,249
810,12,250
494,596,250
764,266,251
823,667,251
508,504,251
229,407,252
775,718,252
413,305,258
338,290,259
687,596,260
880,198,260
175,466,260
610,902,261
935,921,262
772,456,263
453,462,264
181,447,264
279,746,265
546,879,266
870,479,266
922,988,266
914,222,267
568,904,268
249,647,270
209,499,271
94,895,271
963,242,274
436,855,276
464,978,276
378,937,276
364,670,280
310,108,281
754,315,282
709,52,283
605,195,283
238,593,284
627,455,285
770,91,289
331,418,289
0,57,289
151,46,292
763,375,292
159,792,294
654,840,295
40,52,296
508,3,296
558,435,299
902,450,299
82,727,300
112,453,300
822,913,301
179,320,301
10,660,303
593,117,304
978,870,304
807,680,304
233,916,305
198,704,306
860,362,307
348,293,308
855,66,308
708,286,310
121,401,310
272,177,311
404,376,311
856,51,312
888,659,312
876,572,313
687,592,313
785,665,314
952,985,315
913,696,317
78,611,318
521,124,319
334,11,320
515,524,323
477,419,324
273,89,324
478,332,325
882,379,326
189,385,326
64,497,326
582,75,328
559,45,328
4,729,329
489,714,330
168,733,333
866,681,334
285,577,336
413,408,337
639,31,337
625,362,337
445,229,337
317,614,339
363,738,342
837,815,344
103,629,344
868,769,347
599,499,348
875,564,349
164,91,349
384,370,350
974,74,354
553,156,354
92,24,358
886,689,359
359,786,363
189,276,364
48,34,364
672,928,365
800,323,365
873,930,367
486,148,367
915,396,368
81,842,371
641,404,372
694,3,372
14,845,374
434,523,375
945,188,375
547,213,376
596,143,377
480,232,378
997,224,379
803,151,379
689,984,382
899,798,383
43,694,383
438,715,385
427,428,394
221,782,395
789,198,396
83,436,397
319,451,398
633,211,399
951,738,399
938,153,399
530,577,401
609,605,401
884,49,402
270,750,402
799,934,406
272,144,407
598,207,409
491,703,410
219,183,410
844,645,410
429,157,413
674,615,413
239,110,414
476,786,414
62,418,417
668,473,417
762,950,418
76,634,419
734,269,420
159,455,420
214,61,421
112,183,422
77,652,423
939,640,424
916,872,425
147,602,425
156,241,427
399,73,428
320,358,429
405,856,429
50,754,430
433,436,431
96,997,431
326,176,435
528,916,435
161,226,435
650,419,437
168,675,437
143,245,437
707,465,437
968,35,437
191,255,438
225,455,439
455,782,439
817,572,439
899,741,443
682,968,443
506,536,444
465,940,444
766,764,444
904,85,445
156,67,447
338,556,447
77,484,447
918,481,449
451,170,450
356,507,451
427,76,453
584,123,453
607,458,453
729,319,453
342,206,454
178,479,456
552,328,456
779,54,457
127,498,458
502,484,459
269,339,460
364,377,460
666,718,460
655,831,462
883,552,463
741,64,466
523,633,466
492,32,466
804,538,466
684,877,467
575,578,468
715,328,468
582,936,468
397,242,468
117,34,469
822,622,469
561,495,469
685,993,469
665,58,470
1,32,472
434,498,472
18,232,473
854,147,474
733,798,474
266,433,476
277,961,476
290,104,477
758,535,477
312,574,477
326,399,483
618,549,483
320,263,485
531,550,487
363,869,487
615,246,488
581,605,490
707,726,491
734,424,491
648,947,491
835,374,493
306,55,493
347,295,494
583,214,495
426,176,496
175,307,497
234,954,498
244,106,500
565,448,505
317,311,507
567,50,508
923,311,509
458,755,509
663,139,511
277,266,511
934,651,512
578,662,512
861,883,513
477,769,513
225,336,514
574,474,514
69,797,516
228,936,518
30,66,518
305,612,518
845,810,519
405,881,519
166,404,519
802,452,521
642,412,521
639,455,525
486,319,525
734,720,525
451,314,525
487,575,525
504,939,526
632,437,526
595,31,526
830,688,527
990,125,527
851,766,527
297,761,529
405,544,529
713,688,529
240,88,531
308,253,531
266,453,533
485,965,535
925,492,535
338,279,536
900,59,536
700,730,537
170,778,538
354,491,538
597,836,539
647,725,540
698,927,540
904,9,541
485,84,541
152,72,542
966,308,542
181,783,544
727,425,544
701,14,546
613,603,547
78,295,547
387,605,549
948,615,550
269,587,550
91,42,550
401,477,551
143,714,552
330,375,554
695,972,554
112,556,554
301,241,554
536,966,558
114,947,559
453,172,561
141,300,561
743,46,562
847,719,562
837,759,563
642,553,564
246,416,564
940,111,564
524,348,565
802,484,565
866,616,566
835,813,566
49,981,567
918,738,567
845,687,568
306,9,569
453,744,569
778,83,569
437,843,570
784,870,570
353,384,571
64,759,572
375,76,575
984,670,577
519,428,578
525,897,578
672,435,580
39,100,580
301,110,581
892,701,581
516,236,582
537,803,583
511,804,583
125,56,584
118,73,585
48,796,585
553,406,587
277,926,587
893,135,587
804,797,588
47,487,588
48,393,589
787,782,589
964,672,589
578,576,590
67,362,591
162,248,591
956,898,592
531,7,592
648,316,593
600,791,596
216,779,596
84,25,597
887,999,598
237,636,599
270,245,599
437,579,602
754,530,603
619,536,603
897,841,604
433,84,605
10,284,605
395,618,606
563,732,606
577,805,611
989,48,614
267,27,615
708,46,619
679,259,619
622,819,620
388,745,621
474,600,621
894,840,625
284,769,625
975,101,626
913,590,627
963,930,628
457,633,628
96,781,628
206,110,630
594,504,631
596,58,632
964,6,632
604,560,632
945,503,638
971,510,638
317,487,638
113,120,638
995,324,639
200,871,639
188,146,640
572,198,640
199,521,641
644,767,642
909,960,644
178,34,645
521,994,645
890,96,647
542,394,647
807,96,648
237,571,648
80,85,650
560,565,651
248,408,652
393,542,652
953,638,653
177,148,654
328,877,654
363,89,654
15,442,655
196,244,656
230,77,657
921,837,657
373,832,658
123,503,658
61,219,659
143,207,662
641,901,663
647,206,664
125,799,664
26,944,664
156,247,666
920,926,667
61,623,667
929,955,669
755,211,672
63,23,672
932,987,672
624,453,673
824,417,673
292,570,675
546,619,675
853,600,681
949,293,681
72,168,681
528,100,681
128,839,682
808,732,682
568,39,685
572,966,688
220,397,688
890,200,689
376,467,691
922,588,691
924,746,693
718,532,693
515,595,695
53,535,698
710,271,699
409,231,702
522,800,703
742,700,704
108,878,707
891,509,708
107,823,709
388,251,710
133,128,710
399,566,711
417,444,711
918,353,712
186,918,712
465,340,714
60,43,714
643,445,716
131,973,717
412,821,719
724,959,719
849,827,720
375,965,721
288,843,721
273,906,721
778,36,724
190,163,725
203,980,726
402,268,727
338,241,727
30,208,729
785,582,729
623,179,729
973,975,730
145,72,731
733,663,731
211,471,732
475,371,732
592,474,733
693,424,734
558,718,735
694,912,737
875,700,737
430,588,738
799,360,738
102,110,740
290,481,742
363,196,742
475,910,742
807,229,745
646,344,746
352,407,746
240,79,747
188,228,748
749,868,748
182,495,749
867,245,749
682,577,749
364,348,749
839,975,749
611,755,751
481,553,753
929,32,754
156,962,754
438,657,754
355,361,758
878,25,759
37,34,760
974,5,762
128,759,762
511,76,762
797,400,762
671,186,764
940,995,764
36,307,766
315,552,768
960,947,769
951,28,769
465,462,771
806,719,771
640,690,771
264,657,772
516,912,774
628,162,775
0,711,775
116,562,778
857,674,778
863,12,782
804,847,783
648,567,784
712,504,784
597,225,785
415,970,788
177,0,788
835,840,788
715,833,789
949,90,790
500,1,790
348,956,791
498,129,791
300,237,797
382,509,798
233,502,798
856,861,798
375,477,800
808,371,803
534,389,803
493,157,804
410,339,806
299,829,807
286,138,811
197,422,814
982,196,814
737,357,816
132,696,817
938,750,818
214,994,819
900,259,820
186,952,820
201,132,826
406,955,826
83,499,827
117,21,827
40,663,828
75,215,828
881,145,829
384,48,831
40,476,831
142,726,832
684,794,833
737,206,835
394,352,835
342,688,838
180,555,839
577,133,845
760,284,846
805,901,846
356,703,848
616,608,849
628,174,849
483,695,849
429,528,849
510,406,852
970,404,853
679,17,854
871,549,854
306,978,855
611,955,855
492,781,857
199,995,858
577,631,860
225,982,860
222,828,861
602,864,863
10,928,866
963,861,867
48,526,867
152,474,868
305,611,868
808,193,870
901,140,870
501,349,870
262,947,872
869,511,872
395,359,873
867,183,875
806,116,876
791,555,877
971,631,877
647,182,878
26,749,880
978,407,880
445,140,880
0,80,881
694,333,882
491,129,883
856,25,883
732,204,883
974,343,884
661,24,885
44,375,885
108,356,886
746,476,887
446,389,887
365,572,889
803,692,889
374,353,895
754,369,895
192,778,896
268,768,897
743,410,897
779,295,898
33,780,898
53,85,898
428,847,898
709,397,899
163,503,899
719,905,900
796,348,901
529,180,901
995,490,901
829,882,903
707,494,904
907,870,907
0,385,908
917,341,910
543,791,910
618,774,910
933,658,910
683,401,911
751,880,912
377,212,912
225,547,912
680,128,913
789,605,914
542,981,915
412,304,916
766,888,916
594,643,917
500,649,917
858,908,919
876,927,920
795,884,924
481,484,924
520,764,924
691,642,924
957,57,925
840,587,927
306,761,927
11,839,929
402,394,931
490,24,931
993,63,933
400,50,933
6,581,934
164,778,934
749,469,935
137,905,935
180,913,942
477,282,944
633,747,944
156,813,945
746,562,946
960,971,947
419,821,947
694,111,947
781,221,948
757,943,949
966,786,950
120,210,951
662,922,952
224,831,952
455,2,954
669,14,958
349,739,958
660,640,959
719,353,961
215,349,961
779,636,962
751,264,963
360,753,964
859,560,967
774,343,968
872,540,970
767,434,970
20,745,971
398,647,972
170,916,973
33,0,974
515,36,975
539,285,976
756,285,979
498,203,979
174,64,980
748,769,980
588,777,981
239,678,982
587,534,982
821,156,983
201,624,986
310,278,987
15,374,990
233,580,991
336,264,992
111,227,993
51,562,993
824,819,995
136,391,995
634,551,997
78,570,998
834,306,998
874,133,998
