913,930,287,562
507,636,356,74
437,413,782,218
869,967,9,321
795,708,628,337
797,997,92,604
277,981,151,448
377,140,882,621
54,23,808,784
570,813,511,40
157,509,0,69
139,579,3,72
193,281,637,237
313,642,943,958
371,650,676,210
690,769,463,618
889,310,422,931
376,576,263,791
343,624,773,6
501,866,815,803
237,274,421,305
614,716,896,228
158,675,629,203
466,675,710,683
772,803,405,344
842,681,446,948
743,457,448,986
16,937,879,268
133,580,25,776
713,806,586,305
760,646,591,378
893,999,364,69
901,865,578,298
443,590,449,499
633,926,245,28
840,587,240,536
20,57,188,950
150,885,507,34
895,710,773,112
6,841,653,788
295,606,321,389
897,328,179,240
441,314,345,56
224,477,94,306
414,798,426,487
497,732,37,515
710,911,643,51
923,716,117,988
142,653,756,237
822,469,962,158
660,433,311,938
685,98,837,280
87,168,656,864
773,512,837,840
49,757,430,214
389,917,88,640
918,26,633,167
782,633,889,458
165,519,436,183
330,911,72,788
947,17,554,196
487,13,200,565
812,716,162,325
763,527,169,701
700,449,260,206
662,343,508,216
415,376,347,242
61,992,309,179
231,734,810,351
531,333,0,77
980,760,545,605
655,975,358,47
66,54,896,951
418,876,318,44
120,425,424,655
704,720,911,113
341,116,479,245
756,127,610,701
787,21,257,17
654,608,346,66
902,5,849,268
462,235,196,90
779,828,664,267
247,683,905,610
539,661,210,187
871,453,873,825
31,144,534,965
235,271,816,729
267,386,620,755
477,641,275,213
341,230,278,577
303,806,289,545
92,103,585,180
439,20,579,341
651,323,835,702
819,607,982,378
685,769,564,679
164,905,213,34
88,683,279,757
556,397,73,883
108,5,927,333
961,263,643,645
499,467,36,463
186,197,646,575
152,414,86,789
822,632,519,453
586,719,38,915
850,531,54,20
760,538,729,744
169,290,308,300
203,340,102,964
979,644,325,733
337,317,757,439
992,938,501,98
910,614,407,320
20,245,212,328
258,852,42,571
587,611,188,319
992,107,764,401
219,385,487,511
130,242,837,460
862,642,83,60
992,613,535,111
495,710,720,923
632,981,183,89
770,3,21,346
428,282,979,851
310,40,496,467
577,602,683,109
324,164,549,224
732,822,465,492
454,627,507,464
68,931,107,879
939,248,93,920
109,790,670,836
295,244,380,51
153,615,426,295
925,5,391,514
94,534,26,596
758,951,812,236
484,241,506,951
865,54,846,127
805,891,377,411
371,785,303,396
774,854,6,127
46,169,548,326
562,810,389,474
971,135,558,259
531,963,761,407
393,656,917,137
386,694,433,161
534,644,861,690
156,51,492,424
322,987,642,656
117,540,439,226
729,590,197,385
365,940,667,331
751,99,718,139
480,57,673,620
299,801,81,616
607,715,328,159
366,831,356,859
497,74,50,552
867,833,388,425
559,386,77,269
366,891,29,49
153,266,46,247
391,411,137,812
59,656,165,967
958,410,461,716
764,262,829,329
526,203,953,504
179,408,850,843
419,451,198,422
450,387,274,278
910,231,335,384
349,847,159,884
181,768,530,831
201,590,105,720
605,393,198,850
551,594,294,344
730,823,349,336
240,682,68,742
579,704,657,969
328,725,19,746
272,924,159,320
924,852,452,313
677,15,873,867
942,604,286,225
958,180,493,169
270,473,918,578
307,818,809,682
168,764,164,221
115,51,769,147
482,30,346,32
178,384,548,831
932,890,693,648
732,53,356,526
776,958,204,798
529,923,404,17
553,674,766,154
505,48,562,859
45,358,454,834
295,584,868,977
653,592,592,211
216,839,100,834
706,51,2,526
571,788,838,280
119,97,126,948
63,360,414,85
707,186,964,530
25,988,637,862
653,82,858,206
942,790,715,83
608,174,974,599
138,212,699,572
78,231,279,40
41,726,683,909
719,845,1,285
92,984,179,114
561,292,775,515
209,685,355,867
262,850,713,580
837,45,359,473
979,654,662,337
58,639,772,174
317,194,24,941
868,527,314,105
443,322,964,944
45,529,697,183
681,410,705,97
998,707,966,858
465,132,46,339
327,734,85,966
769,535,206,784
676,125,421,310
321,368,509,880
256,629,193,755
315,812,345,243
754,763,379,317
467,571,603,762
340,720,385,551
487,895,310,17
688,888,178,703
190,634,980,448
860,757,687,163
930,555,550,477
373,992,764,100
991,193,890,898
804,465,782,262
67,221,436,437
38,649,268,70
734,620,495,234
381,991,287,930
217,771,731,227
906,583,459,492
441,433,590,704
692,156,934,599
690,879,621,63
152,279,62,367
13,818,18,972
416,868,837,933
484,600,540,65
846,284,566,841
835,478,788,935
0,565,718,509
855,472,4,963
82,483,501,760
320,881,864,921
513,811,869,824
200,901,798,284
572,970,823,710
810,6,279,884
339,609,634,134
478,324,741,501
466,484,14,875
825,803,117,726
36,277,930,903
439,440,76,215
289,413,75,456
211,196,4,217
170,788,151,892
563,159,357,666
178,203,99,566
694,45,230,622
412,241,746,413
655,220,875,782
385,170,439,515
393,540,814,844
105,977,606,628
402,565,616,820
862,439,953,123
930,428,422,357
942,865,271,455
179,885,510,797
520,781,533,115
320,745,657,160
91,156,998,97
775,658,944,242
267,362,348,54
505,794,505,815
342,977,711,449
567,159,74,9
673,569,826,52
708,265,506,154
837,195,562,809
847,698,788,373
693,368,424,909
351,620,380,113
271,270,132,215
975,630,865,261
440,867,449,945
609,383,164,541
706,695,54,318
820,441,933,627
600,486,401,658
744,279,378,582
822,475,859,69
911,294,714,334
827,950,960,96
468,519,131,221
96,478,477,117
364,91,49,791
383,127,130,2
961,653,504,746
342,565,648,534
835,555,190,838
988,63,90,930
599,149,628,302
801,364,453,922
258,100,436,629
255,880,569,953
861,596,705,721
589,856,343,608
320,689,532,331
880,489,738,998
976,181,378,261
49,477,920,72
570,104,816,610
348,517,216,803
39,902,394,256
252,263,908,340
281,61,397,889
42,601,86,903
26,707,978,797
525,667,116,517
297,819,220,952
457,633,53,723
781,129,462,250
2,350,811,33
249,153,687,714
47,842,224,840
905,563,783,994
929,813,603,259
769,721,193,214
827,153,570,342
466,815,673,268
729,515,615,802
662,890,901,284
491,561,93,262
433,745,606,176
193,413,42,447
48,223,701,245
221,112,116,768
963,902,16,584
942,383,926,234
820,52,92,986
777,905,938,605
278,265,298,844
160,823,13,220
321,799,468,283
925,306,632,13
106,904,782,596
788,704,650,886
173,51,879,760
318,383,473,145
141,640,847,697
923,792,872,144
583,966,833,763
492,389,936,89
589,803,200,507
41,26,97,570
510,860,243,955
766,431,167,805
608,760,586,347
45,627,663,565
89,281,168,913
321,546,873,743
991,946,793,154
710,768,965,370
172,57,83,998
252,996,232,910
69,30,390,991
19,669,710,688
608,818,918,482
374,504,246,516
35,353,701,347
402,775,355,801
530,623,315,749
885,666,136,424
407,606,640,176
257,634,432,389
633,510,270,184
432,752,77,196
63,979,25,932
983,554,263,460
540,315,272,740
325,94,122,895
178,660,227,602
498,133,563,688
633,722,268,937
330,233,777,427
303,862,424,249
714,774,317,703
630,447,989,560
727,740,196,831
851,157,435,185
459,546,49,908
186,272,373,809
593,285,54,236
541,93,743,196
750,374,129,278
772,305,559,236
232,855,816,427
60,835,997,618
768,719,880,14
234,350,716,866
297,8,959,900
303,268,649,227
976,415,295,821
243,843,961,540
948,420,116,488
819,115,780,208
917,229,610,2
316,334,550,578
510,471,33,839
831,359,538,881
876,597,419,63
453,147,959,405
886,390,122,938
611,322,5,439
149,322,924,452
52,46,574,869
3,917,945,497
115,522,159,435
309,979,321,313
936,867,182,314
43,546,743,637
679,954,91,516
588,650,770,319
727,312,641,429
853,359,801,438
126,272,499,315
920,205,676,127
287,785,913,47
542,523,632,916
501,689,386,346
80,600,192,73
463,202,321,576
367,801,790,1
452,895,691,871
97,872,786,125
670,463,13,48
165,390,231,292
505,593,63,197
379,569,258,700
802,38,221,121
478,270,436,7
442,274,234,795
675,976,293,830
929,491,365,370
178,534,873,545
269,440,709,921
1,168,444,596
515,26,910,84
886,778,943,724
738,901,532,473
267,392,698,415
317,128,581,848
73,320,410,751
31,104,385,499
536,898,186,511
526,897,75,774
666,370,507,884
330,69,750,775
669,620,102,468
660,929,754,190
143,703,725,18
961,63,318,206
794,771,760,943
423,686,461,2
151,818,12,666
44,68,683,464
668,730,387,553
908,260,55,241
424,448,600,301
697,863,473,566
835,678,625,786
610,367,690,724
457,813,637,27
150,503,304,273
933,971,414,666
632,428,977,636
312,526,46,869
754,750,996,0
537,951,43,826
571,367,37,57
227,328,612,347
51,34,448,564
764,21,282,314
572,765,883,155
602,302,106,662
784,671,6,367
214,555,208,83
71,242,907,531
954,486,875,366
256,881,512,639
516,708,381,494
364,571,793,58
667,196,962,300
424,622,840,79
70,693,253,715
297,884,335,616
882,772,776,848
863,448,66,109
890,715,562,402
900,225,536,526
534,3,552,523
276,486,248,364
15,179,526,860
53,288,534,68
654,861,437,532
790,964,77,27
538,71,213,986
577,589,667,970
864,527,969,686
138,213,506,83
579,30,31,75
655,804,819,121
491,270,863,407
975,351,666,84
183,556,641,529
173,626,927,450
885,517,201,98
821,726,57,695
798,316,796,748
467,643,874,293
461,978,954,29
344,990,912,44
526,652,60,77
454,484,55,131
705,673,404,539
753,581,145,556
29,801,753,635
381,705,992,131
391,38,906,346
380,486,536,175
547,422,992,704
87,167,736,320
807,310,470,548
474,710,263,534
412,16,546,859
994,298,816,168
598,230,635,146
935,673,448,98
889,748,410,702
652,295,660,957
163,929,123,379
76,908,886,954
879,86,147,258
836,2,303,583
422,277,585,784
710,452,603,280
461,786,518,189
617,640,482,390
363,13,71,714
131,949,378,99
385,494,103,130
249,21,184,12
746,351,743,297
779,692,990,413
242,213,448,807
683,990,955,488
689,863,629,222
748,548,944,862
687,437,300,687
140,439,295,363
343,25,451,441
460,11,772,621
181,785,900,618
516,125,494,206
994,362,643,3
690,13,988,429
468,878,292,151
905,669,57,536
72,735,880,820
852,751,794,661
538,993,270,672
562,970,556,620
465,947,691,980
216,340,168,230
646,838,157,244
589,449,337,40
147,524,433,533
311,946,875,896
613,89,90,421
296,599,451,582
763,933,835,246
469,285,627,620
446,976,265,747
90,928,892,974
657,4,283,25
489,658,891,859
977,502,772,687
202,665,270,137
476,565,349,126
850,236,790,364
427,169,869,392
966,54,245,855
817,652,475,340
470,250,647,808
91,212,719,472
604,452,826,856
111,958,350,821
140,766,463,25
263,732,373,167
628,455,312,45
293,152,51,578
10,261,698,357
14,334,337,269
642,980,946,583
945,525,298,562
848,741,386,983
127,878,949,259
839,816,594,790
298,59,624,630
930,457,448,389
671,201,644,42
385,574,603,99
166,590,909,680
568,894,185,770
950,171,657,354
262,795,166,558
380,530,150,430
961,592,366,565
338,760,958,107
972,124,400,63
929,484,427,410
658,709,98,86
993,326,445,86
586,501,1,279
190,776,497,756
283,360,8,711
147,64,417,507
134,987,893,191
79,835,416,645
673,878,617,376
284,491,356,796
72,395,382,495
900,162,868,557
444,628,513,281
109,316,338,543
621,704,87,936
876,984,616,516
473,318,833,491
547,687,28,215
29,207,482,449
244,931,485,604
392,872,725,31
509,993,245,539
773,461,537,100
403,647,799,157
742,695,486,804
241,374,575,29
283,239,255,850
552,320,655,183
947,368,152,483
110,482,190,3
520,792,448,497
97,355,560,306
525,630,357,222
723,67,939,720
120,261,796,60
773,372,397,760
442,447,535,731
85,964,753,747
131,435,79,243
658,89,1,857
120,648,345,245
772,251,210,717
687,854,186,125
134,956,333,988
151,771,790,426
462,331,921,846
915,308,218,444
857,332,692,411
53,855,207,517
281,873,305,455
868,111,928,464
728,20,897,335
136,591,448,885
180,546,60,873
651,637,6,234
179,193,942,503
47,80,34,938
86,193,844,868
740,659,271,754
207,103,582,100
224,495,641,310
892,493,349,728
351,444,838,784
260,723,179,456
74,272,615,753
718,513,855,86
489,701,13,182
287,905,560,9
163,103,526,667
90,449,719,263
99,539,495,371
567,303,95,625
762,169,368,901
950,306,798,146
809,139,85,776
363,479,219,240
510,819,194,968
737,282,911,521
203,872,940,421
809,800,614,159
172,73,756,515
498,539,709,92
455,647,588,276
47,53,491,982
979,943,841,559
806,683,618,699
683,854,881,612
357,515,860,374
282,458,724,158
445,734,904,616
687,487,693,967
705,70,796,127
296,911,552,294
629,776,858,553
296,808,635,244
640,307,597,945
850,762,334,858
492,871,674,321
173,974,749,756
851,103,610,190
96,767,98,176
969,574,740,639
244,164,469,127
182,29,21,590
327,476,310,347
147,987,377,172
69,440,551,807
481,851,168,208
679,59,524,354
967,177,692,1
965,581,772,883
443,212,543,223
93,171,63,93
37,413,863,989
563,576,871,532
41,846,740,81
281,616,409,886
395,340,598,522
6,895,883,563
842,877,297,537
160,853,813,781
407,666,362,760
300,196,450,432
261,598,920,781
506,336,493,98
192,604,830,303
683,221,158,332
512,244,445,407
836,333,773,878
197,158,404,537
915,23,243,886
865,492,18,8
726,272,981,281
795,100,111,532
129,61,754,64
64,156,921,847
454,302,314,525
898,724,386,91
860,733,486,962
331,439,644,5
714,836,685,648
24,441,815,437
58,970,882,469
551,521,559,195
465,78,664,932
643,976,640,563
523,546,960,657
213,321,507,529
185,73,71,914
538,102,625,381
692,528,491,310
865,408,68,320
600,968,292,977
827,7,730,221
396,546,885,854
587,430,651,792
446,873,745,75
262,256,208,394
986,227,712,560
258,157,580,298
401,680,649,487
152,85,668,509
835,425,440,181
539,771,840,926
495,497,663,943
783,971,201,246
775,767,198,710
837,443,555,397
399,578,68,131
12,589,2,854
333,139,141,531
983,691,670,295
568,150,4,211
555,506,681,742
66,640,703,604
887,823,213,892
783,218,368,296
899,532,8,413
860,692,432,10
427,979,545,678
547,802,428,994
532,161,818,429
156,402,618,22
219,4,501,540
899,972,98,626
154,245,329,38
430,240,726,968
68,399,437,432
309,667,820,16
966,797,969,521
634,529,904,657
70,175,817,937
817,507,413,197
133,77,963,69
838,451,715,969
230,282,917,153
91,27,231,977
526,681,242,772
673,793,824,672
772,595,148,775
851,429,421,534
208,959,872,998
864,465,242,559
677,856,271,388
552,719,961,450
624,418,849,331
4,446,955,359
800,893,913,690
391,590,519,248
54,96,822,12
417,646,279,400
676,686,581,615
176,564,79,478
424,964,937,785
806,53,983,787
727,680,342,301
80,616,894,887
68,467,79,708
259,766,758,703
344,904,85,668
999,741,837,426
409,962,912,52
669,888,911,430
477,873,837,605
258,184,966,871
253,101,392,794
260,614,140,457
573,145,369,32
673,285,582,752
576,817,177,238
349,100,336,502
77,36,883,150
522,786,756,285
406,698,373,794
407,864,501,368
54,166,782,527
691,770,398,94
832,788,719,756
728,861,965,23
68,907,180,915
2,890,484,812
715,709,970,447
47,377,820,354
832,146,520,260
351,342,593,639
78,176,120,818
915,504,379,419
998,829,836,978
304,668,337,8
656,138,643,630
251,165,549,690
894,689,147,93
243,63,492,32
550,824,454,12
907,183,501,336
574,292,623,821
215,636,935,350
544,742,164,691
92,321,861,653
109,625,35,84
170,8,443,275
676,769,454,189
555,175,607,321
73,36,697,601
19,679,554,689
552,636,696,122
951,431,399,118
681,259,828,974
888,797,240,351
659,798,788,507
103,869,286,907
827,274,438,834
288,351,751,541
675,322,573,759
737,605,487,577
358,974,289,406
177,353,938,589
927,508,188,832
267,867,989,977
487,754,233,555
978,33,394,598
350,817,925,685
636,517,602,834
975,620,176,962
241,794,26,2
494,622,826,528
643,903,353,639
962,359,608,794
302,417,38,553
837,383,494,889
630,772,707,174
880,369,675,988
37,27,990,187
346,217,874,977
196,451,533,921
776,494,477,217
550,492,527,905
547,592,642,31
234,159,743,672
343,258,928,705
872,408,530,123
992,40,88,877
944,861,365,268
156,58,454,741
400,396,473,26
141,815,422,627
652,640,33,516
710,474,633,701
990,941,984,31
387,848,631,161
269,943,118,26
843,504,333,73
759,239,665,377
863,49,566,384
217,597,846,823
146,806,163,291
483,478,599,106
368,893,925,761
6,151,379,274
921,427,871,403
559,839,355,697
404,633,638,84
179,969,521,515
598,778,466,681
19,983,576,439
763,850,84,449
623,199,409,629
185,704,504,429
332,562,770,222
193,548,578,553
144,535,694,759
919,945,994,745
362,980,273,525
359,587,386,180
188,757,275,465
664,50,892,596
675,242,970,820
26,237,182,116
259,693,906,524
809,823,255,984
820,177,942,589
553,389,265,456
10,524,101,457
785,830,223,204
70,797,760,504
66,729,438,504
232,182,896,288
151,34,629,785
446,810,610,277
261,188,750,351
123,303,748,417
106,991,637,889
267,333,703,917
430,339,853,763
867,957,524,861
638,779,440,690
555,571,697,752
46,603,373,693
749,836,603,933
812,490,297,406
237,536,251,919
66,784,417,615
128,496,787,538
674,488,68,205
831,960,584,739
161,767,274,968
539,86,567,530
366,306,753,768
40,201,753,835
825,820,476,953
611,874,568,480
678,437,316,791
342,517,970,560
26,347,913,122
665,49,627,691
338,484,479,107
48,99,852,684
520,938,788,125
305,999,24,429
615,237,286,340
364,127,259,781
748,612,198,752
475,848,795,997
613,820,9,891
353,404,601,614
707,534,75,710
53,434,238,892
865,309,36,824
485,144,904,125
436,269,517,670
453,817,876,587
266,333,817,387
720,919,667,781
397,245,278,210
955,785,551,57
375,272,867,678
446,765,940,293
310,51,369,480
340,47,57,328
919,515,628,369
367,279,254,670
203,755,849,683
583,743,822,545
270,803,631,875
442,754,852,480
197,441,312,962
554,94,167,851
765,180,663,951
356,426,415,732
113,307,736,317
261,272,479,823
106,577,660,915
277,764,331,778
830,540,668,871
301,450,401,853
379,81,228,841
394,227,242,187
754,97,879,934
329,400,911,167
918,439,190,154
867,717,942,463
284,143,275,308
640,999,996,172
483,88,200,77
61,22,169,959
363,779,818,601
768,387,825,933
47,617,585,571
592,434,160,108
405,15,159,981
167,817,739,419
202,477,30,645
345,135,35,125
224,82,389,241
804,613,122,78
457,554,761,708
168,560,261,692
778,728,957,909
958,492,482,23
99,123,812,415
595,138,241,440
644,260,771,539
827,82,213,581
887,622,762,687
440,953,106,187
162,397,745,562
658,788,366,658
3,415,461,301
429,899,865,437
460,589,514,59
632,406,374,766
446,746,239,521
618,515,898,677
175,634,831,782
349,181,762,970
310,172,604,275
477,974,38,838
315,744,540,548
143,349,786,750
34,314,438,501
276,880,713,527
614,876,91,446
701,387,98,274
959,935,999,967
422,319,565,953
230,650,742,52
133,852,196,208
558,945,209,113
137,198,540,212
795,967,785,374
413,467,403,423
371,795,888,27
356,386,945,737
649,327,189,669
44,965,441,272
39,363,406,31
381,775,31,497
641,838,805,913
233,623,912,780
686,117,596,348
371,795,671,779
960,673,859,420
58,861,124,322
336,845,7,108
284,625,692,960
621,446,994,964
405,764,326,821
91,633,472,326
936,558,594,250
310,15,477,756
849,272,209,275
694,643,401,628
779,543,457,719
18,618,478,604
21,926,200,846
567,890,598,621
565,991,734,242
136,59,503,67
407,483,477,582
925,336,920,306
404,716,210,481
349,102,539,922
526,642,395,204
606,372,323,444
928,658,512,663
689,25,349,995
671,456,371,487
689,105,880,916
717,166,98,739
282,768,102,877
643,282,530,737
755,860,91,920
651,763,547,165
926,598,402,697
750,924,288,475
301,817,301,484
849,896,933,887
884,57,396,111
639,699,161,636
547,981,498,805
804,279,276,633
747,526,444,209
606,908,551,381
878,557,411,991
820,637,192,300
728,416,583,326
72,378,189,22
378,893,651,39
79,704,334,406
3,620,702,102
805,82,957,697
527,208,69,936
354,659,398,43
322,391,44,380
385,993,281,781
291,501,460,602
462,731,37,65
283,940,59,254
301,155,469,595
709,127,921,533
448,813,700,537
158,170,623,773
247,374,122,828
659,171,815,145
742,485,390,893
391,916,609,899
180,572,947,88
108,982,114,48
32,999,997,395
271,446,523,495
780,739,435,967
358,859,946,153
612,904,204,310
899,573,482,506
85,871,860,851
968,103,859,662
912,461,93,436
585,358,470,964
422,118,128,843
951,304,647,598
603,873,564,928
522,949,659,527
596,842,619,0
476,697,913,419
923,555,457,1
602,175,515,105
208,801,214,587
371,783,755,644
271,29,625,280
88,144,480,373
358,919,532,11
132,278,672,394
773,405,116,789
924,941,221,274
557,386,792,635
86,859,795,142
508,14,367,168
739,665,541,865
93,732,804,761
814,618,413,609
810,215,291,235
652,915,978,499
28,35,275,519
43,329,89,66
510,770,907,230
141,829,54,959
431,188,742,653
948,554,90,970
470,637,217,826
573,685,500,687
262,90,506,124
231,588,530,954
225,563,168,46
346,279,127,355
967,58,703,460
315,18,579,34
598,331,635,235
204,312,353,740
208,898,641,933
717,489,218,722
290,463,835,939
888,676,212,457
561,164,258,64
198,933,126,20
796,989,723,412
813,904,475,332
943,582,461,486
11,491,164,952
908,792,295,921
881,800,824,844
265,349,452,47
994,560,990,886
358,199,928,192
755,520,967,603
701,852,89,12
306,487,646,942
274,380,344,956
537,470,489,282
907,592,504,692
451,830,191,242
815,421,339,796
923,453,121,223
224,631,610,154
889,273,139,730
186,550,291,384
982,346,785,533
899,843,378,132
604,892,268,557
179,507,338,562
321,650,877,890
251,619,627,636
474,452,606,573
840,441,172,426
362,321,846,529
982,521,911,858
122,589,267,275
990,221,17,272
456,996,119,34
682,659,128,78
818,820,853,278
814,539,253,773
193,254,82,588
615,222,450,666
681,150,198,736
925,527,451,945
341,494,42,833
650,405,942,693
453,998,690,112
417,711,412,110
481,358,122,512
306,134,591,784
932,626,842,255
690,358,460,874
827,69,124,251
733,900,848,372
446,190,170,206
638,513,205,759
308,813,738,322
811,21,59,617
392,22,692,653
131,796,569,6
496,452,287,878
961,164,875,823
585,727,225,669
624,172,291,262
134,86,406,518
806,679,402,431
145,173,566,462
843,262,933,745
470,984,601,180
137,697,954,987
588,909,835,529
363,262,610,94
748,486,82,336
559,776,239,17
946,780,261,302
478,593,340,287
841,76,356,682
8,519,874,906
729,221,732,981
891,458,783,948
458,360,554,523
59,124,438,760
256,190,756,104
560,767,883,5
486,13,621,332
117,242,478,178
261,491,504,415
404,396,629,155
572,641,954,404
788,727,379,626
614,520,273,914
101,517,126,606
505,527,697,13
425,438,50,743
675,778,123,497
250,208,376,95
653,220,197,943
976,149,795,682
2,934,831,550
322,192,519,118
390,357,170,83
41,407,875,123
328,559,576,152
66,154,693,324
194,486,233,560
474,138,514,692
78,667,602,297
114,314,149,634
592,587,45,864
962,929,164,956
912,933,277,320
551,398,760,223
750,282,32,651
350,90,19,445
574,451,933,414
72,865,129,60
580,318,61,705
310,192,105,446
62,833,460,68
333,656,51,419
863,973,519,803
57,769,562,496
863,387,294,843
570,679,41,578
349,650,680,642
659,353,743,91
983,254,179,306
824,748,460,380
310,450,299,13
421,107,443,169
509,863,647,730
283,794,256,920
905,986,777,494
620,142,569,713
911,785,876,676
164,894,407,430
98,966,134,301
48,316,844,340
868,922,453,392
872,741,763,536
9,906,836,699
742,532,4,563
130,158,260,999
861,874,7,694
605,188,653,735
708,433,526,702
967,441,396,561
819,899,13,0
612,640,908,275
971,615,475,437
235,448,943,358
112,156,344,591
100,561,28,334
383,820,391,458
27,231,384,304
610,450,435,643
724,101,126,291
608,188,443,412
302,411,657,791
815,0,391,485
194,1,63,960
996,994,898,684
203,65,925,290
175,269,24,430
86,960,167,702
50,733,839,747
601,244,14,748
88,899,847,829
365,135,609,559
96,576,340,937
196,738,943,612
384,591,376,956
229,250,137,746
148,983,227,838
502,239,194,682
950,159,165,994
526,231,856,103
933,616,688,467
970,127,690,767
632,510,912,497
30,146,249,297
826,119,84,265
993,623,585,237
917,233,140,64
212,486,127,590
841,71,826,744
817,803,618,506
940,645,3,777
661,625,971,544
608,783,613,73
152,240,999,728
66,22,208,963
505,72,201,22
598,874,583,116
812,699,698,64
854,184,774,136
622,710,723,571
402,260,219,201
636,359,247,529
167,680,86,840
930,64,963,629
506,611,34,538
208,402,944,316
43,267,508,363
988,243,477,253
493,59,217,93
668,672,719,866
722,108,521,194
450,131,218,21
336,176,440,149
752,429,430,795
512,329,433,37
571,476,125,123
787,894,499,458
26,774,185,864
229,183,150,93
422,988,960,626
156,187,28,156
409,368,761,633
744,32,522,779
57,670,454,490
794,843,550,371
715,246,314,830
542,19,56,358
546,319,690,898
979,34,115,312
599,885,558,57
527,371,850,656
752,788,614,819
221,189,949,252
523,99,598,618
32,37,379,312
585,282,124,439
111,984,736,903
301,187,215,296
945,94,974,16
852,748,111,85
768,847,877,353
781,178,393,214
264,2,684,967
32,246,650,374
262,672,247,548
512,460,41,275
810,877,89,847
787,335,895,539
63,135,33,231
318,278,319,887
536,972,782,719
131,242,424,59
827,256,733,275
620,829,72,700
319,692,279,785
663,811,856,112
103,592,165,449
74,572,884,913
102,713,558,69
661,280,914,370
986,178,621,241
189,353,263,903
626,231,309,299
796,588,343,177
410,725,702,435
500,103,764,911
28,716,191,372
323,84,435,350
39,476,163,9
958,716,604,706
761,338,911,760
160,645,464,874
54,756,767,922
921,180,491,951
496,256,550,96
529,59,193,252
438,289,68,367
251,891,10,159
511,274,559,397
925,155,511,390
454,816,653,537
140,543,372,539
93,139,166,518
146,136,550,48
523,37,756,984
194,266,84,75
536,857,635,836
503,825,400,571
790,668,251,812
138,427,949,104
191,176,787,625
355,440,752,998
139,196,413,910
853,748,776,842
809,740,239,827
796,931,783,659
162,422,493,215
887,756,792,474
675,706,217,757
456,719,801,729
417,105,509,151
376,798,488,855
92,391,390,254
542,903,864,299
814,705,552,247
551,231,547,900
395,967,622,102
732,888,806,503
737,730,736,135
705,731,921,648
822,430,68,271
217,983,534,798
223,113,471,687
581,488,440,267
277,90,763,929
620,751,3,634
151,266,185,968
330,248,112,983
196,918,102,36
979,519,639,946
727,786,743,539
534,562,260,419
907,191,934,785
636,129,188,271
279,941,604,528
743,473,159,409
713,585,431,776
629,332,781,609
196,776,763,848
613,17,451,688
611,145,2,562
255,514,589,753
189,255,814,330
357,496,563,202
817,132,91,231
214,761,854,776
769,247,192,729
175,786,801,118
289,566,684,992
498,429,978,254
582,636,514,307
632,804,768,285
288,412,407,30
112,851,812,971
690,595,193,274
776,969,122,536
103,705,103,416
280,727,630,184
900,312,829,294
972,15,441,487
491,731,958,472
280,157,412,982
867,624,858,799
827,345,521,155
810,502,984,461
894,475,695,772
325,951,538,71
68,509,372,829
372,287,701,913
418,932,602,796
929,882,936,893
445,847,796,891
823,969,610,164
184,894,664,38
116,93,933,242
829,611,452,736
617,826,271,558
505,100,578,554
894,997,94,343
146,334,342,692
912,422,121,183
386,123,52,65
653,718,235,539
995,877,276,295
957,274,497,777
154,904,32,60
104,581,304,865
846,259,18,754
171,937,690,572
607,447,960,675
421,663,55,615
985,958,74,124
59,457,222,672
328,533,880,14
650,838,947,711
468,945,182,336
923,414,272,582
788,701,729,742
686,394,590,89
788,738,416,997
914,37,858,399
640,526,421,339
176,981,442,726
224,981,892,411
581,513,239,434
132,618,345,31
238,116,507,958
191,807,91,620
619,424,490,552
790,975,925,697
534,996,546,97
728,227,9,23
635,790,236,419
484,986,189,562
999,769,98,201
592,734,167,621
267,480,113,969
566,229,218,146
992,336,230,36
126,766,873,16
130,817,731,445
880,815,937,82
55,45,0,934
440,341,680,406
47,328,372,525
763,500,426,419
411,309,227,212
310,698,392,937
199,799,974,252
172,736,985,652
313,317,713,281
734,176,178,577
26,651,726,113
722,735,119,807
618,464,748,460
150,412,842,311
613,466,956,548
643,855,440,700
578,99,335,86
788,978,577,627
808,871,523,152
726,635,134,828
104,11,685,600
440,992,779,214
992,767,574,818
50,32,100,470
444,668,512,234
239,952,649,672
629,743,856,278
484,579,876,572
571,780,763,829
48,865,71,794
84,354,50,994
596,329,120,830
69,213,240,624
554,782,934,692
509,783,560,791
768,52,99,948
734,389,393,973
260,587,281,39
869,640,612,966
686,99,431,247
815,248,882,53
955,398,283,338
308,226,408,407
669,90,831,608
742,475,668,102
958,107,935,672
456,115,654,908
852,252,502,574
200,403,290,227
843,143,662,136
191,646,35,715
832,55,774,411
149,139,463,220
938,925,19,466
911,240,239,559
385,760,250,367
939,872,949,320
353,83,505,896
64,678,117,510
245,498,427,339
449,31,382,609
725,28,835,681
704,132,816,11
810,554,885,958
996,709,518,839
159,22,466,694
525,886,395,613
656,741,106,418
621,613,294,155
739,725,25,457
206,337,775,533
579,31,212,990
808,204,585,629
834,261,827,840
441,386,368,971
604,444,742,269
420,512,930,421
560,547,546,685
509,357,328,591
719,66,915,429
673,571,99,301
397,156,953,808
392,126,249,356
373,660,757,199
156,699,967,4
543,811,226,410
713,786,566,327
724,216,998,309
85,477,375,147
941,726,296,636
679,406,457,124
209,153,825,790
793,12,816,586
237,248,613,668
879,966,453,225
315,612,865,739
703,653,954,75
694,63,604,757
200,462,500,439
98,158,367,100
781,541,953,29
38,71,119,431
281,363,97,824
403,859,439,642
379,881,735,322
139,84,633,474
425,938,991,450
636,168,876,182
854,372,311,513
221,387,228,47
853,943,791,984
854,992,742,680
773,636,499,299
185,137,298,342
876,830,973,280
293,154,18,920
910,596,93,840
527,345,223,447
574,380,739,541
512,424,745,223
369,761,113,218
668,249,501,4
655,558,219,30
399,704,934,653
275,153,120,80
103,757,38,244
824,208,424,275
926,543,91,140
139,862,773,387
87,881,221,249
478,158,188,478
766,360,252,411
160,118,483,844
186,266,987,426
671,454,626,103
484,128,41,411
792,718,636,43
439,76,637,153
155,771,309,558
160,859,295,700
681,817,490,257
492,700,908,533
599,81,654,580
262,239,224,15
243,13,721,557
576,7,746,799
595,671,160,530
390,240,717,557
899,861,570,673
49,968,11,840
173,591,871,559
647,625,130,653
96,143,321,718
957,29,73,385
723,119,852,572
383,488,377,81
944,238,999,978
628,266,605,729
899,587,385,170
716,490,548,681
51,632,679,256
691,963,580,249
493,47,538,322
157,346,422,246
878,920,515,280
138,53,479,354
567,25,385,427
921,781,202,231
248,740,359,169
502,404,496,700
71,156,616,991
77,183,898,6
391,759,836,941
798,341,683,504
300,741,283,205
361,654,272,843
147,862,350,212
745,853,225,302
44,960,986,23
19,158,791,206
369,663,518,367
629,584,205,702
214,882,209,141
1,587,770,392
273,180,503,782
113,465,115,362
856,784,931,927
210,737,34,634
519,764,420,305
427,983,635,962
554,622,321,150
541,773,259,420
140,506,710,745
106,733,130,941
984,817,903,50
879,836,391,22
454,754,58,719
403,408,952,22
834,956,455,268
344,586,209,161
234,562,64,755
711,85,673,835
214,53,499,940
334,940,962,677
728,621,261,718
314,79,312,831
355,600,478,875
783,150,910,923
334,281,401,528
317,60,798,64
80,10,818,482
202,997,631,892
795,201,880,513
140,95,886,737
722,974,866,424
61,436,864,816
836,123,236,546
551,110,195,520
97,266,425,726
232,762,242,727
209,130,639,84
309,445,656,751
490,818,456,606
679,17,489,930
17,412,973,423
819,568,350,246
453,835,43,150
179,639,903,418
752,964,575,412
288,317,128,822
63,8,235,25
25,153,6,415
343,640,265,346
114,942,233,920
744,359,92,254
904,841,538,497
803,940,652,171
257,721,419,346
773,300,496,309
87,534,828,464
492,307,291,888
891,139,809,792
622,676,833,288
571,988,398,183
927,716,688,407
686,424,390,871
209,627,786,375
756,791,229,740
298,914,191,531
792,204,731,666
844,133,421,570
96,675,177,561
414,409,465,204
561,940,251,97
21,967,277,594
365,278,534,406
7,375,658,521
790,92,545,972
60,693,980,383
938,595,189,715
797,383,11,36
766,545,935,771
631,365,118,890
941,871,226,57
974,279,551,542
249,552,744,992
180,506,163,60
917,343,696,720
745,611,137,533
355,892,878,123
874,449,608,796
457,879,167,402
908,879,451,236
980,747,675,659
359,775,742,356
655,764,108,654
445,31,31,802
186,689,507,3
674,759,64,363
797,530,904,589
211,385,345,41
284,634,184,337
321,871,392,187
978,221,814,919
133,72,338,224
831,283,612,991
179,748,152,643
12,171,272,341
273,466,661,800
332,784,338,686
902,512,141,941
787,831,706,128
773,931,293,162
720,70,356,141
217,642,159,656
116,878,445,40
392,823,212,565
369,258,365,405
626,821,673,222
997,69,620,893
161,546,757,140
895,159,766,919
401,166,887,463
230,57,377,496
118,370,57,421
887,923,676,356
562,570,1,635
757,652,720,745
534,563,429,178
256,634,336,330
717,645,324,611
801,573,890,898
166,321,465,379
689,528,564,429
633,435,569,55
111,792,961,802
374,520,241,353
361,946,628,106
771,737,707,376
511,240,906,522
748,350,551,115
636,869,874,220
250,188,204,663
454,60,37,850
191,215,526,571
219,260,815,259
398,727,751,691
444,646,974,187
837,663,904,426
444,949,400,567
771,73,150,206
495,236,807,702
252,922,783,407
493,107,758,816
578,92,412,679
774,810,298,370
779,310,591,466
645,108,915,824
736,430,947,40
486,285,98,41
121,567,801,254
441,404,307,455
299,154,927,176
631,305,642,595
964,649,616,418
770,623,215,884
579,191,209,457
366,723,164,113
562,809,79,550
268,538,731,130
789,951,787,266
44,846,802,466
371,587,592,875
767,34,904,303
369,752,185,957
293,537,687,496
892,891,789,610
58,242,434,142
109,845,885,690
40,942,5,347
228,191,266,723
570,240,34,629
295,717,657,641
316,779,208,259
457,483,40,230
438,167,963,606
166,930,352,27
480,181,65,145
667,275,914,436
245,621,945,601
432,834,4,544
41,542,747,366
47,388,787,151
205,22,148,8
36,825,400,105
576,406,625,449
260,98,533,461
612,743,664,89
248,931,615,151
192,198,788,108
945,66,291,447
378,819,336,806
115,149,730,609
139,533,400,7
667,344,415,663
189,615,989,599
627,916,997,904
509,302,167,331
507,152,923,268
34,89,818,533
759,452,177,302
702,775,107,911
925,696,354,624
426,844,234,232
277,313,522,193
907,835,24,493
921,140,279,666
217,692,784,480
220,161,522,820
236,687,903,181
733,488,893,299
815,791,781,151
306,863,59,814
799,512,307,767
471,873,68,12
699,113,972,989
127,695,56,895
283,570,102,348
31,147,649,404
274,223,120,554
887,64,811,481
493,194,931,325
354,91,174,806
507,292,451,622
330,788,144,332
733,508,245,441
631,477,932,400
349,965,992,395
143,25,583,528
104,844,606,418
756,790,143,180
134,888,209,592
931,835,189,878
206,352,72,24
137,74,793,26
284,104,897,431
606,14,546,366
437,459,902,835
899,278,741,978
47,785,754,423
853,232,171,905
715,347,267,765
569,126,61,438
669,378,935,609
472,964,785,7
840,435,48,852
874,807,388,757
811,733,770,919
892,615,311,113
344,696,226,43
980,925,59,304
898,39,910,255
257,621,159,296
212,847,505,673
557,901,959,840
102,165,709,203
76,676,764,211
865,124,240,863
716,59,768,501
207,284,522,995
901,7,424,604
398,339,483,902
24,36,658,592
460,167,975,288
794,419,446,154
593,674,355,157
623,316,263,8
113,660,286,850
441,868,25,479
785,812,435,262
464,648,530,615
864,23,579,546
584,567,482,587
957,910,341,857
760,620,892,869
716,404,264,768
663,441,253,350
587,310,373,590
519,677,466,355
638,792,911,413
996,246,3,912
121,950,292,839
243,215,140,889
116,936,35,81
685,563,24,459
917,580,789,778
723,735,966,623
308,239,269,348
105,811,534,679
208,892,738,450
901,105,818,95
580,395,186,56
510,733,615,580
966,666,183,454
599,978,747,584
172,432,107,789
155,67,358,3
935,844,276,207
808,871,411,811
697,690,234,258
158,826,182,717
312,525,246,334
319,379,933,369
554,285,795,482
454,816,64,785
601,827,887,18
290,851,578,753
815,176,816,819
537,112,15,640
576,841,656,589
567,164,78,982
68,893,634,928
446,615,719,188
787,196,885,631
797,58,276,70
761,497,958,111
180,617,457,11
329,881,167,72
123,10,444,3
716,682,908,666
96,804,575,800
1,724,90,609
495,640,979,645
908,171,273,626
905,507,189,385
929,538,81,203
192,401,971,525
15,880,717,38
223,275,589,297
30,607,516,477
539,594,470,290
219,271,285,719
870,641,969,455
257,591,896,530
744,574,446,535
784,180,97,14
78,448,452,603
416,184,326,856
710,914,534,666
291,164,326,43
190,958,961,416
912,749,337,136
369,203,969,589
772,986,196,855
707,408,809,147
104,827,612,243
570,349,121,864
616,331,103,10
485,696,503,88
960,135,32,18
894,917,777,467
543,749,922,669
658,357,799,373
229,949,385,909
797,648,411,648
302,11,710,888
167,426,730,347
718,682,745,532
643,737,953,286
900,481,479,259
717,940,82,883
641,122,555,776
89,645,687,134
904,869,542,520
833,816,907,717
213,673,968,994
117,561,334,185
984,171,598,879
57,121,839,843
289,373,356,65
732,554,833,647
530,376,658,143
805,678,96,571
274,305,825,591
638,531,227,64
326,967,716,395
699,281,9,824
56,539,362,524
145,793,630,902
890,790,0,713
489,87,829,80
937,990,576,969
740,321,508,712
452,264,214,108
382,982,285,150
963,495,351,525
604,320,561,959
314,267,98,738
464,977,692,705
829,858,433,714
921,73,590,516
844,507,878,941
870,142,974,634
662,389,168,696
970,849,886,430
191,404,757,270
742,911,940,97
707,700,623,815
963,197,764,976
530,651,321,340
87,163,448,862
52,275,625,360
397,282,818,880
556,893,653,288
767,37,462,468
671,110,936,76
149,635,251,800
851,45,267,115
669,459,760,937
434,402,390,626
875,501,17,888
150,97,774,173
279,407,440,558
348,837,286,92
396,822,662,745
603,100,144,15
716,248,897,52
780,905,851,578
815,304,837,955
633,372,668,993
571,641,782,67
239,748,526,300
698,49,777,390
142,957,604,820
833,504,264,69
61,26,331,59
581,238,492,123
320,787,883,232
253,791,163,560
436,527,36,176
317,170,609,363
31,476,291,46
310,989,392,447
122,273,988,971
129,515,74,502
560,178,679,853
67,718,507,848
262,163,332,156
447,412,777,205
947,811,777,472
81,629,230,462
719,699,873,748
879,2,82,927
205,476,3,990
552,608,603,368
362,644,386,116
334,595,710,511
125,249,377,743
557,674,308,30
863,931,973,763
291,65,872,43
258,614,317,557
224,842,566,442
396,613,442,459
237,218,379,885
363,632,97,975
846,498,193,220
111,390,957,556
730,3,553,637
916,587,215,367
335,280,440,20
255,771,248,934
472,247,284,467
206,628,27,900
377,296,454,667
323,848,654,226
495,988,800,761
895,672,311,407
362,78,998,354
240,289,192,889
12,709,438,862
869,482,172,313
544,8,633,88
662,988,346,179
214,432,586,275
742,280,503,154
427,872,211,262
923,324,446,664
467,696,949,49
402,246,969,947
9,93,318,933
421,198,526,505
867,778,898,584
734,560,156,981
528,603,500,934
451,191,717,70
915,180,195,992
522,611,692,463
535,341,504,792
676,363,38,129
986,504,652,331
923,267,890,722
28,409,484,493
301,287,307,417
806,877,958,640
824,758,450,510
958,11,355,452
878,591,974,350
207,893,781,936
896,510,645,45
435,591,752,735
173,376,122,211
906,39,546,155
409,210,471,807
106,827,204,838
168,589,497,630
167,245,808,611
450,709,473,740
41,218,114,409
870,916,703,648
314,422,466,655
953,707,271,36
255,601,118,665
621,34,589,883
100,636,66,993
85,891,10,337
66,444,841,366
437,58,502,6
275,998,986,824
316,383,413,115
369,649,173,729
738,473,901,370
676,462,638,365
76,500,324,65
499,371,655,722
629,892,763,55
719,195,279,216
229,303,967,878
341,655,718,690
291,983,940,743
938,944,0,203
820,245,682,192
142,257,304,18
771,686,530,217
540,417,4,373
944,674,32,537
366,695,157,529
580,7,128,629
130,60,629,848
769,994,698,586
417,500,376,496
283,605,735,958
652,148,53,859
667,401,19,450
800,45,373,809
232,542,307,378
393,447,64,367
342,470,206,314
903,982,76,442
313,813,766,578
381,448,143,884
112,267,526,115
79,37,618,22
932,671,946,504
113,21,238,324
952,757,116,629
452,469,504,580
96,137,523,427
450,274,582,846
276,514,619,433
951,827,448,556
227,575,33,724
24,618,370,443
74,84,526,527
989,555,118,712
941,46,657,611
775,372,628,628
850,690,943,840
476,547,420,336
859,57,476,857
896,10,144,401
249,823,337,340
172,310,60,412
307,311,134,791
625,987,343,466
439,616,238,756
931,497,482,381
501,138,31,261
279,882,789,641
889,177,425,960
103,641,486,667
679,449,380,467
986,915,251,285
719,191,972,96
998,369,476,983
232,758,142,426
536,236,84,615
86,327,786,502
240,71,631,690
997,199,280,643
840,17,379,296
565,980,629,25
51,623,696,915
742,712,13,573
872,765,290,160
155,908,880,83
69,934,723,740
897,262,71,746
638,599,819,367
142,507,925,195
13,544,898,660
924,996,776,890
769,58,986,942
309,117,127,795
865,633,383,645
438,353,707,109
504,794,16,542
294,103,624,634
888,686,901,102
629,215,818,229
305,541,72,103
879,277,138,962
320,788,518,449
528,533,377,872
178,399,869,554
784,820,521,882
889,414,821,53
78,509,929,449
578,436,329,447
966,737,327,555
863,266,5,588
837,837,21,391
328,224,567,670
673,64,846,14
746,477,831,294
923,9,767,163
722,553,785,993
174,100,488,875
832,225,919,531
159,958,571,198
71,155,585,590
764,412,825,859
273,373,438,284
423,944,153,479
972,474,346,728
51,803,763,334
817,740,848,609
755,579,382,208
393,658,175,919
431,686,448,917
104,411,167,555
519,29,572,441
316,737,890,611
280,602,514,40
677,151,461,371
716,985,980,794
492,763,742,500
564,682,965,416
637,796,589,368
663,509,250,932
671,172,317,635
857,348,994,597
432,702,41,644
727,636,568,216
123,80,393,865
87,315,589,903
851,162,461,638
67,427,456,758
351,421,654,934
500,269,687,352
542,189,505,952
728,591,925,326
994,759,805,307
709,678,652,663
735,907,265,297
78,660,314,705
58,258,889,351
499,242,509,510
459,200,512,699
506,902,536,519
285,963,261,356
346,502,350,685
723,89,216,757
196,67,892,321
987,262,739,154
51,271,504,339
756,363,3,705
194,798,214,424
320,687,581,778
562,944,615,506
316,890,139,919
219,165,809,676
397,116,903,820
87,311,860,3
227,298,516,807
508,371,321,317
144,217,242,896
736,960,91,141
247,400,48,986
261,101,303,293
183,682,609,488
228,135,549,377
630,817,898,456
19,632,718,90
8,804,255,563
713,224,589,296
415,393,187,250
206,672,792,551
314,35,830,10
182,114,639,843
96,772,246,609
284,314,9,595
876,283,185,110
473,71,483,192
656,56,647,316
444,234,570,783
755,227,658,319
376,580,45,467
365,264,14,628
3,868,638,835
320,324,571,109
763,487,391,569
942,536,336,475
840,894,159,664
367,717,479,273
335,403,845,109
753,847,534,239
387,547,161,535
896,258,841,300
924,20,751,991
173,103,643,523
321,120,852,768
345,175,484,886
527,192,617,271
809,286,449,718
801,50,549,907
264,249,928,88
431,99,325,342
34,816,971,80
665,405,398,353
468,652,554,674
67,378,574,803
311,713,875,795
17,14,728,795
212,693,540,92
57,72,414,617
640,815,804,999
93,217,31,968
999,72,143,551
248,667,848,775
593,500,817,28
94,474,548,18
465,490,151,380
862,734,727,261
530,879,755,387
721,599,604,993
747,799,239,227
402,207,971,196
554,556,310,524
469,411,183,390
818,68,935,461
913,338,170,390
862,734,435,848
672,947,1,936
373,517,956,305
460,251,219,145
70,851,822,671
369,676,123,633
355,223,352,26
320,959,955,375
607,495,961,506
375,954,409,136
858,486,581,646
795,514,740,857
25,79,678,690
496,242,22,736
864,655,565,143
396,121,456,446
938,398,688,894
794,24,882,703
732,166,227,621
402,985,250,511
919,482,442,424
268,945,122,278
813,728,930,976
204,78,652,517
561,671,117,455
844,984,583,23
193,865,548,570
607,780,865,584
805,113,324,125
689,436,308,417
639,814,660,658
810,159,403,225
722,854,491,194
578,847,547,396
28,699,876,377
276,502,852,0
558,561,906,550
836,335,96,251
536,677,910,336
627,491,72,894
23,687,510,417
607,864,372,300
721,688,941,726
205,243,353,499
957,620,472,917
961,703,706,161
214,385,932,782
474,899,329,167
862,558,683,626
408,352,356,417
373,700,38,886
143,144,2,396
920,680,65,832
756,248,557,510
556,798,59,880
956,6,352,298
274,983,253,848
105,499,280,304
850,291,568,228
558,185,485,912
539,175,457,899
48,797,959,616
542,808,511,747
789,158,106,729
208,422,712,232
78,771,44,525
294,746,521,701
638,297,620,3
808,447,541,928
362,27,627,561
728,988,162,714
216,839,372,816
634,831,129,917
866,847,588,660
963,843,93,724
274,653,972,593
276,443,928,453
629,341,932,150
630,44,251,186
82,278,544,901
365,774,764,571
138,417,804,545
87,755,878,461
39,624,769,422
380,174,271,221
102,7,928,355
781,741,851,837
103,230,251,571
542,343,20,614
897,997,656,679
701,447,275,516
200,918,735,645
643,782,253,125
545,151,673,676
519,516,608,913
386,908,625,461
176,47,165,643
868,320,236,571
842,961,37,117
210,277,250,939
972,182,486,0
681,294,764,868
274,555,165,457
856,84,685,360
775,264,627,892
471,22,916,489
968,918,994,77
697,326,238,764
413,602,839,898
36,411,277,48
521,447,551,994
165,41,605,200
207,503,987,16
806,730,899,204
613,435,846,71
393,608,678,483
938,717,371,487
395,984,672,124
176,773,449,734
564,56,564,56
812,152,729,840
396,928,703,258
91,122,76,456
877,981,792,942
917,141,183,147
653,57,833,476
780,447,776,291
322,316,189,757
995,48,392,626
885,629,554,989
32,233,936,162
482,849,14,191
468,29,334,491
100,59,644,780
999,107,143,973
99,17,534,836
766,705,372,937
87,285,17,202
599,162,727,963
475,417,70,787
417,705,844,578
509,721,701,151
335,611,442,822
346,772,449,678
715,833,641,729
444,171,73,4
604,987,92,278
533,56,706,126
610,221,78,261
611,848,391,194
494,829,502,892
892,617,443,154
629,818,60,519
145,52,884,873
668,246,187,944
732,59,471,460
186,453,79,55
11,404,928,721
506,523,806,722
844,91,769,363
248,889,385,821
889,851,967,187
433,633,233,580
811,910,394,432
381,445,996,716
313,40,42,432
966,651,807,645
512,271,621,692
672,323,963,802
713,733,46,47
313,406,106,158
439,828,869,519
64,569,344,472
752,240,523,154
79,704,540,831
513,520,996,706
82,322,734,471
173,173,364,561
399,883,960,282
988,185,932,877
493,173,471,71
325,313,989,748
551,685,425,798
150,899,714,153
928,876,735,170
880,624,983,301
254,835,249,613
534,955,853,334
706,285,46,542
604,591,933,978
563,616,483,78
553,532,210,820
496,652,17,414
343,114,122,862
413,17,361,298
200,675,515,717
289,677,504,896
344,533,407,584
888,20,677,697
671,390,978,793
61,277,496,23
510,845,896,201
157,723,59,365
486,583,250,47
264,113,578,714
838,688,439,82
265,700,788,941
404,333,293,498
235,477,145,505
784,792,567,2
67,940,139,898
830,187,277,232
762,773,375,966
170,555,225,411
338,390,483,861
387,862,534,396
910,127,183,593
522,469,897,469
500,888,942,990
258,650,890,572
220,397,188,18
695,251,865,16
607,853,847,366
689,940,331,162
978,814,839,50
999,464,491,630
363,35,487,532
334,49,243,415
256,422,500,682
130,891,819,661
180,933,402,114
577,308,54,866
356,672,996,969
437,910,58,344
291,672,595,561
920,659,949,676
124,370,891,168
679,608,850,382
782,282,371,639
776,978,956,102
134,824,411,520
326,131,72,952
531,509,445,311
850,469,404,512
546,646,622,266
545,341,156,342
488,32,51,273
682,977,729,787
982,994,574,437
998,402,834,626
284,397,121,124
24,146,197,95
664,230,816,227
5,431,923,251
845,219,624,594
955,462,521,597
79,321,924,411
483,592,572,178
643,668,892,3
303,215,786,5
537,719,437,599
454,593,669,791
19,191,726,744
702,484,24,840
5,563,974,223
782,448,641,811
341,198,177,321
867,816,559,910
641,379,698,883
313,88,412,671
541,192,792,902
759,775,370,735
236,331,43,788
278,526,959,218
260,783,437,640
440,616,458,677
517,792,370,186
18,864,277,870
216,522,938,632
268,837,339,127
225,421,20,766
589,416,401,899
534,243,971,334
977,235,846,71
687,912,234,352
701,260,636,674
334,561,89,395
919,95,134,900
382,125,71,961
872,543,322,898
750,894,231,799
403,950,431,712
157,961,965,330
421,728,973,141
157,329,512,218
517,964,473,178
425,799,455,634
43,986,640,523
744,693,582,981
34,557,432,899
178,141,864,714
495,649,588,956
591,726,843,649
673,21,830,877
549,303,385,324
601,267,605,185
984,746,35,214
585,627,671,886
410,130,838,702
446,51,77,235
490,68,703,349
224,153,467,96
150,529,712,219
399,750,510,521
523,498,435,189
461,924,566,251
889,154,651,346
224,185,707,301
497,783,488,424
430,938,682,104
672,193,185,627
880,616,311,927
20,929,561,943
497,453,42,895
91,787,244,864
798,767,52,255
216,868,416,520
22,516,592,977
224,435,999,233
265,892,68,135
574,835,385,502
763,722,823,78
860,919,724,782
215,259,683,789
820,501,518,721
613,764,393,959
744,627,454,160
798,719,361,500
559,125,248,616
332,286,41,723
81,156,208,7
613,806,475,275
87,959,387,613
247,661,369,645
54,566,483,876
643,317,818,571
386,377,481,905
771,214,236,772
45,261,499,680
277,694,457,453
183,855,957,690
551,844,388,536
453,406,593,202
491,721,267,480
980,532,953,555
714,477,260,739
844,741,913,780
546,343,433,854
863,319,447,91
34,461,30,244
441,224,261,805
170,447,112,615
591,603,819,332
382,208,333,901
290,194,591,391
289,517,448,252
419,588,790,629
740,579,315,701
158,840,146,209
966,164,164,412
208,640,787,15
786,994,947,645
507,599,656,725
110,786,320,121
295,923,421,211
344,715,7,742
184,507,772,826
585,532,221,18
772,193,478,24
868,928,329,729
459,376,457,562
5,93,726,905
15,758,249,305
907,672,517,453
299,507,312,613
544,218,869,598
222,16,576,68
677,750,293,643
447,169,765,283
49,672,997,410
504,27,453,99
121,390,682,348
772,973,777,693
494,970,913,340
298,867,851,918
84,446,753,480
946,910,240,483
350,79,467,342
236,228,829,478
805,51,603,448
254,262,556,718
616,458,325,160
396,660,685,970
931,839,226,316
599,962,23,887
626,767,531,874
81,431,598,380
308,352,890,949
981,304,60,973
362,739,350,110
305,601,810,821
719,435,757,978
964,731,477,858
223,979,608,114
154,742,995,108
449,939,36,486
565,761,477,733
207,692,894,185
643,28,901,34
35,102,764,560
868,220,415,896
346,384,120,594
347,583,569,247
74,944,541,648
570,795,524,18
108,598,130,486
352,995,802,629
860,125,916,736
948,129,824,621
614,378,413,965
888,781,723,883
385,195,401,615
328,708,356,840
261,624,973,17
826,800,374,2
974,780,33,943
910,830,428,277
416,124,652,361
333,539,149,739
2,726,764,271
356,542,426,956
621,988,717,301
287,609,196,622
532,478,718,769
496,360,992,245
412,971,10,368
759,271,732,771
450,312,354,684
193,847,553,1
673,318,709,288
667,25,433,451
43,600,153,977
773,753,919,256
125,954,169,614
161,372,763,48
901,643,191,889
546,57,293,539
69,411,368,604
320,508,959,560
679,373,485,268
761,638,542,731
872,213,782,321
463,565,447,668
167,235,302,323
621,738,763,551
52,870,252,622
499,525,301,398
171,314,677,726
744,819,944,816
297,370,589,755
789,656,363,382
3,581,621,742
582,389,927,960
403,508,915,762
113,770,717,507
284,602,791,131
630,284,345,733
187,586,81,66
639,976,164,423
734,428,758,86
719,869,59,178
334,105,122,899
893,758,379,818
502,258,997,719
575,981,798,286
491,764,648,255
329,465,284,629
707,309,894,590
941,392,605,873
88,208,685,831
386,269,11,751
124,181,804,861
360,835,259,381
724,65,445,649
927,927,834,955
831,380,26,140
669,609,209,402
254,421,465,728
878,99,194,431
59,712,369,786
156,880,618,960
524,760,155,387
622,326,551,157
14,324,676,514
162,492,210,984
724,85,704,947
725,244,132,45
359,574,182,922
806,121,57,226
237,915,776,816
65,314,945,807
204,330,377,581
384,901,892,967
309,260,822,587
505,580,211,749
987,932,384,281
852,379,4,455
307,646,46,565
964,687,500,950
628,849,501,32
171,831,492,651
766,581,433,110
464,903,254,403
220,477,339,115
178,448,230,292
811,278,442,806
947,481,595,149
931,302,324,713
119,576,605,849
234,885,572,830
540,241,494,276
94,390,818,259
770,549,91,268
729,590,872,606
266,996,370,177
268,212,681,842
481,43,187,300
159,591,563,48
267,286,145,931
372,219,467,806
681,495,496,387
609,795,285,715
774,108,542,444
132,823,562,480
891,988,587,177
790,320,929,240
440,450,99,492
27,983,41,112
452,32,944,598
726,601,979,543
257,805,402,964
655,21,234,998
643,279,57,442
582,803,755,585
895,281,670,36
774,662,927,780
566,78,720,495
693,131,830,767
177,363,642,276
824,912,772,570
380,792,719,357
937,845,38,913
636,23,913,822
179,389,627,632
779,251,563,324
745,509,812,647
465,210,547,33
292,716,310,830
266,211,412,21
20,761,780,626
900,312,781,78
515,488,143,350
535,821,901,801
888,597,184,850
485,558,249,550
39,78,386,967
761,404,753,879
570,924,730,697
978,777,520,440
445,810,944,115
494,190,395,120
475,220,981,533
593,836,38,591
276,921,189,57
405,592,796,558
73,137,676,345
569,884,198,409
203,624,466,915
261,796,968,255
137,320,121,261
729,534,57,136
912,786,267,344
435,961,496,262
282,821,270,488
895,822,514,180
250,149,537,841
462,546,520,193
596,53,390,251
682,857,739,254
255,61,648,767
997,612,930,963
700,564,356,704
503,91,408,957
678,942,9,11
327,19,296,187
481,638,338,822
142,489,922,548
276,285,192,380
441,597,925,682
921,945,290,198
614,832,884,697
186,926,998,523
483,917,284,872
331,872,415,913
955,699,777,414
60,702,127,713
18,696,622,269
414,728,3,110
622,47,692,331
819,922,220,398
326,507,567,932
647,86,482,751
580,433,53,816
571,589,169,274
900,938,728,395
878,806,117,579
140,974,569,959
508,285,823,847
428,785,357,283
25,13,215,661
157,233,17,927
844,238,105,165
908,445,127,861
142,735,443,107
381,103,945,577
786,820,834,172
162,763,218,969
500,321,930,246
491,949,890,934
260,492,37,652
364,142,0,537
826,318,480,16
708,591,255,238
601,730,995,399
418,636,547,355
166,124,847,424
280,411,627,361
183,755,319,332
146,786,886,378
653,672,417,567
197,563,712,225
356,212,148,789
378,842,428,788
752,933,882,237
626,821,64,261
976,961,852,841
377,331,614,484
773,40,714,468
236,669,399,70
0,14,835,434
837,712,336,969
785,326,582,410
667,585,374,861
796,543,497,447
500,854,523,828
483,499,487,146
782,731,648,345
985,578,682,889
639,778,683,437
643,899,73,739
721,865,920,789
55,380,480,657
1,48,145,660
974,356,589,846
597,40,264,127
331,991,350,272
444,548,857,892
362,169,957,276
623,499,963,513
364,785,398,597
76,619,293,667
296,792,725,709
503,687,27,291
265,375,571,257
528,114,399,562
828,164,936,536
90,841,946,430
800,829,743,453
911,861,251,130
221,434,334,376
254,262,171,946
855,335,853,897
751,712,617,699
755,383,268,613
284,9,505,743
182,297,839,341
496,528,261,679
931,399,787,958
192,272,671,174
219,202,168,171
910,98,154,900
179,966,894,957
530,998,5,696
251,36,842,187
681,2,529,637
876,986,352,145
705,472,192,677
887,268,247,525
16,116,942,184
866,951,682,125
809,788,89,262
99,936,795,425
720,774,923,528
884,416,192,631
923,684,340,426
583,938,848,377
849,562,290,676
794,899,700,376
636,566,58,868
978,593,624,837
760,495,430,612
329,701,769,106
531,271,686,50
513,752,822,28
493,169,225,858
47,624,24,995
375,162,371,118
291,972,603,865
701,651,614,630
645,668,221,302
750,237,787,456
167,441,844,74
144,67,567,672
79,818,738,579
582,835,217,200
259,733,586,49
236,973,584,393
212,177,561,929
839,449,526,776
533,42,247,31
903,725,905,482
4,292,654,58
189,461,614,583
189,919,943,483
79,0,255,418
235,857,553,461
17,481,964,30
825,854,228,710
780,715,242,754
234,963,111,28
17,4,881,862
54,958,967,377
36,218,479,107
982,128,641,887
18,520,696,447
661,754,253,156
805,306,423,390
366,203,75,703
69,212,867,433
914,23,807,768
662,798,469,682
729,817,805,139
758,546,662,518
477,186,511,389
933,180,299,817
52,694,604,53
564,249,82,373
477,54,225,404
113,568,676,658
359,304,801,645
711,395,43,879
927,488,262,597
296,630,491,495
720,971,400,395
460,15,122,196
82,734,713,49
593,420,729,424
669,186,697,104
987,975,786,278
613,683,454,895
538,285,298,133
37,196,593,701
944,642,334,12
414,596,245,858
522,222,767,199
679,707,737,554
100,554,112,312
763,533,371,889
207,251,572,550
56,517,316,815
661,974,906,17
820,611,504,116
64,649,187,315
704,246,540,77
280,240,520,544
590,290,896,629
940,501,134,422
325,739,997,340
245,743,907,381
585,672,406,803
784,875,488,528
917,40,0,973
642,549,366,42
938,255,219,952
571,616,867,210
567,898,840,25
310,97,84,78
345,558,970,171
253,175,882,427
889,308,159,984
782,869,535,227
859,256,742,397
170,766,415,76
275,397,145,986
330,400,801,392
751,330,962,743
82,505,430,95
161,207,607,392
944,885,142,798
348,872,199,98
404,877,319,178
628,232,52,555
671,736,919,237
448,375,936,733
205,830,271,816
793,133,794,706
661,23,520,31
786,3,208,825
773,504,991,408
271,240,68,487
880,109,794,299
128,122,817,231
154,824,921,626
405,424,869,866
912,216,48,82
593,887,94,487
289,834,833,448
824,841,727,388
473,572,292,677
306,406,658,354
11,92,849,370
272,791,732,268
700,444,914,732
52,917,742,432
317,449,500,992
139,286,487,28
215,991,44,463
475,616,205,33
662,238,747,843
599,4,363,75
911,240,499,192
888,515,466,311
691,511,49,563
347,812,898,516
252,339,995,366
735,268,79,946
693,266,449,33
509,555,558,293
876,918,670,410
656,741,983,105
281,370,486,94
709,54,170,431
622,28,207,317
689,229,572,735
614,780,426,673
327,937,401,180
928,771,536,31
705,6,816,539
10,573,495,388
844,905,900,515
960,119,771,480
878,23,703,485
780,512,799,718
801,290,495,77
309,44,108,313
135,539,619,62
210,308,14,593
469,744,556,786
6,814,276,539
122,911,438,80
803,299,646,788
575,505,118,755
312,515,479,895
678,944,747,753
717,130,370,545
756,296,222,457
244,943,85,91
344,329,732,459
855,439,587,352
532,866,888,163
590,517,851,858
41,215,171,495
16,357,12,768
12,324,238,980
630,668,107,259
533,992,460,580
157,505,720,348
276,34,67,122
874,911,87,112
652,39,353,483
293,688,634,67
578,305,968,774
584,75,97,472
253,896,756,341
303,366,196,22
837,325,17,354
40,83,860,20
37,354,615,242
898,607,8,461
42,827,704,204
647,206,787,52
347,503,406,795
947,288,192,898
265,630,535,751
876,431,224,466
126,556,907,624
186,366,320,547
672,669,290,291
286,571,438,789
308,406,367,913
796,37,650,146
293,522,753,47
619,989,487,806
908,210,695,840
937,633,1,88
111,315,697,204
721,284,101,206
132,196,396,469
374,695,766,452
348,164,611,180
823,251,548,197
770,336,616,128
867,372,684,664
459,794,915,206
548,495,125,52
22,442,383,865
453,708,471,435
515,761,201,371
6,356,91,234
717,729,74,146
484,259,727,567
98,302,786,364
323,446,609,361
511,935,813,282
894,718,145,811
22,180,623,536
986,427,49,601
337,393,297,955
969,458,102,921
654,98,811,417
874,711,157,627
906,341,274,52
507,443,792,649
912,210,825,463
281,918,513,215
345,357,529,966
876,285,596,459
67,538,250,778
238,581,934,894
397,0,905,402
274,45,378,472
430,655,843,923
847,336,568,671
770,657,550,993
923,400,693,944
687,491,892,563
730,108,552,252
169,133,920,858
990,674,400,628
868,173,376,657
350,869,921,5
880,592,107,862
1,367,941,125
276,17,67,815
921,655,429,323
557,191,930,174
507,724,280,170
957,723,934,829
259,672,808,646
934,911,902,130
810,446,690,980
998,895,739,524
417,324,875,486
843,683,106,579
573,561,613,869
22,571,31,707
219,719,50,28
329,265,961,601
538,569,677,387
907,826,378,364
646,550,990,633
320,13,277,197
336,444,900,801
843,377,184,631
368,477,322,997
789,243,274,55
934,973,292,134
108,253,659,644
506,801,993,841
247,512,560,719
673,137,960,194
815,738,901,740
64,966,932,93
725,912,275,135
704,180,18,463
848,381,306,567
978,153,728,801
190,8,37,726
883,963,117,13
823,610,946,231
542,606,813,750
702,813,481,742
790,291,860,396
617,461,410,811
643,386,479,117
238,234,273,142
577,544,128,397
406,732,643,948
335,481,17,390
772,293,976,824
963,919,773,800
604,458,833,954
48,480,76,234
502,362,408,339
865,627,229,190
458,285,820,686
573,171,482,584
506,589,636,785
411,834,130,535
805,560,137,41
101,390,248,299
312,731,606,841
318,952,462,380
692,952,497,131
990,408,255,593
69,472,137,996
242,393,781,886
303,842,255,884
902,299,633,532
921,762,623,803
293,915,481,812
299,809,678,317
324,948,561,92
169,475,771,815
620,601,453,472
215,244,335,143
711,544,378,417
860,58,839,967
920,264,146,977
289,326,422,209
21,619,510,917
641,978,805,996
878,484,435,209
968,643,429,261
892,610,336,751
30,880,297,918
453,131,428,24
395,832,431,267
164,937,186,296
138,280,709,839
203,408,726,286
320,530,197,123
994,813,974,625
507,679,507,831
502,912,115,731
485,406,203,478
573,490,767,801
984,945,46,214
654,807,943,889
873,311,507,509
620,853,297,339
190,596,471,917
297,131,580,168
874,385,768,976
788,946,700,85
134,370,923,604
869,455,452,8
983,331,459,679
918,774,467,529
948,314,667,651
57,96,882,18
399,376,872,411
750,181,418,447
657,511,777,260
515,442,264,871
519,236,601,404
28,620,627,816
417,822,137,70
738,187,402,478
791,757,152,676
125,327,407,964
964,59,173,99
661,806,552,920
245,758,512,778
738,75,651,499
648,995,110,74
25,344,103,119
407,972,172,87
335,237,239,671
972,75,697,572
837,165,367,673
821,236,342,171
636,928,567,647
654,790,510,267
912,539,621,785
75,514,680,743
279,681,997,900
901,546,650,285
201,189,546,461
722,467,541,268
751,221,507,118
559,35,861,452
781,632,985,808
423,314,624,761
593,392,797,615
59,517,700,416
611,649,172,57
720,574,130,248
109,399,780,390
182,349,271,554
707,731,862,737
846,849,960,497
721,471,876,956
265,663,275,650
401,837,945,296
453,82,698,397
900,563,662,610
48,960,104,249
910,769,441,198
196,763,107,123
164,352,125,432
964,397,866,967
246,868,390,358
27,434,463,861
551,179,603,695
417,241,364,429
850,396,781,630
351,723,791,547
652,608,12,670
919,50,775,939
599,460,854,159
831,827,710,133
2,909,89,175
388,252,318,378
459,985,502,322
425,814,342,740
279,716,134,115
599,179,117,425
518,184,350,215
972,600,59,849
362,531,628,680
86,4,820,259
558,5,57,504
647,735,870,763
312,486,150,41
496,483,863,887
897,788,537,43
975,366,402,620
233,986,799,998
859,862,216,485
925,498,761,627
580,778,113,844
835,228,761,54
782,719,315,391
954,868,195,790
164,216,254,524
653,871,254,699
262,589,384,748
94,885,875,447
61,205,644,43
684,328,770,958
308,411,379,238
15,140,545,165
486,259,605,915
176,285,958,941
60,421,518,172
500,627,202,849
134,913,811,843
839,992,22,459
830,962,100,39
259,360,998,427
378,587,770,678
632,303,322,303
9,732,47,480
355,798,330,867
754,701,786,514
409,919,183,899
986,160,994,191
754,547,463,788
292,627,264,320
432,987,399,86
896,531,655,989
175,532,224,924
270,866,541,42
309,488,220,865
842,898,873,675
112,971,431,524
335,111,868,503
788,67,672,125
238,345,610,967
845,423,31,325
950,703,336,360
182,17,374,777
739,60,237,244
130,916,858,847
928,541,523,5
193,581,329,712
710,200,668,354
463,453,244,444
229,389,135,271
130,852,828,248
520,441,746,137
587,968,293,434
499,614,247,479
153,660,655,259
886,764,41,314
139,464,146,572
432,67,589,669
732,207,751,633
702,301,316,573
606,148,796,360
211,104,301,697
82,83,254,490
984,658,253,146
324,270,893,337
843,907,136,732
897,589,629,304
569,614,998,475
657,444,177,214
901,695,425,822
663,992,280,434
240,317,155,31
334,258,714,559
489,289,66,377
43,194,681,593
372,757,670,992
759,596,370,982
341,318,911,940
500,358,563,406
811,922,609,613
413,975,148,499
815,346,233,560
536,914,664,681
700,785,614,176
797,232,355,342
710,346,107,197
245,449,731,275
293,693,561,640
333,459,816,64
937,666,335,532
914,472,13,43
893,907,620,110
981,12,399,370
101,94,752,558
230,277,931,827
722,729,720,795
539,353,1,355
970,588,473,786
319,882,253,844
794,146,858,664
717,309,322,244
822,719,100,283
4,222,151,772
893,34,755,12
177,69,580,462
647,732,635,823
954,859,27,702
144,775,389,576
615,413,721,730
436,832,162,439
425,807,131,786
514,677,140,493
677,978,468,255
764,175,577,732
672,727,763,423
843,121,633,115
377,465,567,591
308,862,149,367
427,430,933,839
623,190,592,275
802,998,61,825
692,377,399,368
667,578,538,378
670,146,634,941
950,262,64,655
826,20,578,767
981,350,150,633
478,344,683,977
308,20,676,273
4,181,865,86
704,104,107,556
230,854,236,369
666,598,529,591
833,127,30,739
211,43,324,659
132,576,561,853
839,272,316,634
639,328,235,313
212,261,731,927
590,266,939,844
362,566,230,90
38,987,867,743
642,705,290,905
180,489,685,729
256,470,457,368
539,93,504,230
146,493,389,113
148,665,187,923
472,259,601,116
628,675,206,806
828,469,245,304
427,248,77,842
905,362,328,231
577,385,974,497
78,324,325,14
594,888,871,647
594,71,72,154
977,619,307,229
311,825,48,931
621,400,932,324
496,712,204,708
504,615,503,93
404,734,224,568
404,603,917,663
891,8,207,926
30,648,454,256
525,354,72,670
437,646,637,114
632,620,794,122
642,28,945,631
16,736,233,301
783,445,599,789
671,584,865,470
258,238,850,651
220,364,399,390
256,333,29,641
877,282,693,13
836,915,542,652
319,548,213,936
367,611,667,95
234,845,34,862
983,264,933,354
183,243,276,157
186,194,177,926
667,438,874,953
810,825,267,686
131,159,367,150
144,376,123,599
704,810,511,168
698,603,826,224
474,203,201,689
455,216,163,338
398,316,708,755
583,657,844,953
698,893,379,633
893,832,996,545
893,442,179,946
750,106,452,330
674,609,626,190
770,756,456,900
235,504,503,934
543,216,877,235
343,10,358,167
915,665,418,827
982,923,971,495
192,258,73,916
689,231,243,942
863,26,756,822
109,374,744,566
760,482,370,446
6,371,931,484
445,436,561,511
286,696,18,348
244,446,955,505
653,90,169,775
356,173,299,54
15,83,674,992
172,98,887,79
355,370,135,138
120,752,549,634
897,748,356,532
86,251,175,207
713,631,592,684
339,257,233,550
855,473,458,967
376,692,919,530
259,996,413,47
904,742,506,744
947,77,710,771
209,660,553,744
41,832,146,386
96,891,42,306
937,205,515,311
711,781,728,122
240,862,930,750
529,541,523,245
912,510,531,981
338,766,69,225
441,194,350,212
81,887,209,528
711,731,841,5
110,433,852,301
944,538,992,211
750,390,654,716
132,771,304,182
724,612,359,806
581,714,389,750
191,272,356,386
710,16,801,427
305,403,97,701
582,742,30,643
708,136,933,163
964,15,680,115
956,371,99,386
361,138,285,476
89,963,189,437
251,878,550,751
627,88,17,391
446,356,493,49
158,421,78,292
906,848,767,623
326,766,821,91
314,160,633,611
329,747,169,109
209,195,805,829
634,299,513,343
588,658,852,665
105,377,451,243
308,105,138,687
637,714,152,947
843,182,14,949
476,981,525,310
100,721,201,471
615,337,293,776
436,322,156,416
953,25,169,310
509,526,508,574
814,339,546,591
144,786,575,993
982,948,259,460
584,125,334,635
881,757,553,679
59,506,219,449
225,401,124,791
689,195,730,48
133,244,189,170
205,951,97,752
98,821,584,474
33,532,577,644
330,84,641,848
476,133,844,800
526,860,680,27
917,164,695,881
365,473,703,274
246,144,711,728
909,747,104,397
355,88,165,318
854,105,473,919
266,366,668,137
940,998,753,510
363,901,71,885
659,247,554,761
239,115,862,932
691,483,535,113
699,639,343,198
811,873,229,400
875,995,926,689
967,212,267,636
145,106,487,249
811,682,19,916
813,139,624,304
335,152,953,465
60,364,794,207
539,231,912,694
506,591,199,435
194,2,474,721
146,519,842,224
384,581,678,503
291,379,564,65
622,551,449,923
305,338,539,821
898,808,896,407
476,581,10,891
857,491,761,176
169,449,237,695
815,85,471,198
468,353,891,865
331,875,501,369
568,895,692,733
94,368,807,652
99,155,995,861
730,172,790,430
613,418,859,928
124,941,218,812
414,152,627,471
963,457,503,608
405,662,60,962
977,441,515,652
685,76,407,134
823,272,540,823
519,703,601,913
498,786,939,710
413,180,304,884
410,109,725,403
858,810,348,408
823,970,862,370
468,276,113,329
380,700,94,782
564,636,521,230
246,767,934,904
931,889,205,230
12,122,257,64
52,113,274,963
110,461,333,337
486,711,229,154
911,907,505,737
313,797,506,505
972,585,478,342
493,379,542,40
436,804,848,265
96,670,938,304
647,975,580,342
318,641,376,870
858,682,521,954
104,863,357,408
247,931,649,931
352,53,424,574
831,688,734,587
585,205,439,650
665,459,287,413
545,638,86,232
257,452,450,118
623,156,89,870
140,474,153,700
879,733,574,604
96,738,944,658
347,161,893,445
358,317,674,202
129,146,482,980
977,38,944,777
633,801,351,143
719,225,660,157
166,582,12,191
300,637,63,642
786,128,25,821
979,90,449,776
331,233,704,286
294,396,511,230
451,931,597,904
467,877,188,618
769,380,207,610
935,614,18,518
834,117,694,815
156,902,512,292
972,247,68,339
220,512,355,754
47,28,310,20
565,874,110,735
236,19,650,570
540,104,604,595
543,764,129,774
692,20,346,834
279,552,747,54
294,409,240,985
610,202,391,775
248,619,158,511
667,696,610,57
352,192,553,797
62,89,316,279
136,649,701,358
368,632,409,867
481,121,329,863
609,831,667,406
385,548,336,351
763,861,250,293
79,705,596,904
602,472,158,324
699,312,531,764
915,459,321,951
993,957,52,384
367,89,23,795
556,98,432,299
143,391,335,201
405,976,3,624
255,189,905,707
947,990,121,591
332,693,599,565
161,920,291,799
272,242,78,780
869,593,10,719
211,754,484,858
749,848,816,376
929,628,417,391
609,438,300,900
136,498,847,425
774,870,364,386
960,776,764,613
631,620,834,647
459,634,69,939
683,518,568,501
356,489,874,485
396,93,518,959
761,22,366,911
331,388,97,898
75,405,934,736
55,327,363,214
387,427,239,88
85,917,104,235
348,240,433,904
870,847,804,580
333,958,216,700
654,782,863,118
766,391,215,315
704,152,203,409
567,970,189,213
349,226,466,645
294,389,986,348
156,479,522,206
951,412,496,419
408,911,122,857
643,673,252,537
791,40,156,132
196,9,379,183
695,465,491,505
436,717,495,909
697,905,468,651
27,213,426,840
344,524,286,870
184,966,952,799
864,830,291,939
268,149,518,393
777,845,927,713
804,786,807,824
266,714,717,173
453,118,755,152
440,392,727,178
352,612,655,592
287,171,965,505
597,131,970,903
485,626,553,250
273,545,675,247
379,238,219,784
578,209,206,486
117,88,345,937
439,86,310,344
759,134,444,763
210,397,521,685
359,789,887,552
519,22,905,545
776,320,377,266
772,91,551,862
306,615,519,423
409,575,32,835
332,480,493,181
831,832,154,144
493,674,364,134
219,646,780,247
788,84,674,221
345,737,187,628
637,794,735,271
234,965,209,805
580,680,372,123
448,9,590,43
385,804,923,218
671,179,305,103
179,879,460,903
452,69,629,741
775,276,883,774
495,67,750,83
33,296,276,761
610,26,371,650
351,720,74,486
137,818,500,868
691,629,305,905
57,93,698,876
999,834,945,968
27,93,763,720
592,460,251,10
808,33,949,810
420,417,707,495
595,848,743,354
126,417,526,506
484,275,197,565
991,872,883,465
665,599,139,833
852,617,708,259
701,632,598,62
596,740,931,328
347,271,936,166
905,776,39,997
665,421,763,109
796,561,734,37
559,317,274,617
346,811,786,288
559,861,821,394
555,716,415,87
612,949,595,986
327,93,560,773
37,389,263,326
945,201,206,519
817,291,525,844
166,837,139,869
705,571,443,746
300,102,801,382
971,4,522,669
725,597,309,183
835,953,717,214
275,853,768,356
665,69,319,702
979,235,17,261
423,269,214,147
12,445,470,962
170,330,364,704
791,347,650,903
278,20,122,313
86,193,893,56
412,87,540,763
190,314,266,741
222,369,506,488
855,358,593,455
463,993,786,665
496,396,827,129
212,177,737,569
525,640,212,623
215,573,625,944
603,142,968,913
664,538,857,453
568,548,312,369
84,759,138,619
21,123,43,224
928,902,574,804
77,119,808,804
181,883,337,184
357,330,704,573
987,275,410,975
428,412,22,675
79,566,736,754
386,573,400,553
503,198,222,893
866,329,957,189
450,597,329,232
129,491,574,597
562,722,158,489
286,385,375,706
507,644,143,554
554,486,652,64
963,493,940,681
471,298,542,876
610,975,716,498
11,428,310,268
921,802,931,775
979,24,798,466
236,356,451,608
314,161,589,745
210,430,557,667
857,560,385,830
865,542,270,92
190,705,508,503
740,247,429,541
167,861,24,719
751,553,721,375
742,370,933,495
934,695,44,239
52,196,64,862
819,308,220,666
367,544,819,50
439,957,855,648
486,859,322,140
206,793,884,348
553,270,401,984
533,491,374,457
515,165,304,2
901,902,482,510
26,203,337,233
167,295,501,779
947,350,14,191
375,815,176,57
872,433,861,974
610,926,166,86
627,892,741,436
938,744,386,710
330,582,752,839
326,907,924,938
483,515,593,754
836,999,146,180
294,750,365,822
290,68,672,401
792,40,660,545
654,943,954,525
636,70,710,682
842,932,127,506
385,822,303,553
539,861,413,489
665,106,45,667
63,369,441,22
493,355,519,860
389,901,958,255
275,606,525,4
278,742,930,821
466,642,780,226
536,692,22,602
611,808,401,275
686,521,316,169
671,577,634,355
203,335,9,689
549,475,154,433
86,21,642,514
834,476,276,871
565,538,360,477
272,140,172,920
428,864,934,111
162,87,411,824
852,130,71,494
99,944,178,503
191,13,786,818
908,311,715,22
167,610,376,157
549,492,420,687
956,42,386,571
177,65,429,376
93,952,181,26
388,466,383,176
51,818,967,291
942,688,740,273
755,96,841,910
598,137,892,52
578,339,28,441
241,282,268,831
672,527,590,250
714,965,310,410
823,617,84,159
185,786,765,92
451,944,895,165
679,842,431,690
418,431,385,286
181,702,651,633
131,737,767,960
170,908,506,679
128,420,502,365
860,994,80,997
541,614,711,349
123,96,194,647
352,170,564,613
691,530,328,97
345,556,818,122
736,652,633,987
81,512,752,590
417,779,83,86
92,230,380,362
895,842,498,597
233,673,530,346
644,362,213,748
342,914,590,564
695,512,630,916
990,473,358,40
364,634,616,412
781,460,259,64
454,642,417,529
407,790,350,137
935,265,215,174
46,121,605,80
100,388,789,740
91,779,381,150
219,155,428,707
650,908,606,44
197,44,428,590
288,590,132,103
358,836,490,619
998,388,555,252
370,485,185,872
117,99,376,748
888,120,635,535
312,307,276,697
272,637,447,578
919,925,937,991
478,182,618,967
0,958,876,667
462,935,719,500
606,107,355,95
367,544,1,507
788,147,327,939
27,400,558,535
480,600,897,125
843,123,155,589
746,181,813,506
484,445,52,604
476,240,179,722
222,717,986,572
841,649,819,175
649,938,548,234
255,625,494,782
656,617,809,586
831,996,386,532
511,924,962,115
962,487,764,265
431,987,850,422
787,169,532,120
159,767,967,287
721,133,998,636
26,153,456,2
115,254,29,797
389,239,310,862
356,2,16,224
318,71,525,269
22,0,863,898
576,186,450,674
912,729,813,646
316,442,556,137
402,217,605,105
79,955,196,361
358,414,998,180
201,965,654,685
502,552,464,810
217,800,680,494
450,679,94,701
315,894,520,314
761,824,667,132
708,740,240,576
332,64,47,288
466,520,235,569
408,990,242,426
814,972,990,304
602,717,61,775
451,857,298,450
50,143,349,307
334,380,358,343
234,114,433,529
557,621,182,830
350,487,401,360
42,634,113,972
60,269,279,727
695,544,220,653
851,298,135,753
346,786,306,649
629,362,896,177
968,247,205,840
766,37,713,544
538,272,979,358
124,653,503,897
404,222,403,695
543,221,204,643
363,816,719,691
80,266,670,734
20,267,842,843
907,493,551,940
434,367,801,921
638,343,273,177
734,584,892,220
194,180,248,204
814,98,219,377
447,272,930,891
200,116,866,10
905,212,135,122
605,30,719,859
519,209,834,572
569,26,761,231
840,835,559,488
487,805,472,495
334,703,517,29
790,671,553,987
604,508,612,685
344,206,265,702
922,173,797,605
152,679,671,317
685,422,958,259
825,749,508,960
609,706,877,214
355,951,851,24
705,435,706,305
135,62,99,855
818,489,783,496
583,131,562,450
230,465,977,417
129,453,689,505
668,663,574,788
827,257,884,69
210,123,830,155
37,71,617,353
453,144,99,482
892,956,205,522
373,856,475,767
35,658,996,150
420,585,930,43
377,248,352,392
821,578,315,254
359,224,478,746
22,822,158,86
393,275,366,456
560,223,344,504
898,263,321,707
420,259,688,133
10,753,99,155
405,203,445,126
865,219,600,900
66,350,931,408
330,790,352,354
674,722,869,753
163,832,604,292
23,403,889,144
585,575,152,180
6,777,201,800
158,84,65,340
379,758,326,493
973,193,62,26
847,597,709,876
930,651,745,700
987,316,195,735
452,567,765,4
268,650,282,703
899,776,23,454
215,409,68,175
820,447,710,748
259,276,188,79
266,985,4,384
788,770,794,830
324,109,572,786
467,305,829,15
196,619,276,173
832,747,496,717
972,885,162,110
443,995,671,542
200,257,881,572
444,9,777,298
368,964,570,905
552,33,549,748
884,192,917,934
988,528,814,744
312,798,959,74
801,143,73,83
975,4,483,4
600,612,244,78
874,616,508,644
69,168,487,747
984,59,822,221
126,251,611,797
501,327,770,790
59,426,631,124
285,225,912,35
165,417,464,190
735,615,572,936
584,641,365,767
692,833,259,406
563,490,883,777
134,843,405,372
388,689,692,412
4,394,242,895
318,835,40,135
922,114,15,233
628,752,222,660
139,6,472,805
781,304,513,751
305,447,869,376
760,921,765,807
904,507,935,362
559,750,560,692
520,951,425,34
957,689,443,807
802,373,841,917
89,609,129,852
440,791,190,136
387,20,293,778
446,569,25,9
236,646,901,57
893,266,470,953
823,536,267,594
620,915,793,828
668,745,303,939
431,126,763,654
217,224,744,600
210,799,445,639
817,423,234,210
517,486,401,728
71,328,327,979
175,507,814,956
273,124,664,816
507,512,130,199
687,767,259,325
872,122,535,218
122,741,172,492
299,328,272,20
727,375,557,430
461,978,739,97
868,895,336,583
224,586,782,863
175,206,481,102
691,430,571,884
524,53,614,2
507,747,966,673
589,848,952,669
666,459,851,929
729,332,362,469
314,448,586,874
495,498,134,557
152,294,301,698
50,809,253,800
243,372,590,698
188,583,573,622
531,27,675,150
12,136,162,444
60,925,596,707
474,621,783,888
98,526,977,231
288,62,852,154
813,718,445,917
808,152,119,340
372,989,456,37
202,919,84,451
11,477,174,767
940,501,504,475
615,59,210,297
714,240,351,253
950,294,184,132
533,88,91,300
449,406,740,986
21,245,582,627
627,85,805,162
802,45,219,568
880,913,974,762
116,907,395,596
41,896,545,964
640,81,468,273
109,665,596,873
931,159,129,394
671,761,573,696
398,664,951,437
404,483,311,447
738,756,979,36
91,326,269,456
131,40,790,863
517,939,340,182
623,207,123,483
484,692,378,957
134,212,245,581
413,270,307,220
873,693,875,495
752,15,840,102
804,417,830,378
452,344,191,876
805,66,223,986
941,139,8,324
380,268,707,125
864,925,708,469
115,291,824,507
83,109,278,288
566,96,535,607
103,275,387,984
857,364,970,483
759,369,59,18
14,971,652,24
776,93,623,773
534,682,206,795
385,172,59,403
581,737,974,984
578,264,627,54
848,882,495,299
966,627,471,363
575,559,29,114
722,865,944,898
389,95,127,548
702,786,843,179
725,257,566,260
56,140,275,953
476,118,562,949
590,44,336,315
468,907,409,439
458,30,252,741
116,444,642,792
453,728,161,227
642,594,891,12
422,115,654,319
195,942,648,382
458,457,137,925
911,315,485,771
892,991,20,261
215,847,80,237
443,548,675,873
801,265,138,262
312,48,281,402
680,196,700,800
47,630,320,830
101,411,340,707
547,425,87,293
107,74,111,735
587,362,739,935
220,371,14,229
514,600,193,975
111,686,347,353
256,101,471,842
475,182,394,658
179,904,656,344
130,931,27,560
19,853,134,234
905,570,596,237
135,486,728,929
524,470,320,813
290,21,243,989
660,482,548,661
18,719,491,995
922,628,694,742
613,338,569,325
707,868,863,67
899,919,299,230
787,706,680,174
113,728,297,715
404,122,54,895
322,914,483,26
878,971,983,484
245,844,526,734
486,11,243,505
140,446,206,208
297,516,70,138
80,842,163,991
431,978,754,556
752,870,814,633
106,706,423,823
64,792,946,879
758,869,309,942
396,624,141,268
241,930,310,972
780,400,542,886
273,630,238,440
519,687,78,75
2,279,716,730
602,97,249,149
527,196,184,563
471,384,556,638
694,495,965,88
401,622,278,172
383,882,6,399
292,936,8,286
315,229,346,209
439,524,655,908
70,846,641,894
451,163,550,826
174,198,414,579
378,359,839,21
515,650,308,582
531,157,681,276
351,623,35,320
762,812,864,519
142,661,371,530
650,980,625,955
724,237,141,184
444,8,812,516
451,434,543,8
983,964,387,673
748,83,150,11
536,702,71,732
899,463,538,435
512,264,712,790
109,215,767,739
547,804,979,366
282,215,536,42
149,646,755,819
549,204,452,527
508,86,770,837
833,478,915,157
515,218,718,767
3,8,224,56
874,176,807,784
740,171,221,214
368,97,645,708
846,318,51,623
180,942,179,303
716,400,834,421
69,767,648,10
772,3,746,116
694,591,691,43
685,291,738,986
470,65,532,777
619,781,999,952
201,277,744,366
672,944,425,342
898,675,179,227
242,710,715,618
411,518,932,846
746,635,258,634
393,945,910,662
952,836,187,604
850,77,979,149
906,34,198,965
248,313,329,661
291,332,239,975
268,248,735,131
949,247,721,16
77,390,342,967
986,881,547,641
873,459,497,801
92,249,677,364
560,422,71,149
962,769,193,309
734,818,294,399
28,836,236,402
272,211,183,896
595,895,84,907
411,58,382,638
540,731,81,833
865,109,737,175
228,993,581,418
237,735,390,190
306,172,446,595
251,749,439,892
569,866,617,940
347,902,391,232
125,51,830,576
165,490,827,215
507,624,56,273
652,932,827,420
203,132,267,527
925,536,208,200
807,86,174,530
974,364,501,987
659,709,977,891
17,442,449,896
180,106,237,191
832,44,729,525
731,809,0,211
680,775,103,80
257,495,520,544
88,56,703,362
74,373,277,112
97,953,214,503
988,675,361,134
13,972,332,52
847,333,529,746
25,654,200,999
987,249,794,978
861,565,664,994
463,207,726,322
544,274,472,776
238,223,263,444
206,840,631,822
17,406,472,40
732,106,887,259
290,520,585,765
32,912,340,351
988,887,385,405
427,858,697,871
958,658,747,53
696,163,232,183
15,182,188,642
252,63,24,574
512,632,520,444
525,308,582,989
119,113,74,246
797,980,407,856
632,456,754,11
999,713,233,891
683,883,974,874
750,328,351,517
91,486,532,763
850,694,868,456
99,401,467,424
332,429,636,70
752,765,335,916
870,15,544,213
859,95,524,86
757,649,912,380
198,796,640,679
753,113,136,979
780,19,435,711
337,656,405,134
195,349,543,347
762,817,119,882
875,744,817,314
94,295,783,542
237,439,520,986
775,218,343,155
766,315,995,359
51,994,527,540
171,437,181,389
694,194,459,510
85,880,386,536
357,886,759,152
252,667,73,2
703,725,126,476
621,21,225,893
764,447,508,876
190,943,117,332
519,647,129,501
686,421,714,518
318,137,998,774
408,908,998,931
926,293,583,914
150,525,560,988
425,546,561,57
351,768,404,758
993,867,435,186
91,834,22,887
116,989,966,348
859,143,555,519
632,838,119,824
628,191,213,560
941,671,833,360
650,469,846,335
904,683,950,995
351,122,297,280
732,869,701,710
235,86,277,756
664,901,106,723
