154,625
38,558
929,23
884,102
286,35
921,914
961,1
354,78
870,451
98,66
478,558
87,751
494,868
24,452
829,553
674,933
292,700
402,383
294,676
92,738
446,996
962,571
391,893
161,949
854,278
926,636
125,578
325,254
473,463
225,877
410,438
312,109
851,52
846,695
167,676
650,56
124,214
565,737
36,600
366,763
13,200
227,327
850,83
51,367
675,837
646,676
8,477
157,573
35,188
118,385
738,875
808,850
572,974
557,70
571,736
229,419
535,4
151,126
988,189
723,951
594,627
130,405
754,114
367,602
360,297
287,962
827,588
971,14
2,31
759,927
225,279
314,801
409,750
606,710
245,51
546,971
944,404
490,899
620,113
944,454
414,574
684,198
437,533
743,798
962,173
677,376
729,115
537,489
61,323
226,434
769,419
731,942
939,844
249,747
787,462
733,439
777,632
649,321
917,160
159,488
384,405
237,700
208,414
93,511
200,494
481,487
86,399
100,532
453,96
515,920
635,181
850,56
53,905
915,54
591,363
929,207
552,538
306,664
897,373
75,696
198,844
550,673
597,717
655,321
196,820
732,488
927,434
306,469
894,128
28,201
589,576
95,503
462,720
185,135
673,165
687,414
267,120
342,428
724,831
905,897
234,186
785,892
268,712
963,170
249,575
770,656
46,532
710,701
974,188
373,6
763,632
205,335
939,654
171,875
255,490
750,873
117,369
813,147
581,453
79,675
64,26
497,21
708,723
745,507
60,954
594,177
44,627
112,342
579,499
283,523
273,610
705,587
296,410
732,887
87,483
194,949
936,965
107,716
803,33
254,95
324,661
972,244
504,385
998,151
957,674
145,239
119,123
863,789
662,347
226,861
245,16
202,619
790,437
958,699
272,434
655,196
674,489
183,194
66,712
89,406
158,560
474,277
108,561
780,74
869,64
628,280
380,950
506,568
740,142
509,420
7,442
849,854
139,410
688,695
934,147
309,992
731,328
625,110
581,664
284,878
816,451
437,677
439,74
909,322
231,482
733,347
107,989
640,953
201,253
826,617
57,181
160,527
206,943
938,849
637,499
195,341
683,251
617,144
83,744
520,453
580,615
625,318
384,758
871,457
449,230
938,266
759,924
820,617
477,367
633,48
865,832
740,924
257,25
181,541
443,700
47,483
213,633
53,207
756,531
156,555
392,583
403,679
731,698
839,41
354,695
955,928
980,298
125,45
384,803
364,863
676,250
981,409
488,267
5,730
8,102
441,385
232,391
409,515
250,445
523,235
99,312
331,628
459,772
128,902
891,389
218,874
537,701
879,828
847,265
414,268
458,749
523,673
870,71
992,763
863,927
844,643
906,105
317,993
562,843
226,954
990,465
963,180
287,219
954,623
744,936
378,113
558,674
805,14
639,181
636,347
727,53
528,429
941,747
318,747
572,235
798,813
157,62
996,391
378,463
391,206
773,531
840,333
111,410
5,404
653,197
258,78
989,523
537,822
158,276
792,309
261,337
25,171
188,525
712,568
765,412
877,725
164,871
369,931
610,625
637,311
918,410
565,201
358,53
788,520
971,47
370,541
682,215
296,592
735,676
283,90
708,272
23,472
664,383
523,808
418,867
618,116
396,520
874,184
309,55
277,33
927,81
21,476
479,257
877,456
554,823
898,930
548,557
168,963
708,679
129,256
780,140
888,669
765,635
4,326
759,540
784,76
5,445
975,457
823,189
876,656
513,25
8,356
505,208
741,51
174,324
207,886
732,176
90,280
443,25
559,728
743,706
216,549
691,264
450,134
223,6
227,979
680,966
689,795
270,349
986,634
353,66
993,759
76,539
502,480
532,683
7,442
674,572
658,689
660,525
133,463
306,696
68,877
283,91
361,372
920,424
898,942
328,907
244,870
323,720
382,201
83,487
200,207
364,893
410,218
891,512
1,394
236,934
988,754
918,459
453,10
210,997
363,242
817,365
939,432
627,477
503,327
699,808
103,724
455,58
436,662
454,926
772,889
179,398
367,526
590,570
760,99
897,968
887,810
55,604
619,937
456,100
581,486
290,995
959,933
738,680
267,79
600,442
529,776
968,514
984,926
685,445
822,241
256,989
203,51
910,235
415,165
503,226
291,443
203,35
261,109
511,225
37,19
293,904
76,101
778,775
677,612
376,191
587,104
348,591
170,575
634,590
418,879
372,692
542,376
402,844
859,505
779,162
484,653
697,845
18,2
226,898
552,382
731,661
428,654
648,516
66,956
487,473
859,284
218,460
34,835
82,739
231,101
257,623
205,313
744,861
374,283
951,725
366,239
827,650
516,829
481,694
5,213
409,330
35,279
998,7
259,855
625,532
828,660
853,580
835,28
662,795
868,214
563,797
51,803
866,947
256,833
354,714
160,382
564,890
824,605
835,185
253,104
338,569
47,843
148,61
812,48
935,131
640,477
954,13
346,638
541,106
778,535
208,957
55,227
468,239
109,954
349,22
83,562
297,176
59,621
570,709
714,379
223,361
855,244
513,739
696,564
105,134
848,939
695,265
654,272
805,948
967,153
586,169
738,154
106,853
484,456
458,794
610,184
362,690
212,992
979,522
250,242
88,945
773,641
2,459
288,977
123,798
312,487
419,824
862,858
569,283
870,717
65,150
208,179
676,714
59,957
101,310
305,146
272,679
78,612
893,863
674,699
162,456
934,328
455,54
259,480
634,990
494,931
18,335
951,920
369,12
465,519
987,114
332,242
411,796
942,657
477,489
656,625
766,687
116,200
455,302
989,727
137,395
895,260
850,7
221,187
469,844
185,41
608,876
485,621
863,21
585,83
118,829
206,846
131,333
295,210
266,837
303,59
930,685
677,701
340,115
124,321
372,350
999,416
409,942
826,839
910,125
123,287
963,190
983,928
581,369
234,914
914,728
766,960
401,33
524,337
685,184
857,892
179,135
71,879
545,469
909,940
286,801
425,17
968,218
321,35
977,181
193,198
851,225
550,811
322,570
649,598
425,120
191,90
516,131
198,644
44,13
962,217
618,724
438,493
723,843
358,73
465,109
488,288
26,917
931,534
17,764
511,165
547,352
180,326
324,141
135,169
600,930
439,784
493,579
870,206
637,255
139,231
402,925
100,732
258,936
664,255
226,204
98,949
999,371
154,612
71,945
238,178
462,264
262,135
157,529
173,521
645,928
491,994
617,26
911,864
872,286
786,377
994,77
943,408
378,663
70,920
930,452
704,556
141,611
524,81
989,338
696,769
924,859
940,901
304,808
296,926
96,579
717,264
179,524
753,827
320,391
668,847
623,873
768,579
494,543
621,914
744,531
546,35
529,100
104,620
396,993
440,282
421,890
957,104
10,868
668,353
532,302
808,555
404,652
394,842
928,992
445,790
396,735
103,379
517,311
596,283
26,907
909,346
915,729
214,725
131,73
132,95
418,266
29,250
291,954
794,415
925,561
831,554
620,827
4,972
527,912
644,374
868,458
2,640
72,955
51,779
283,840
798,409
343,965
400,999
329,126
509,739
497,968
177,432
940,610
772,748
833,603
563,234
120,601
403,768
677,683
97,639
364,924
637,2
487,173
365,902
979,389
838,61
569,759
141,302
928,648
275,12
975,20
551,353
648,164
869,984
984,86
180,68
468,226
253,399
101,884
696,963
412,130
889,951
456,643
279,751
540,522
421,507
878,927
434,865
890,264
203,897
365,713
784,846
549,381
771,348
598,679
796,490
591,74
698,6
915,25
949,191
620,291
87,739
178,783
801,893
624,616
977,906
391,574
504,465
996,601
794,293
389,946
943,72
906,423
894,349
822,331
473,178
4,88
580,280
862,850
807,561
976,609
651,293
219,938
457,889
838,427
54,493
263,737
451,615
47,976
376,361
900,142
544,780
512,972
688,640
358,834
642,921
164,454
510,751
340,241
871,330
917,78
443,616
695,728
261,557
332,518
133,638
657,926
54,506
60,340
616,797
879,684
964,258
314,452
165,100
583,463
926,737
751,255
422,164
330,162
152,5
620,312
71,103
314,574
215,222
660,522
447,907
269,316
130,54
477,149
932,439
296,511
538,297
831,57
938,715
116,197
434,587
26,79
452,649
883,84
351,286
428,533
497,672
107,783
264,763
657,688
16,669
609,71
38,709
496,888
75,177
663,100
261,940
532,985
223,112
647,795
977,829
944,534
602,742
22,983
113,476
289,614
508,145
1,978
39,123
424,537
678,340
434,218
318,490
789,457
605,183
331,70
258,679
564,331
239,457
201,672
643,621
947,773
956,704
578,835
713,79
329,535
886,126
623,676
185,995
65,884
985,771
834,595
750,312
324,768
227,495
760,88
408,154
978,313
452,302
256,808
32,579
233,47
351,971
874,783
937,313
148,861
711,184
545,756
168,621
613,848
378,842
721,402
485,367
74,877
881,951
128,635
239,116
939,388
773,328
512,405
747,586
329,553
195,649
867,887
854,472
785,175
912,686
782,426
365,545
479,397
278,454
254,785
284,119
187,723
413,105
837,987
531,409
294,363
802,291
141,998
738,143
29,946
818,224
59,627
54,698
69,590
871,384
757,998
73,167
797,95
754,586
884,845
117,242
550,15
270,866
610,838
529,669
581,484
851,28
973,99
354,336
536,995
825,728
234,78
395,352
708,172
128,230
770,87
181,986
413,298
406,9
543,163
639,534
654,809
312,798
983,836
430,366
628,256
494,907
224,445
661,982
310,143
323,306
218,588
110,27
367,215
355,245
696,497
791,334
602,454
51,969
406,323
614,328
141,818
372,925
939,919
669,781
734,675
336,994
896,706
158,459
848,43
563,618
576,219
446,369
455,367
130,242
741,372
62,170
543,748
911,426
465,744
125,562
240,804
34,489
642,396
591,877
940,17
89,267
163,511
480,508
735,470
593,781
657,379
265,1
14,979
553,53
451,196
250,503
880,815
558,412
561,309
597,829
255,997
289,925
262,200
273,442
591,737
834,629
782,724
692,623
46,378
296,10
936,486
144,962
898,936
518,974
196,707
542,607
22,876
880,635
125,113
349,694
572,380
907,95
983,587
227,514
51,478
288,703
521,900
874,478
338,321
640,452
316,640
268,503
595,73
121,355
595,168
127,486
817,778
655,998
33,76
330,821
417,850
883,502
701,872
573,311
572,208
15,306
672,305
53,426
643,609
848,759
932,127
173,405
729,375
378,999
943,139
460,860
92,730
223,651
822,247
477,585
276,113
336,772
906,314
362,202
754,615
49,763
509,395
369,120
122,408
497,382
389,419
999,931
801,587
263,908
432,350
102,792
198,383
686,397
350,543
210,653
956,535
569,548
370,424
71,601
838,432
983,511
160,434
709,982
842,288
439,59
864,655
476,185
854,910
125,530
529,436
552,366
718,358
131,814
534,210
949,446
315,332
792,557
932,282
531,890
932,269
84,365
545,335
394,894
777,899
369,622
774,293
855,873
506,183
251,669
998,701
797,57
44,831
416,493
884,200
916,50
811,247
417,61
720,626
550,701
745,921
374,190
482,70
140,418
477,175
118,564
589,997
692,816
788,781
28,298
885,425
846,417
244,282
290,768
321,27
274,753
403,549
257,662
201,995
3,774
484,553
654,104
112,166
174,574
761,419
263,193
810,711
795,861
361,32
267,977
63,960
42,950
379,218
821,514
470,271
351,55
801,562
73,660
402,628
655,320
678,524
77,494
248,223
272,834
712,424
697,614
399,844
228,689
270,76
831,717
254,376
478,771
825,237
683,45
616,138
914,984
351,309
947,156
467,909
361,186
523,443
175,729
468,170
626,140
294,544
370,643
660,144
10,389
841,446
238,807
838,526
932,12
992,321
900,688
638,301
889,954
376,591
297,102
538,816
641,21
464,673
818,874
252,676
512,377
107,969
128,229
862,914
233,366
109,260
428,174
213,210
86,991
569,447
452,683
222,48
821,542
201,924
747,460
764,345
947,707
21,316
173,789
543,924
493,468
761,163
695,369
853,146
138,380
772,200
715,746
940,903
362,373
795,220
897,798
989,249
737,295
946,576
903,944
939,838
140,993
410,553
218,319
209,512
258,68
899,813
210,783
455,369
835,261
156,293
369,547
382,257
564,442
709,499
684,405
694,861
921,65
235,259
136,577
78,751
577,862
628,99
389,55
420,755
646,427
230,492
782,624
880,605
777,670
180,880
847,950
389,637
225,368
824,252
365,478
832,756
845,627
193,429
833,926
174,286
21,321
751,932
877,73
146,729
4,753
449,356
260,319
820,858
960,539
853,688
342,776
626,220
728,232
416,168
153,624
314,657
773,989
81,874
505,177
269,840
9,302
802,346
728,958
86,432
482,237
782,492
590,859
761,769
847,146
124,406
825,320
868,151
73,17
274,569
878,933
240,368
947,377
994,791
414,877
776,794
138,89
728,971
233,581
776,824
950,427
281,702
182,635
479,772
702,923
564,150
560,633
701,507
623,423
205,54
42,673
605,134
566,965
869,34
739,352
683,701
576,145
330,169
867,572
663,787
665,830
205,691
603,48
184,807
905,626
62,675
289,69
690,703
488,580
626,844
441,808
176,732
403,943
301,597
860,769
609,794
516,694
680,95
132,615
158,510
325,735
987,107
429,150
34,336
85,267
667,966
454,850
856,337
833,865
605,142
373,635
160,83
579,952
16,771
478,386
307,174
191,171
255,777
236,232
57,174
992,948
36,651
374,434
618,351
919,796
6,95
851,593
881,532
4,878
483,629
710,980
50,209
50,721
734,249
946,366
229,534
95,53
522,23
150,148
927,716
121,506
44,364
841,69
64,495
113,318
436,809
302,842
463,828
91,813
284,8
545,837
976,978
484,392
31,647
8,355
262,475
266,801
867,842
435,588
280,929
767,475
735,290
76,143
31,83
358,443
941,690
7,992
334,839
860,443
912,286
98,436
617,319
479,788
815,188
174,457
190,462
738,664
72,28
995,273
446,306
607,736
357,234
135,957
300,993
562,961
41,216
184,931
884,149
660,246
524,926
109,361
525,578
502,244
162,316
160,337
111,772
217,30
672,540
894,494
621,436
524,334
687,914
996,315
828,50
341,310
374,885
796,496
921,33
918,88
611,837
550,662
711,639
153,267
642,692
519,639
702,4
20,399
956,351
812,273
628,0
502,405
809,948
743,258
224,511
159,897
174,132
201,706
649,806
219,770
607,575
406,486
539,4
639,990
966,316
868,120
153,60
538,992
353,168
323,234
339,511
61,868
103,459
653,626
962,772
123,735
67,929
671,844
119,346
937,721
479,692
702,854
375,514
6,84
498,580
11,636
865,535
652,260
594,369
71,202
989,759
541,598
226,685
598,248
262,112
70,435
493,116
400,517
345,558
870,203
824,861
683,686
612,849
751,908
499,720
226,701
815,649
116,515
664,391
760,292
517,340
873,888
882,183
941,729
371,3
470,611
863,926
423,10
256,907
764,226
662,172
266,688
579,31
685,427
33,563
968,909
32,760
47,460
772,89
729,591
458,343
698,783
139,947
964,957
242,527
877,738
999,849
699,430
854,157
324,472
954,238
899,279
522,113
548,795
301,231
897,211
482,661
429,860
193,441
173,202
637,490
103,510
130,692
50,772
187,311
973,160
861,44
956,133
824,948
844,305
243,364
304,624
446,256
36,940
779,179
822,566
230,64
797,420
772,689
490,366
63,801
883,718
591,416
398,644
413,691
859,179
369,245
370,324
179,934
395,700
870,525
108,309
944,957
245,422
847,922
31,440
382,879
347,494
972,798
360,887
806,747
652,436
482,477
787,712
476,833
566,801
70,540
746,154
256,373
425,82
824,22
158,797
411,413
490,524
97,227
587,115
574,511
972,784
924,672
472,59
374,574
784,318
72,916
988,626
42,308
974,35
83,958
370,297
386,303
449,109
544,954
613,196
946,637
839,339
666,395
748,303
348,169
310,135
398,975
935,633
961,910
440,597
549,360
943,514
808,240
223,371
566,343
353,454
261,640
577,33
824,249
363,137
643,78
996,728
670,804
285,842
274,62
138,900
776,768
177,330
329,214
894,236
888,975
428,84
532,460
949,238
593,807
146,700
934,569
414,373
914,788
92,714
600,330
138,341
417,48
805,958
224,3
635,627
928,205
376,267
282,644
504,431
827,976
140,197
418,206
647,915
752,53
80,84
463,604
714,34
789,223
718,489
570,180
522,788
756,694
835,910
364,629
78,366
273,912
733,480
531,121
645,972
866,491
187,238
909,282
711,49
54,574
784,328
354,694
103,419
590,741
848,682
589,148
747,705
991,132
153,144
796,357
586,582
54,792
867,994
235,438
540,349
681,339
464,511
181,603
206,396
148,775
364,731
42,155
755,91
65,239
125,58
713,168
459,684
374,27
11,524
823,181
383,698
403,386
921,441
670,456
146,196
297,759
642,636
375,831
609,328
563,782
428,346
255,212
3,466
304,213
632,945
597,59
618,628
446,245
879,923
98,465
160,309
384,513
958,458
39,28
138,773
201,612
26,339
570,175
864,316
46,148
468,877
225,180
514,536
272,251
382,313
972,969
492,661
175,82
684,369
599,102
250,300
959,669
748,562
885,227
460,151
422,876
941,836
789,148
203,24
43,485
299,206
369,54
337,663
385,125
273,156
810,177
485,67
753,734
773,811
28,909
12,421
579,407
959,705
832,119
505,786
733,81
265,303
92,451
277,327
657,766
64,944
612,273
254,29
595,786
249,25
981,857
636,612
448,388
788,1
284,153
335,913
73,515
188,512
538,891
266,905
677,186
421,969
282,625
355,549
921,94
84,257
561,891
296,119
435,116
194,960
477,909
426,913
138,470
489,116
438,508
285,810
648,765
284,867
400,111
462,290
816,557
739,727
446,471
827,914
623,997
452,9
808,713
166,214
782,238
547,648
717,568
562,132
94,929
386,481
609,917
659,605
530,19
81,734
800,641
410,185
88,163
759,433
416,127
807,444
344,448
182,416
467,668
676,909
26,316
138,71
434,785
952,43
12,765
58,491
866,101
817,520
322,577
277,755
875,364
848,720
507,567
694,735
739,557
241,392
898,506
760,690
126,509
399,761
138,999
563,570
953,414
220,828
409,91
284,556
834,165
30,708
901,735
48,114
402,117
51,193
993,438
81,422
738,294
350,161
136,323
574,678
433,290
254,167
369,798
951,896
683,492
150,646
617,189
151,253
867,577
759,252
827,572
520,383
817,960
479,865
771,967
497,644
244,867
404,303
493,389
707,634
330,942
649,833
755,436
871,347
586,637
240,734
340,433
689,528
920,943
742,364
477,431
72,24
841,503
995,351
259,348
515,952
418,263
166,25
367,601
484,281
308,468
556,873
224,728
289,982
859,855
25,543
444,158
181,973
562,968
500,35
878,504
211,171
840,939
607,363
665,703
467,346
917,876
365,923
915,318
562,765
413,836
754,180
402,56
70,688
691,907
358,23
779,172
815,322
623,941
298,545
668,755
535,612
160,792
104,695
609,462
994,96
666,817
270,136
716,506
143,868
129,596
259,536
76,901
900,815
60,435
81,81
374,608
549,592
482,171
41,441
942,396
789,804
975,932
641,408
71,271
186,103
264,311
537,904
510,566
933,511
730,408
656,653
530,506
31,573
390,931
795,797
398,117
253,845
448,664
103,511
509,28
237,642
811,408
625,53
837,252
326,677
838,311
525,747
100,390
371,749
465,930
908,543
86,212
840,630
112,720
187,497
540,315
627,548
390,659
434,762
981,594
516,670
259,349
106,686
648,199
932,317
662,53
406,4
832,126
849,284
187,185
770,946
718,699
320,943
718,483
975,75
346,316
985,990
14,463
932,98
43,746
959,808
906,928
70,94
1,358
861,834
751,40
272,534
353,54
81,936
703,606
659,436
184,7
379,704
522,495
495,388
263,530
575,356
89,447
103,67
629,392
998,149
965,71
961,226
152,656
169,226
396,607
155,153
716,958
318,953
748,538
871,166
937,251
928,738
486,278
95,494
336,137
274,753
835,635
409,504
526,157
684,802
442,137
963,351
416,485
724,877
240,388
223,862
629,954
190,545
285,65
496,355
799,701
653,922
525,680
923,62
489,658
382,84
492,33
847,417
57,961
731,271
537,65
804,991
743,234
293,451
755,492
927,126
700,662
305,643
126,154
612,47
260,203
436,860
415,555
226,714
508,734
94,148
179,797
946,677
51,191
874,629
948,867
760,100
301,570
532,929
715,28
776,247
875,2
73,21
822,356
593,736
987,54
426,712
899,363
605,468
374,206
657,386
747,625
119,463
780,285
169,991
319,116
227,242
745,510
993,628
334,38
128,446
140,192
882,958
245,905
729,584
530,291
932,47
620,300
567,317
790,194
716,938
175,741
808,308
460,568
297,124
218,38
283,657
745,957
890,691
740,554
105,702
500,25
649,248
140,222
861,97
544,869
658,222
431,202
972,602
55,822
908,402
711,95
86,371
63,363
814,683
236,9
458,96
913,364
427,120
671,172
981,231
460,467
742,551
362,209
907,487
822,556
214,906
121,159
596,386
411,990
307,785
747,643
784,156
571,144
238,61
232,226
691,203
240,751
156,368
572,988
833,566
829,381
835,415
555,657
970,505
72,296
115,594
818,421
583,141
776,586
183,272
364,845
914,609
254,101
369,741
2,720
90,565
328,357
456,798
489,424
12,955
793,832
765,897
632,713
90,887
330,606
648,840
278,455
104,510
660,426
455,764
271,57
745,376
931,664
472,979
496,242
110,422
156,735
338,196
102,748
998,702
342,591
327,335
11,685
903,772
533,129
205,303
1,795
643,673
82,411
295,577
980,729
195,278
635,307
248,4
355,714
7,335
361,409
488,9
102,682
675,529
668,447
244,491
185,562
492,93
369,290
122,61
368,682
424,133
948,888
994,360
792,271
257,356
246,49
470,356
36,788
626,104
463,487
2,451
717,434
648,937
708,312
948,923
736,698
361,241
922,432
668,330
540,942
904,563
840,378
549,10
504,590
910,109
697,582
97,244
17,919
682,304
15,41
457,70
689,123
474,212
704,290
99,23
889,45
39,439
621,296
545,23
135,499
269,476
213,103
752,34
344,332
535,758
934,482
565,779
927,778
895,884
556,911
329,435
171,663
811,580
495,360
462,185
989,81
185,434
41,830
88,952
575,783
524,311
461,534
317,790
885,747
251,204
273,693
796,313
415,807
776,998
580,981
393,2
869,418
566,289
112,896
751,483
361,602
26,47
736,105
660,682
120,545
947,320
547,64
192,454
889,403
914,513
535,916
861,566
107,995
658,47
182,112
360,711
811,571
752,954
916,312
646,452
947,826
811,581
550,275
320,365
188,845
5,546
356,920
319,122
404,41
175,479
775,747
983,327
440,164
32,269
507,278
32,592
347,273
63,85
862,794
696,659
804,698
596,643
542,46
25,234
956,550
210,141
959,515
505,744
701,370
752,43
66,856
356,441
307,513
186,614
622,586
732,220
126,486
812,834
427,160
193,658
526,479
767,325
978,23
601,134
373,993
9,856
22,761
552,804
544,520
418,938
380,694
16,988
326,565
105,106
766,997
810,277
399,39
122,588
716,993
315,756
109,173
10,936
673,390
848,837
198,304
841,215
51,530
529,926
495,91
958,727
195,126
137,984
202,796
406,228
369,965
835,87
504,986
982,775
728,770
382,255
607,470
211,929
983,595
658,662
150,476
425,805
246,226
417,31
35,993
73,163
949,247
334,659
491,20
544,153
848,417
48,703
586,175
870,634
892,308
744,498
686,68
612,97
43,802
206,917
176,794
821,804
460,740
303,459
74,679
125,715
243,680
522,200
841,645
788,479
679,682
477,548
204,599
764,589
334,268
548,103
898,50
166,459
978,256
138,508
696,54
697,543
119,762
406,399
360,757
115,765
42,400
127,201
339,336
885,39
371,587
544,312
8,222
418,76
219,414
92,417
937,287
912,235
518,459
498,456
596,466
445,926
458,331
265,708
168,5
306,338
478,988
357,902
651,995
347,467
419,274
8,703
378,492
389,250
886,520
753,695
553,650
942,24
899,798
80,738
246,816
96,130
947,826
487,578
730,635
566,101
238,65
538,562
735,363
221,424
457,901
207,847
194,152
132,430
249,45
431,823
594,622
172,259
86,866
722,427
703,51
543,372
680,182
30,806
627,206
628,873
717,572
417,309
180,831
945,541
776,757
250,302
55,771
487,465
355,135
3,691
526,535
138,686
38,933
193,614
267,546
366,818
204,60
610,268
386,693
442,631
61,713
869,924
306,84
640,209
430,421
21,919
692,555
666,70
258,315
6,799
314,163
694,149
572,822
430,497
105,380
83,441
738,501
453,293
887,179
250,502
523,289
916,642
508,51
725,488
225,123
777,124
61,45
914,992
344,128
209,16
212,330
672,440
348,478
764,100
529,797
992,811
926,734
285,937
667,963
173,672
112,98
319,491
839,484
828,934
923,477
592,717
296,473
908,927
888,616
281,542
916,837
823,566
404,545
819,872
165,854
599,907
513,811
563,637
109,676
1,899
11,50
870,323
472,358
148,226
576,765
933,943
629,857
203,547
623,933
794,75
397,346
998,203
433,530
425,601
954,464
180,875
915,762
967,790
569,525
292,789
329,52
606,858
928,804
399,468
620,646
118,893
720,770
48,598
813,180
205,633
963,54
571,691
215,754
360,860
814,722
712,20
280,326
911,20
16,169
608,102
656,649
412,914
481,41
535,743
847,812
140,634
387,400
328,701
139,77
772,991
20,713
420,844
631,161
716,73
905,902
43,238
621,209
239,952
756,404
624,10
669,103
657,103
703,868
920,175
771,408
159,100
86,702
867,639
988,497
954,668
649,957
481,287
208,923
243,921
375,799
390,427
353,896
248,141
83,84
455,828
787,829
637,382
537,348
338,387
17,176
532,58
169,867
313,621
854,370
677,778
291,343
895,14
529,252
821,672
42,245
57,464
558,123
123,642
545,921
437,11
108,957
766,582
872,172
814,556
737,538
312,814
439,78
5,824
295,582
781,419
112,915
41,823
546,827
788,188
817,815
184,747
896,65
380,710
495,924
675,176
447,992
80,362
684,600
573,211
113,658
587,108
986,442
364,365
818,275
412,103
733,676
894,711
432,570
619,676
45,887
773,341
866,103
577,746
729,603
363,221
2,765
396,4
684,110
814,783
578,879
664,792
642,826
796,620
930,836
278,676
316,625
536,352
856,28
240,641
887,290
683,145
989,186
66,802
305,499
659,39
695,850
275,971
812,358
838,580
497,321
201,899
496,118
903,867
83,154
144,444
925,545
600,11
352,781
67,432
877,341
614,379
235,416
681,395
430,476
528,741
96,160
937,221
422,138
128,468
721,13
533,47
421,251
975,727
638,83
338,866
70,640
804,678
299,877
318,557
613,904
558,434
853,626
673,982
89,688
517,950
109,114
860,861
243,902
188,858
355,944
52,614
829,823
577,4
155,863
383,837
980,734
331,47
875,21
517,185
990,910
779,557
634,901
496,307
148,596
219,926
794,870
980,438
296,512
297,929
375,551
303,734
904,154
868,392
366,741
225,19
297,990
309,174
118,280
885,549
836,442
664,665
297,820
758,478
939,77
416,642
627,731
914,965
252,616
741,281
482,701
458,559
461,246
265,171
876,265
735,342
838,404
326,774
579,715
222,596
313,763
169,809
708,598
293,470
453,419
610,175
251,601
427,738
534,968
633,738
231,548
875,131
46,382
338,457
980,369
473,114
991,894
777,948
396,333
458,804
238,849
142,516
588,246
56,384
329,977
258,102
709,892
332,15
353,852
688,174
832,257
9,140
577,346
692,246
440,459
679,628
524,316
15,254
195,111
902,861
818,293
640,995
673,221
78,800
411,738
852,226
155,216
117,584
778,163
814,131
901,532
184,337
210,874
167,992
731,744
879,444
260,272
799,957
591,932
925,968
743,84
17,735
305,345
94,744
510,29
51,759
661,541
695,385
173,861
267,974
632,694
737,1
276,46
618,824
619,972
990,611
850,830
116,339
878,313
498,952
634,828
198,22
261,634
802,149
825,34
598,812
446,804
408,282
349,891
382,464
585,665
292,246
607,107
801,753
582,739
692,845
497,172
572,349
658,333
373,148
161,477
102,231
274,575
806,97
220,546
71,50
941,712
572,565
899,513
228,509
533,571
832,867
112,72
329,22
582,69
690,384
137,402
837,961
262,114
625,539
60,705
737,521
747,5
664,908
305,546
81,515
983,430
275,926
251,62
576,183
679,963
879,502
774,269
192,360
615,746
349,427
538,914
824,585
287,490
726,374
318,564
403,431
896,815
824,465
877,160
415,347
927,701
975,618
940,794
978,471
657,746
244,678
369,835
495,262
477,206
609,416
261,361
375,870
717,763
347,689
627,164
192,14
844,598
358,359
566,148
921,402
648,958
356,384
646,430
683,20
129,186
158,605
147,918
601,522
688,533
768,73
144,204
912,205
392,747
889,586
897,121
511,261
824,427
64,796
820,992
256,343
671,12
344,234
531,719
581,297
14,226
4,103
112,685
915,802
545,183
275,966
56,283
889,404
430,796
980,799
648,565
257,300
539,175
563,795
194,640
342,86
571,300
106,53
625,307
484,459
850,199
216,880
407,120
515,836
564,189
373,989
846,793
212,541
489,488
843,996
692,653
425,949
700,154
350,55
876,946
897,490
590,902
540,588
236,754
273,568
79,619
502,649
113,224
851,192
358,554
956,600
268,450
858,522
419,413
293,562
623,30
396,37
307,864
172,261
216,46
126,595
460,354
779,928
349,982
203,96
796,634
811,156
286,346
893,602
853,643
65,922
374,771
498,863
612,554
35,745
802,880
744,75
821,517
616,910
463,895
512,25
976,979
804,139
783,995
678,727
487,192
584,522
453,948
926,69
717,727
141,769
100,524
25,411
951,704
490,646
499,806
461,248
398,449
321,802
779,967
152,223
795,431
54,48
278,87
638,849
442,788
207,956
482,590
357,8
47,831
764,325
524,65
288,335
259,65
816,677
173,964
712,421
967,324
382,429
224,942
420,760
158,812
268,212
57,306
370,764
95,999
322,47
783,474
787,52
257,22
68,431
882,836
154,693
741,980
539,488
853,735
173,791
47,243
64,214
796,980
354,53
645,476
593,495
143,551
211,185
685,757
201,85
669,236
202,667
875,346
540,915
273,284
525,769
936,254
71,157
64,0
354,733
347,568
452,514
32,706
172,980
308,65
132,931
331,24
388,251
555,482
538,723
761,946
775,394
677,16
302,254
209,561
814,538
535,98
927,524
856,384
673,640
688,438
287,404
943,60
387,842
75,625
835,203
777,750
177,902
178,454
512,189
146,117
778,367
204,811
542,896
600,661
151,434
143,177
296,773
390,404
300,690
174,530
426,760
972,330
837,353
731,387
473,445
7,182
281,729
525,809
646,819
983,21
290,444
843,238
3,722
251,492
979,809
807,258
507,790
462,178
608,200
404,971
486,187
949,105
369,258
512,152
434,232
615,372
606,347
306,559
99,286
155,424
875,274
236,236
235,80
980,820
766,477
321,939
234,939
392,970
4,624
208,531
70,676
876,702
751,836
567,666
28,966
9,284
954,529
480,117
493,371
290,115
506,982
358,799
361,592
347,38
126,917
992,718
39,27
867,30
880,586
149,155
618,614
530,923
642,218
390,320
453,323
595,843
825,310
319,873
95,31
67,967
29,727
454,541
832,553
135,834
798,353
778,693
985,961
761,907
200,354
964,89
848,755
44,895
143,993
697,783
945,916
131,465
283,937
909,525
501,393
5,117
813,77
360,132
646,164
299,142
664,323
693,573
88,240
688,733
848,203
446,709
90,546
856,834
509,727
137,58
322,416
329,826
17,355
533,557
124,395
228,265
77,107
621,895
451,558
132,759
472,977
995,670
254,590
141,821
63,542
822,631
676,793
246,750
981,973
884,851
360,97
687,360
373,629
88,660
997,672
747,834
250,877
436,958
402,19
583,134
85,144
391,552
742,657
440,702
527,817
809,314
148,291
448,135
58,261
770,743
904,51
410,59
19,941
670,458
896,487
489,912
115,515
490,786
412,476
980,292
905,721
975,927
606,189
661,26
145,927
982,756
418,323
212,636
31,428
363,413
206,796
48,153
12,425
922,504
427,158
6,349
703,923
604,533
553,210
7,165
645,136
538,728
518,219
454,602
810,318
48,267
128,758
103,795
501,40
691,822
854,226
129,221
519,290
707,265
162,607
796,628
548,890
905,878
185,504
795,744
743,487
626,585
720,850
435,355
314,771
273,601
665,373
146,664
700,91
256,718
44,895
352,787
248,307
455,667
574,190
152,36
492,700
171,115
596,68
536,37
958,343
704,76
896,82
460,969
801,768
791,353
139,192
574,293
94,814
609,346
433,440
289,553
187,927
40,931
624,8
465,277
791,110
828,556
256,982
524,734
227,383
716,69
395,596
435,280
218,223
177,671
190,763
913,259
969,414
38,951
630,961
978,767
7,702
602,948
316,565
173,569
765,818
499,118
657,703
714,134
719,162
844,935
873,186
820,629
441,139
711,707
636,236
32,615
643,745
852,297
448,394
444,288
365,303
688,433
936,942
24,973
251,491
606,45
111,75
80,789
817,196
881,378
565,380
191,577
87,29
503,558
104,866
988,901
269,697
479,49
892,741
888,671
8,783
939,870
795,168
78,373
739,805
295,16
5,95
130,241
6,805
551,439
377,569
450,222
818,445
380,298
697,688
703,425
659,672
335,797
402,541
556,538
740,240
644,802
41,990
101,522
141,301
800,369
366,898
609,389
128,237
795,577
516,354
345,463
439,740
807,798
455,807
446,64
376,810
638,251
668,744
606,410
401,10
407,767
419,106
838,463
787,102
520,810
960,464
65,101
778,742
757,6
702,346
455,715
698,688
671,216
562,335
206,667
931,958
182,725
181,717
397,256
206,389
808,968
217,485
35,895
494,946
342,200
843,242
52,399
0,141
37,908
855,384
371,658
90,111
354,528
215,430
81,620
215,397
285,695
988,750
884,785
528,4
918,457
802,26
544,176
4,860
363,643
672,686
289,260
792,216
384,708
381,338
838,399
248,330
500,579
372,815
120,334
780,521
202,4
368,591
320,826
811,916
181,850
728,30
876,187
707,669
642,980
844,517
273,836
77,64
377,345
45,643
490,20
645,379
108,589
24,260
367,449
216,222
798,740
987,916
350,636
125,938
741,84
830,42
750,169
140,531
481,933
683,975
214,853
257,600
842,761
39,678
10,440
913,807
988,654
622,668
246,875
786,75
782,672
969,142
920,449
751,808
246,681
547,463
761,759
418,251
590,604
263,745
924,501
64,132
458,715
844,929
502,92
624,125
303,989
729,309
388,71
979,689
133,740
384,567
71,44
541,112
950,88
670,888
482,202
338,959
788,751
689,719
530,546
513,450
638,359
840,490
965,72
940,156
283,351
718,346
267,217
334,819
12,531
7,865
560,700
923,990
318,695
857,708
71,795
594,608
429,464
772,650
360,129
806,324
442,608
994,252
410,82
896,872
774,313
247,61
265,360
334,524
220,486
25,266
664,458
487,194
554,567
720,577
752,436
700,341
160,715
159,859
551,755
48,476
318,165
745,571
113,760
97,109
506,289
396,869
322,890
708,772
264,197
225,426
858,942
140,827
79,787
401,897
663,608
475,481
26,499
897,765
197,81
158,54
996,843
190,691
1,32
940,58
858,864
897,978
121,939
8,91
965,276
676,994
333,909
210,333
333,416
155,343
449,759
882,737
222,16
964,886
384,289
141,961
454,292
958,388
858,935
892,943
884,635
445,484
982,262
484,539
34,863
188,127
64,165
480,268
516,29
457,75
580,287
977,819
223,372
700,838
64,365
254,165
954,491
383,145
381,390
899,71
791,308
455,191
319,25
374,753
458,45
497,165
144,135
861,78
968,244
53,433
528,643
136,288
593,416
822,429
511,555
437,773
823,620
224,876
377,94
822,566
916,325
208,313
592,981
668,285
991,200
735,956
125,508
584,436
863,23
351,566
128,943
628,50
750,163
3,489
362,927
653,518
150,504
683,394
298,589
235,580
175,717
197,617
140,83
431,949
143,131
845,734
627,64
308,728
383,339
413,347
720,562
967,326
509,435
309,390
591,515
415,623
68,735
860,141
585,166
620,599
188,25
124,641
716,576
603,925
552,819
121,102
964,985
416,392
779,336
266,151
830,2
794,138
186,401
926,379
655,511
122,943
756,780
816,413
920,532
963,12
340,796
388,701
61,465
275,234
245,974
975,969
608,664
272,714
12,247
465,953
202,243
276,319
322,272
662,763
259,888
257,177
303,236
984,341
612,79
685,110
639,494
598,826
884,288
359,513
112,70
201,144
271,318
135,933
594,778
673,714
616,240
321,272
989,910
355,106
680,93
386,58
94,591
373,195
948,597
729,893
105,57
920,47
354,164
359,580
8,270
677,420
540,72
983,70
362,7
152,431
579,440
974,777
564,914
528,891
308,564
339,337
587,508
356,960
430,321
512,512
311,990
478,894
194,636
718,509
194,186
492,777
841,452
540,215
918,221
25,52
777,82
265,833
674,972
216,984
8,905
797,541
949,504
993,604
798,880
483,243
345,668
345,771
215,740
706,65
73,531
310,763
758,297
334,921
194,397
912,218
483,424
379,392
421,728
297,849
814,823
658,875
843,8
357,691
8,582
162,305
31,497
819,692
800,790
952,406
983,865
49,395
444,826
774,771
443,433
115,426
371,983
391,497
444,794
148,634
401,149
369,789
974,490
434,946
179,581
249,458
758,406
54,287
870,138
194,212
435,847
457,714
876,370
534,921
272,255
576,687
990,948
58,856
304,67
233,730
322,866
134,91
273,104
939,433
646,638
834,278
161,263
353,999
890,470
738,615
251,83
255,308
722,1
355,822
283,983
3,255
561,992
75,596
5,618
261,294
727,720
4,317
401,332
542,322
564,973
200,815
898,240
724,118
866,686
478,739
137,234
644,934
94,109
963,721
934,136
22,890
846,301
194,565
311,3
333,522
100,140
748,214
495,972
764,265
681,624
584,547
0,169
977,659
306,52
180,630
736,791
908,936
182,161
457,923
871,863
649,681
174,735
338,415
519,35
481,480
179,819
781,386
507,751
261,346
851,368
88,951
432,154
219,637
796,169
908,489
190,180
238,988
935,418
541,854
558,959
129,776
54,243
576,357
853,360
900,806
621,655
916,201
848,902
133,733
28,207
593,773
614,815
144,902
2,65
795,7
425,175
696,772
227,684
670,31
348,633
250,308
339,603
475,294
133,909
384,923
841,168
122,194
220,363
28,556
108,416
638,950
226,580
984,961
985,626
900,820
307,6
500,95
890,305
731,900
83,646
847,420
951,167
28,836
700,821
284,154
33,74
10,911
758,684
359,715
721,209
99,744
725,130
21,892
373,453
630,6
519,387
599,524
899,306
3,383
330,648
439,324
68,837
893,471
26,659
680,878
162,405
714,703
72,697
889,495
249,371
305,848
235,392
483,974
737,412
218,135
43,832
318,173
650,595
1,49
616,844
903,933
14,625
268,853
207,951
653,867
690,719
128,943
189,961
959,271
124,384
167,784
465,762
151,465
54,106
884,265
966,467
225,685
737,659
692,375
590,385
860,269
538,197
134,181
367,563
943,475
209,60
172,919
769,505
573,982
908,868
256,659
830,981
889,993
232,573
351,864
97,235
58,593
480,457
712,680
191,138
984,381
467,730
550,711
544,82
668,350
882,390
257,987
534,93
243,374
918,357
441,299
828,160
35,27
350,126
843,394
895,769
300,418
719,887
480,612
824,200
977,526
721,268
485,45
888,823
588,64
920,877
29,638
283,484
292,166
416,338
64,489
205,828
178,862
992,327
840,826
39,743
126,689
583,74
998,606
722,72
551,946
234,466
953,149
474,340
400,326
99,551
646,360
227,655
35,940
211,958
616,621
815,372
730,676
952,228
753,176
598,172
144,833
463,232
39,850
53,355
539,841
67,867
368,636
343,783
613,905
27,784
581,289
462,650
422,587
256,86
954,41
738,989
883,369
835,811
500,346
968,725
682,849
307,0
377,551
724,920
315,64
829,649
435,947
902,862
592,633
721,844
349,252
777,257
517,637
139,863
227,986
359,887
248,890
336,915
142,879
621,125
425,471
356,989
133,110
173,355
715,811
874,657
221,13
318,284
944,986
235,471
202,893
166,868
353,178
437,712
883,118
864,930
892,48
917,752
1,629
654,109
435,405
733,803
439,424
847,705
395,908
78,217
283,327
865,649
937,723
814,171
99,538
768,763
166,319
787,85
601,351
284,889
732,666
78,124
199,746
615,620
663,543
193,760
451,676
844,497
133,145
705,960
228,646
33,966
669,745
691,378
802,477
573,562
355,87
402,634
473,893
594,418
794,126
839,263
854,424
387,200
160,746
639,91
448,582
927,460
421,250
577,121
968,308
348,525
931,144
53,455
152,287
164,222
415,117
277,387
7,287
650,907
814,88
150,688
860,815
453,963
425,246
768,536
214,632
780,421
697,168
10,104
602,803
641,549
90,34
782,9
508,198
358,470
484,663
666,466
219,459
697,254
37,368
764,201
793,598
731,23
791,212
133,985
441,797
116,418
456,382
167,675
599,48
321,971
52,364
511,63
691,624
206,930
437,652
66,561
837,889
900,166
43,279
3,646
610,809
27,729
20,528
587,862
789,408
496,872
684,627
911,369
454,8
904,514
269,904
886,140
230,213
835,678
152,903
920,419
200,988
681,799
266,602
503,542
786,348
456,1
552,496
817,590
385,121
987,514
498,190
107,814
432,670
28,884
715,382
271,524
865,912
866,103
310,641
743,439
481,408
747,681
90,598
199,784
944,230
163,783
135,195
318,907
894,672
346,635
519,720
61,685
751,883
122,942
509,769
606,245
440,910
318,172
88,802
797,188
319,212
948,653
721,570
386,991
781,928
499,271
936,986
325,433
367,680
93,791
266,957
184,339
953,843
182,319
62,672
720,374
1,261
530,654
82,384
220,805
57,608
114,813
34,200
484,462
861,491
432,742
553,482
146,839
784,836
437,973
870,11
948,482
43,911
633,552
904,569
959,291
102,598
867,81
154,814
397,958
580,16
245,336
279,68
16,131
947,292
1,34
806,264
156,996
321,964
542,199
814,576
112,979
992,797
746,341
611,199
301,862
866,35
97,608
607,854
805,685
349,159
172,803
329,834
516,648
15,570
939,518
281,866
178,907
842,561
955,943
329,896
447,883
953,912
88,699
181,517
29,63
641,377
668,948
979,670
225,290
632,140
685,257
140,363
938,829
985,566
955,715
24,572
328,839
814,452
302,620
357,268
949,494
180,310
196,544
121,288
583,229
938,422
280,517
763,95
508,14
97,88
956,108
541,760
491,823
869,690
223,935
284,136
81,55
721,339
87,83
734,724
169,15
383,293
912,397
322,153
410,338
862,652
275,54
571,992
405,631
817,446
576,601
637,701
932,68
270,546
531,681
926,149
332,570
316,811
26,70
46,965
491,141
291,277
660,622
694,952
970,67
103,868
187,957
556,647
307,642
565,569
507,535
437,768
123,411
748,310
992,379
402,169
657,315
525,318
235,31
635,507
797,702
259,864
109,752
590,65
241,940
651,891
914,705
328,208
955,991
325,321
191,400
794,31
576,928
232,149
788,6
245,38
10,382
249,286
931,93
190,336
211,904
84,652
574,849
898,954
887,824
369,648
900,938
74,659
37,544
304,613
252,710
816,772
278,718
29,171
583,896
456,55
212,873
348,736
306,54
847,386
692,451
485,591
641,388
271,987
20,670
449,843
229,203
544,122
677,681
938,506
399,614
544,835
409,66
838,188
122,841
260,635
13,180
125,946
884,74
132,720
968,552
614,201
380,890
138,140
66,245
605,407
309,291
915,912
766,561
888,666
73,336
588,218
671,310
708,102
311,657
885,721
942,960
124,421
302,726
633,509
242,4
794,990
831,473
300,162
597,712
708,952
637,207
755,131
102,87
584,445
88,365
167,920
265,292
887,682
629,180
889,714
488,963
357,835
527,286
399,92
293,541
430,65
977,512
501,257
13,650
203,981
289,1
109,978
590,998
19,475
935,895
55,95
721,950
185,498
867,62
816,74
712,506
68,433
873,578
15,57
472,490
66,905
440,721
947,59
976,619
299,767
478,515
950,671
272,489
860,968
781,780
556,610
810,892
512,692
289,878
748,863
844,669
232,501
807,233
845,286
276,519
468,287
879,749
234,615
970,600
0,927
323,772
518,942
480,583
752,982
605,842
56,807
525,941
619,13
156,526
888,616
477,910
930,368
183,0
975,83
154,815
370,797
96,291
795,187
78,855
293,948
193,74
544,892
990,480
253,117
554,908
471,797
872,116
537,783
473,57
114,102
693,66
277,285
119,524
77,924
703,800
342,824
601,785
119,162
939,728
443,74
396,630
846,280
664,717
373,246
416,659
734,413
286,844
319,939
654,883
866,358
928,766
830,568
25,299
753,663
105,626
905,847
432,232
730,390
162,44
785,283
842,107
7,364
714,179
994,467
288,853
621,69
628,892
256,327
262,525
66,845
564,730
154,888
945,599
878,626
465,151
602,569
929,691
818,518
20,121
851,746
616,534
883,204
504,144
441,881
18,90
799,360
839,756
564,17
51,958
894,337
218,833
652,580
563,650
354,560
457,332
38,538
372,617
39,560
407,956
973,130
522,742
459,5
735,316
329,726
746,481
910,767
25,773
819,201
539,809
915,966
845,190
254,977
31,58
837,933
765,158
863,623
194,766
378,696
847,965
454,227
65,181
243,880
225,448
50,858
861,55
153,211
99,228
760,90
501,957
65,990
704,80
477,706
502,181
425,653
100,965
591,572
702,349
808,559
334,743
551,269
260,669
881,860
935,34
673,625
10,415
328,432
610,831
89,961
643,328
362,615
73,294
191,574
380,406
345,473
86,84
572,949
438,73
198,245
223,660
722,458
778,76
117,543
863,999
776,607
643,50
203,507
947,510
387,36
687,531
979,425
890,236
502,334
358,622
244,745
972,78
602,818
817,110
964,678
844,684
342,840
699,24
280,541
590,191
959,490
371,760
712,76
960,907
496,76
152,985
975,885
36,324
532,739
475,428
201,682
452,202
518,144
232,813
955,768
613,414
791,4
628,218
374,38
796,125
944,243
360,325
508,140
219,42
595,523
628,23
673,111
76,469
501,883
228,181
282,665
164,648
119,382
670,293
201,634
809,317
992,639
962,727
134,876
964,771
356,589
784,669
815,512
552,408
223,518
957,245
369,979
392,599
562,85
933,635
755,613
300,865
445,901
338,777
370,975
108,173
59,925
795,282
815,274
627,337
792,507
445,600
914,852
461,24
485,355
101,66
546,243
456,115
539,728
132,210
154,433
742,162
235,175
409,328
142,288
121,315
484,672
314,514
643,733
310,894
716,846
643,822
978,824
130,353
917,468
44,292
900,55
199,575
953,895
22,566
23,663
887,345
438,704
262,448
903,861
135,63
539,377
641,818
997,695
437,341
896,133
414,331
283,757
314,633
474,929
326,925
774,11
169,24
20,191
687,414
978,710
909,990
470,968
548,274
729,972
742,285
632,655
310,763
940,215
588,858
359,602
102,211
839,136
354,93
528,626
935,238
401,837
268,543
584,119
288,635
505,877
169,323
169,686
16,465
498,48
273,871
775,141
200,764
975,353
239,730
406,35
228,855
383,741
199,469
222,362
817,144
233,916
129,188
799,287
416,465
161,661
636,748
645,510
81,283
89,339
219,516
788,896
753,546
896,836
579,165
540,654
796,198
350,493
98,876
189,748
610,949
501,897
225,309
460,881
133,692
689,777
755,79
252,19
353,277
280,843
323,468
85,501
419,168
627,118
409,367
993,123
666,788
227,945
13,213
673,402
361,203
932,889
818,647
683,18
930,811
388,953
684,684
871,765
307,114
156,641
753,937
405,719
125,47
213,241
300,986
424,365
39,253
572,348
389,159
45,856
615,729
903,752
569,298
340,361
793,689
429,562
56,997
261,4
173,972
978,844
793,903
924,967
741,414
816,33
807,469
606,809
940,234
365,677
487,562
553,173
727,96
523,887
831,937
439,350
335,311
299,407
800,455
531,763
381,921
529,266
173,804
969,274
612,395
963,371
625,576
82,278
43,299
393,114
196,544
85,498
368,154
582,798
430,31
991,885
693,10
653,300
434,615
908,37
285,695
564,79
316,384
474,22
71,823
739,543
547,261
860,787
778,372
774,245
479,116
805,25
663,942
863,962
43,452
817,232
338,146
628,189
763,374
319,363
673,856
150,363
831,141
952,756
554,142
727,967
622,56
929,347
233,280
891,929
483,101
508,326
543,233
415,512
27,933
635,871
67,241
533,810
365,741
861,51
461,774
710,216
72,408
886,871
941,580
45,645
831,519
627,163
264,952
666,957
808,819
923,832
827,886
940,112
960,135
847,803
541,880
5,142
760,440
817,618
17,983
330,809
427,30
752,619
17,385
576,104
133,778
666,65
683,243
144,224
525,344
849,560
952,294
723,131
339,268
46,94
951,437
637,331
930,494
184,306
270,842
541,468
958,424
14,951
329,669
731,391
863,580
240,511
536,935
689,683
132,96
585,673
685,544
258,676
193,971
655,317
11,247
310,446
617,527
561,308
792,800
67,329
539,495
360,82
731,652
501,820
128,792
286,126
334,622
286,563
811,481
425,886
852,962
494,522
527,508
792,589
803,343
772,177
108,956
868,303
83,659
66,608
274,271
152,345
597,563
740,874
844,428
714,451
549,874
137,507
294,291
959,687
688,518
952,540
247,825
770,129
582,544
652,395
295,163
708,462
936,258
768,565
865,63
757,215
410,248
699,526
938,704
282,237
298,338
181,477
64,905
844,124
543,94
911,291
571,574
134,674
130,535
335,26
822,96
495,54
823,930
393,791
750,7
108,187
117,238
54,105
137,191
623,388
529,585
280,402
537,902
146,295
327,711
515,843
694,377
348,44
561,652
582,529
287,556
394,381
468,662
87,276
969,409
198,205
258,598
298,84
317,37
292,635
403,837
506,84
446,456
215,918
906,913
646,889
576,835
32,591
725,479
69,386
578,81
687,996
109,872
250,247
188,264
119,633
753,974
776,99
177,207
918,550
727,461
446,107
222,143
258,158
435,924
339,446
329,948
932,156
397,635
130,901
498,555
576,725
695,269
167,714
684,499
803,970
148,565
896,298
780,598
203,709
858,802
117,693
961,862
50,440
368,452
176,474
178,258
227,291
592,134
669,13
290,472
851,397
278,828
962,163
919,618
288,799
142,676
760,514
566,323
325,718
705,823
183,891
784,833
404,48
648,214
669,514
424,906
353,267
479,38
352,610
498,305
589,858
483,78
583,42
109,367
889,601
132,894
276,132
2,628
230,838
483,168
932,99
890,149
867,64
756,320
276,994
842,541
102,49
925,373
446,697
74,870
809,574
517,703
522,321
617,54
62,427
261,713
61,636
531,893
315,952
34,22
860,392
987,875
855,921
272,733
793,818
600,612
202,295
304,750
237,109
908,45
320,226
602,884
980,538
111,398
902,272
83,386
724,615
600,647
523,900
160,136
437,955
804,461
160,218
985,806
953,365
900,188
976,431
158,741
957,185
179,267
176,315
517,187
862,964
397,725
231,0
241,540
573,701
641,612
55,321
716,595
427,676
992,510
434,94
918,1
588,869
35,786
661,132
314,322
704,947
471,9
95,183
711,533
597,87
196,951
546,106
917,650
326,400
497,592
529,899
116,163
326,897
442,341
472,569
416,437
293,104
58,671
543,943
415,286
449,507
568,520
783,648
368,910
350,762
502,15
290,282
285,568
78,402
148,706
670,565
961,503
225,966
89,626
435,371
939,571
758,613
834,652
840,543
233,684
511,89
49,149
153,792
557,483
537,419
799,219
891,853
483,773
713,178
961,392
254,423
584,145
383,643
606,319
762,580
284,55
438,911
166,639
474,608
696,696
578,322
244,773
603,459
689,290
64,175
493,115
213,48
26,659
721,807
311,198
136,57
517,3
62,793
698,985
384,246
499,916
557,225
545,940
810,717
422,827
682,250
570,809
964,504
446,758
742,421
777,787
384,652
688,917
459,322
968,223
761,958
976,730
918,340
2,660
563,613
48,435
667,119
43,124
279,533
166,69
276,987
593,298
4,464
762,928
538,831
437,836
775,244
276,79
937,304
834,129
331,705
954,902
176,874
541,369
633,82
591,844
374,283
547,9
409,849
629,120
710,804
5,582
318,836
20,694
483,913
414,431
230,780
647,49
196,382
835,492
871,235
414,960
385,729
122,379
419,11
38,434
931,13
251,840
660,203
962,532
783,314
849,721
592,675
917,519
619,72
2,954
309,220
469,748
887,691
610,524
765,210
681,386
77,877
732,525
155,932
963,579
634,73
600,733
268,784
175,949
250,331
901,788
919,745
402,836
614,339
112,511
837,379
11,315
113,425
339,882
65,467
508,178
910,687
727,493
863,841
569,446
884,364
745,985
769,231
847,229
954,589
896,362
669,520
454,673
466,252
292,428
607,892
895,82
209,875
593,127
349,680
335,742
437,535
393,812
374,312
258,43
605,879
957,575
770,591
951,80
493,195
436,53
884,11
858,153
46,359
258,149
202,275
509,10
201,463
330,809
67,482
597,185
469,602
348,955
655,795
707,70
444,410
703,482
91,716
552,603
354,592
735,396
738,701
639,645
333,793
960,787
628,520
494,283
277,525
464,962
514,136
204,948
229,348
808,927
319,820
452,995
0,705
931,784
616,426
393,308
284,233
806,328
765,598
39,557
626,778
46,64
821,146
736,0
323,254
244,40
285,5
444,213
732,799
996,941
433,943
927,802
706,562
808,746
137,176
510,700
470,718
785,321
253,814
489,917
122,796
503,897
233,61
458,590
202,334
459,503
537,198
797,43
4,505
987,558
301,34
494,292
951,21
702,209
734,446
965,344
447,921
467,445
655,823
548,185
471,337
134,322
636,485
983,220
61,922
499,305
957,225
658,576
625,338
424,28
428,680
543,228
949,314
463,170
650,991
917,339
646,661
49,298
573,886
401,801
153,216
355,389
581,624
856,716
558,842
476,662
442,663
914,117
744,499
877,147
47,177
793,374
371,870
191,587
658,959
879,620
148,824
592,759
489,458
811,525
300,384
46,106
197,607
188,320
525,63
553,979
810,658
91,873
194,823
997,192
693,787
677,875
891,750
101,363
692,565
327,966
654,730
537,462
617,644
503,768
487,419
648,351
855,60
977,334
856,133
886,527
619,679
415,194
169,533
207,92
891,197
951,371
681,625
305,580
690,162
857,466
274,443
606,460
969,517
678,985
104,20
895,298
911,661
546,260
922,490
905,208
258,388
401,897
207,76
291,938
739,38
901,33
314,298
542,132
678,344
734,462
359,799
523,126
183,491
584,221
515,753
552,898
653,231
328,227
510,861
779,514
290,50
191,850
4,29
564,276
744,425
797,282
511,11
47,135
949,107
590,650
878,749
511,853
631,523
776,686
802,665
292,785
657,900
762,407
283,151
741,680
308,348
975,297
910,420
918,161
78,787
296,470
849,131
307,559
182,739
109,133
941,987
378,187
708,703
620,671
59,958
5,436
381,726
672,237
367,229
389,808
389,262
243,13
24,142
623,74
420,499
627,212
717,424
882,524
1,383
736,476
896,116
647,348
329,321
676,245
591,355
535,656
656,424
265,228
269,28
272,643
845,879
414,312
477,380
48,368
210,952
554,458
271,685
864,683
874,67
687,18
456,506
841,909
513,646
824,14
702,991
306,334
855,875
226,893
849,443
519,347
573,927
286,205
443,782
891,431
869,775
445,234
944,837
127,715
181,202
554,472
615,787
336,263
36,292
851,45
702,248
4,608
692,94
136,346
177,955
373,786
166,609
2,9
563,657
812,461
336,34
492,109
570,869
758,314
850,668
101,126
487,247
58,45
227,363
76,508
851,152
841,738
24,381
538,385
603,241
452,153
734,425
635,186
453,921
889,699
499,633
908,396
400,134
718,636
784,793
846,864
959,272
964,161
385,719
81,169
606,331
204,1
210,779
169,146
627,483
541,518
835,462
125,658
942,295
547,443
789,988
562,953
384,736
609,436
435,299
603,482
231,161
448,803
209,148
172,297
864,374
621,823
456,431
130,796
459,742
110,884
871,560
196,332
731,747
85,928
875,414
837,82
635,823
803,345
743,208
663,932
513,799
470,737
292,304
200,255
797,721
579,500
466,194
904,852
843,630
675,799
588,195
465,469
28,146
658,320
992,803
845,230
249,417
515,898
468,501
331,470
168,322
229,759
554,540
746,877
244,453
576,174
604,766
276,382
80,102
216,844
520,122
764,716
716,985
720,76
468,51
880,246
126,654
368,809
882,12
383,908
730,964
16,40
221,923
42,337
683,423
338,17
242,792
255,201
694,147
707,941
680,980
841,434
533,256
561,238
247,165
681,660
514,38
662,315
20,222
768,435
391,40
675,739
251,665
201,521
452,427
549,239
83,30
115,910
208,253
876,874
965,867
485,610
166,328
198,722
389,595
16,911
162,454
360,438
743,169
384,57
497,204
365,583
258,916
299,687
220,329
428,17
528,706
999,713
597,605
501,296
284,839
679,833
351,964
100,773
266,996
151,508
641,538
220,785
113,210
163,896
572,383
709,598
564,646
444,165
640,994
799,763
804,629
866,910
194,663
844,70
255,358
218,751
465,683
425,313
116,69
369,798
228,492
988,871
36,515
214,635
333,859
599,125
706,185
355,609
832,827
187,75
187,636
181,541
260,849
902,539
839,39
751,547
184,827
125,574
749,38
906,126
799,99
618,132
26,335
768,743
828,291
182,98
890,480
731,946
558,849
887,162
469,790
11,214
413,306
643,801
219,50
717,315
58,103
643,898
344,283
227,899
754,821
241,709
952,72
826,203
547,398
417,20
635,844
511,385
725,955
107,746
18,667
593,981
267,107
159,276
215,553
754,857
383,994
143,585
49,127
93,667
664,405
80,420
789,887
481,432
695,122
272,750
597,581
708,448
468,506
385,510
725,398
728,982
606,665
84,970
608,817
8,655
832,994
967,677
903,794
27,607
900,884
135,929
362,252
440,417
20,225
486,988
668,548
728,414
891,412
181,109
210,219
663,730
823,440
186,901
132,978
611,316
938,405
811,279
331,692
979,27
100,740
897,98
561,857
872,475
818,215
70,411
211,543
190,176
266,28
462,198
737,121
980,752
884,793
793,596
644,34
135,387
322,510
119,11
927,336
859,348
928,648
906,3
399,251
481,974
772,170
223,725
322,692
393,609
446,203
260,812
123,985
370,796
833,12
683,685
596,253
292,490
224,465
461,424
689,722
269,143
417,909
256,862
627,904
480,370
813,552
713,626
906,292
86,138
925,586
770,731
146,700
769,275
470,367
973,934
95,32
796,112
989,762
150,469
48,336
436,968
371,419
196,780
798,873
433,858
434,827
463,800
254,146
997,650
606,973
731,624
379,177
555,692
885,813
412,678
4,120
41,214
703,154
8,861
451,4
782,864
237,36
711,953
835,937
756,84
253,448
77,964
633,105
558,784
772,201
23,117
628,324
666,648
626,222
545,752
789,879
304,958
241,841
758,835
551,791
929,188
926,452
599,668
7,196
433,926
366,235
314,613
764,656
269,331
170,878
444,322
88,887
229,202
939,597
335,72
588,103
98,199
805,500
916,893
887,199
592,989
808,583
226,36
880,73
317,826
410,548
629,344
831,953
600,560
581,909
86,245
975,317
554,672
751,21
617,163
647,317
984,406
500,512
2,205
291,538
534,538
414,597
239,708
983,832
253,363
381,317
400,430
60,933
101,219
983,99
58,563
785,345
915,560
368,915
151,403
355,854
100,942
762,924
350,227
332,888
111,711
926,712
897,495
575,219
943,981
249,857
386,959
633,665
54,180
408,899
308,259
858,651
371,227
875,414
520,25
489,821
292,153
29,35
364,196
163,564
340,841
769,124
133,955
573,689
966,768
62,182
902,410
789,564
479,307
212,447
526,161
540,523
823,892
437,866
126,560
254,827
480,916
204,31
496,173
343,403
357,95
248,325
72,698
415,206
324,365
986,739
238,257
119,183
932,924
626,664
858,313
578,980
823,81
101,768
422,88
164,76
569,86
850,967
503,160
814,403
798,866
743,541
844,588
791,275
839,702
696,186
949,809
795,562
773,588
480,40
740,720
528,1
772,8
454,590
751,80
876,689
233,241
705,801
163,589
784,693
228,782
220,83
490,198
767,556
654,370
434,102
334,232
871,509
876,746
674,991
427,294
526,410
545,443
379,701
16,778
93,168
519,294
81,624
630,90
576,883
887,614
510,652
175,862
676,916
915,623
353,590
400,861
135,388
547,174
42,611
911,781
708,592
60,349
803,709
148,162
259,628
482,845
280,263
404,924
868,146
559,843
599,22
977,523
725,786
657,509
625,432
970,844
903,297
583,420
206,950
337,970
820,772
780,570
932,75
448,447
819,579
266,115
521,44
570,803
10,584
432,493
820,295
408,625
195,919
932,801
159,454
921,287
655,566
281,729
175,139
951,123
517,228
634,18
618,771
640,672
715,139
492,313
815,813
419,529
939,871
480,503
289,210
519,354
784,798
14,767
260,332
743,52
70,247
562,908
694,600
63,160
252,245
914,662
23,118
271,144
309,411
797,515
328,229
39,18
266,216
221,743
279,377
313,990
297,962
957,326
665,39
946,389
609,980
76,935
143,261
281,338
731,961
848,160
713,996
542,10
130,136
11,886
45,87
931,741
251,928
801,772
536,627
646,452
253,635
215,192
979,759
573,875
114,900
85,867
631,675
864,574
948,802
437,15
57,954
561,517
8,269
801,505
142,841
46,361
653,614
192,366
831,32
22,94
958,368
824,983
510,269
304,193
403,99
589,167
367,662
639,626
908,997
113,9
727,901
335,480
589,241
961,948
344,451
744,945
530,738
62,704
659,136
594,953
677,790
312,200
867,6
23,535
714,844
708,312
568,915
693,853
65,232
151,559
281,285
304,655
115,436
33,699
400,557
579,704
764,334
395,977
66,31
624,210
815,247
584,139
612,870
883,436
197,911
455,122
702,137
634,475
214,20
214,787
67,971
951,572
501,361
376,739
471,572
364,877
287,729
544,622
871,74
645,97
236,147
419,977
124,285
505,586
741,260
954,429
912,604
569,151
43,531
669,421
870,258
375,69
814,438
656,972
997,165
344,872
739,847
353,713
374,379
122,777
420,946
895,268
801,652
542,806
292,406
164,392
36,493
686,743
120,842
284,585
219,249
527,708
926,359
92,765
488,879
80,410
601,809
499,317
484,689
73,13
658,495
747,82
99,376
557,317
496,761
368,642
796,747
983,451
17,375
359,794
542,742
760,690
358,406
536,10
412,901
423,392
762,875
237,910
169,496
199,796
139,79
536,250
132,14
356,495
407,555
456,531
581,468
365,101
40,419
148,258
61,804
451,787
432,925
997,217
210,289
776,216
453,272
392,621
944,479
961,685
397,655
834,404
536,181
452,255
747,566
705,598
996,604
50,441
208,241
569,566
160,806
621,60
50,25
396,200
787,394
571,345
832,912
0,282
131,124
824,803
938,737
405,60
780,503
383,576
741,11
964,858
729,884
322,414
253,125
696,878
753,210
877,567
809,985
960,936
835,542
30,815
179,338
611,480
393,833
199,482
644,327
393,240
720,351
138,433
819,872
904,52
710,572
91,675
495,213
37,387
147,623
802,862
344,44
814,757
328,488
654,357
753,146
958,644
978,411
642,792
808,934
344,117
823,820
523,129
348,82
827,614
527,530
759,571
854,683
220,799
356,590
207,835
968,646
710,771
866,419
981,161
208,659
781,861
855,573
526,437
29,884
941,741
123,740
465,4
609,668
128,475
865,47
382,154
861,537
85,696
180,355
960,406
119,483
505,1
810,476
899,139
38,757
473,349
28,632
973,563
820,657
645,12
571,289
656,532
675,702
7,223
76,465
150,420
856,259
537,148
117,500
291,279
547,170
602,849
685,515
383,957
380,776
201,574
503,470
337,718
687,201
416,565
247,702
932,272
928,158
609,979
866,747
605,4
616,128
740,398
530,17
170,990
533,244
735,302
600,626
796,220
493,558
4,766
296,353
933,28
859,552
910,185
935,579
459,543
656,762
835,463
24,317
122,50
675,432
395,807
50,242
285,234
937,401
135,749
827,44
30,429
533,933
834,331
936,848
865,181
520,764
195,985
785,877
525,21
274,523
41,966
73,410
754,907
982,503
733,758
380,692
986,247
626,937
683,788
47,679
644,848
76,498
304,190
899,578
876,299
397,46
236,574
314,406
188,821
745,707
482,941
616,197
486,253
965,576
251,112
906,876
503,605
391,784
862,245
82,851
397,992
473,270
826,300
160,377
73,987
230,904
810,103
866,898
438,157
219,519
943,428
445,891
975,904
831,994
465,663
665,498
772,296
770,64
998,147
728,816
21,416
241,716
129,896
470,600
741,402
328,168
20,83
194,767
496,629
54,357
861,563
203,492
324,686
420,767
804,863
588,606
460,506
334,51
859,163
241,707
495,455
800,609
196,257
359,701
213,328
41,52
254,266
791,140
26,712
499,190
536,213
882,25
496,803
72,887
4,444
246,110
561,426
454,181
661,67
423,168
10,869
428,443
720,746
582,271
458,64
298,811
486,248
341,979
192,424
676,69
32,983
537,6
319,293
87,32
977,45
102,966
189,232
994,342
968,830
958,313
430,307
374,202
394,276
106,776
62,613
142,82
379,417
790,758
724,469
471,358
942,577
17,224
247,76
928,409
840,891
378,869
325,13
419,357
337,406
44,485
934,598
474,649
722,94
834,931
509,494
34,748
551,670
467,749
510,911
946,936
773,540
518,600
681,371
797,154
709,266
695,654
685,535
667,982
279,425
256,481
549,948
171,732
159,773
872,863
190,811
724,952
275,622
159,598
502,255
847,403
539,651
591,30
30,916
582,837
663,742
324,116
449,683
648,388
348,828
852,171
362,557
242,283
303,748
408,10
985,901
318,150
599,461
257,755
494,841
735,50
39,314
563,55
460,607
811,735
145,671
12,108
383,26
495,183
435,538
213,273
734,563
46,102
141,452
63,974
545,218
218,233
305,272
231,367
619,212
953,649
434,464
675,831
736,180
473,799
749,405
674,127
216,412
987,247
546,333
416,510
682,770
187,63
242,644
295,647
401,950
5,518
186,390
789,952
802,376
274,23
631,280
588,55
243,260
681,829
536,620
365,533
269,439
589,911
495,651
164,388
467,520
693,707
879,354
431,19
168,730
422,428
982,56
30,342
156,750
715,637
548,948
388,184
912,123
645,420
754,272
580,226
460,304
651,762
212,370
124,731
455,278
619,280
599,800
693,608
679,848
86,409
131,329
832,666
52,115
87,188
81,152
154,581
545,592
948,137
645,898
280,716
739,255
515,353
476,444
443,128
15,316
446,615
735,271
749,224
751,284
279,35
478,238
458,936
814,78
52,59
70,500
415,524
135,635
43,697
579,249
750,355
785,679
951,122
5,307
936,654
869,352
857,619
663,111
128,991
910,436
774,748
187,879
174,989
927,205
471,326
543,330
217,92
144,117
348,462
994,105
651,231
17,876
304,113
622,989
401,32
285,111
904,192
944,156
312,411
80,128
659,211
363,76
985,113
689,770
962,343
464,508
13,696
32,148
697,50
73,839
184,589
24,363
52,27
809,193
433,812
550,993
282,20
77,866
760,483
191,106
213,178
405,512
655,485
917,19
272,41
171,335
745,787
651,644
7,162
514,562
150,642
372,173
370,286
551,88
196,281
639,697
905,729
460,114
607,777
141,247
864,674
951,153
233,685
689,998
541,207
335,786
234,225
382,246
749,419
31,347
193,13
589,411
418,74
104,333
416,737
572,459
695,817
435,545
683,192
79,196
721,120
788,949
897,63
10,921
807,641
312,430
65,892
819,476
187,384
615,277
910,977
5,530
799,914
402,460
43,736
176,732
144,832
509,32
415,750
865,778
574,51
334,62
234,890
120,847
793,151
779,679
157,564
388,938
509,226
648,781
630,392
664,713
502,387
902,390
769,522
129,397
292,597
924,414
663,274
262,338
816,163
938,62
634,975
230,93
45,467
96,465
710,293
517,854
15,589
27,19
442,361
718,366
431,555
720,810
636,761
401,623
820,160
119,383
424,686
406,968
986,99
336,19
281,267
288,672
535,747
609,132
590,421
315,432
888,201
365,23
526,738
782,844
344,779
909,5
332,780
561,520
618,197
643,136
339,925
632,236
529,167
410,404
442,322
709,313
526,980
999,984
304,330
809,435
26,750
778,260
672,494
91,863
503,197
93,355
566,280
382,4
442,399
307,16
992,878
232,219
596,582
970,922
990,661
773,313
76,815
369,825
682,0
239,82
878,999
330,472
520,48
681,581
454,502
968,403
230,98
94,228
197,637
946,912
141,71
895,882
243,761
950,384
957,197
258,437
682,759
422,460
820,944
851,963
97,80
470,226
248,573
462,422
286,252
195,375
440,883
666,634
130,712
837,867
750,266
383,75
241,338
317,2
543,613
16,586
975,809
743,992
880,9
322,174
651,871
97,761
107,13
730,797
591,545
618,928
352,466
691,218
101,619
91,895
212,843
125,982
99,429
385,825
940,35
374,257
903,395
104,245
226,835
141,759
532,310
817,635
391,458
657,365
171,469
444,838
807,469
469,122
570,769
406,610
680,503
127,681
328,90
820,60
482,343
204,835
854,733
486,807
103,110
190,623
199,702
692,907
204,568
557,76
520,399
756,798
734,304
81,427
688,233
65,685
278,710
470,983
392,304
645,112
277,122
829,838
660,562
303,827
96,927
369,462
512,861
965,185
764,859
879,603
172,949
227,73
746,955
892,333
992,973
466,859
820,601
67,284
400,435
929,513
637,919
540,406
448,630
327,704
109,987
69,676
256,553
894,142
250,651
901,83
528,615
377,363
240,752
427,366
157,390
279,898
873,892
707,342
626,190
844,127
901,173
552,12
575,265
127,847
427,930
123,963
989,394
134,493
213,162
370,808
608,824
651,713
184,370
537,267
611,906
658,192
249,213
100,958
479,129
192,801
16,155
474,250
819,371
349,84
64,93
307,142
108,284
386,34
677,660
626,10
311,700
59,705
4,831
676,293
714,782
758,415
398,915
23,468
542,996
338,404
164,882
147,932
911,518
552,266
492,735
972,477
801,186
165,182
770,158
957,47
556,242
605,654
583,142
285,165
945,747
241,82
61,952
838,462
123,346
786,332
641,462
768,465
423,950
531,282
439,831
410,94
371,499
274,17
249,367
113,553
138,995
182,209
528,921
199,696
733,884
554,565
520,759
733,777
267,238
832,849
24,61
872,943
370,820
991,652
759,475
71,460
979,128
222,542
632,914
50,646
393,520
853,968
14,147
988,683
178,85
434,568
608,269
498,302
396,209
889,124
174,518
234,386
808,150
755,764
673,94
924,179
419,483
512,234
862,425
292,570
311,664
372,338
947,395
45,719
614,478
853,476
600,563
350,150
535,177
834,439
960,738
889,533
566,48
869,22
861,603
767,273
448,321
226,916
838,602
172,174
755,815
597,841
347,847
201,14
90,470
695,436
927,18
436,150
23,914
122,696
197,550
977,326
511,477
56,569
948,591
596,279
793,192
679,750
899,294
836,796
302,359
559,630
564,193
242,283
50,295
505,621
452,501
455,987
545,977
578,461
489,894
745,782
466,286
845,47
746,3
613,286
599,66
692,250
531,404
990,977
259,635
216,80
846,325
972,198
194,480
107,477
873,499
670,86
771,108
557,985
750,219
400,942
961,298
580,683
414,631
68,106
765,96
393,885
37,658
917,201
397,718
633,292
561,553
519,21
768,94
961,383
354,265
688,257
167,443
169,925
907,437
274,747
110,867
82,665
639,144
766,961
128,903
63,591
428,172
449,213
941,496
927,974
627,371
362,803
887,65
521,549
245,644
497,416
216,697
846,247
815,194
898,138
101,183
9,713
734,570
616,180
990,750
826,161
452,995
241,824
299,768
774,310
440,893
960,60
711,189
936,372
353,500
917,744
177,955
579,799
908,509
439,724
6,276
837,204
361,101
522,644
544,69
38,573
257,871
185,853
177,331
486,683
178,772
780,583
679,517
873,531
97,265
58,474
490,367
358,524
702,750
289,251
721,691
427,429
331,340
520,270
32,79
771,273
165,812
91,203
461,699
320,156
905,972
358,954
862,154
112,484
151,594
680,176
419,222
83,226
554,368
586,914
130,285
498,393
566,936
837,335
645,472
178,907
712,408
127,88
645,720
367,241
561,85
318,201
667,138
41,201
787,784
898,95
985,922
353,311
737,30
239,313
188,368
588,718
51,585
248,480
261,423
726,774
911,418
549,817
891,187
968,757
73,704
789,87
177,296
435,856
771,824
220,43
46,408
914,817
877,429
214,238
376,283
563,279
190,134
249,515
359,549
982,611
56,348
263,95
280,29
140,935
615,634
513,835
695,770
800,231
362,894
132,110
979,822
913,393
560,564
335,260
277,541
102,286
492,743
611,364
712,852
992,800
26,322
921,779
906,979
819,316
399,480
999,331
305,165
532,535
739,825
291,121
63,261
83,603
850,86
445,112
662,929
563,344
542,186
977,872
44,72
181,485
102,536
58,379
488,805
8,974
843,177
944,564
938,83
227,389
229,917
602,200
46,0
640,27
537,310
996,750
985,500
691,829
789,66
890,968
354,217
329,473
90,352
427,506
394,914
225,776
793,487
462,504
588,397
5,948
862,380
287,809
245,91
410,480
896,866
531,128
652,389
971,141
390,65
271,543
507,878
393,17
987,593
380,555
363,829
525,495
290,646
702,701
451,913
148,403
73,867
320,517
130,901
570,733
962,553
336,878
248,603
759,347
21,119
593,119
337,683
972,136
775,72
284,750
433,843
550,554
230,458
725,60
632,437
226,693
770,715
932,29
398,38
15,850
221,764
344,271
64,210
623,84
107,223
133,447
761,979
597,655
747,67
655,233
401,569
151,298
123,564
468,575
233,113
733,131
863,653
966,710
868,416
296,863
266,327
494,630
152,767
171,528
930,313
97,200
402,438
189,407
728,464
495,447
925,938
557,98
813,237
590,634
947,993
812,748
686,844
3,214
561,18
222,609
705,833
80,125
607,759
216,280
29,674
78,803
421,300
83,977
261,393
165,781
351,847
663,591
773,153
847,130
362,991
392,909
539,318
776,628
428,264
636,746
703,391
216,893
687,883
883,318
354,853
454,44
437,623
861,796
426,43
46,119
397,621
487,816
492,173
572,192
396,637
406,152
912,443
183,59
661,499
625,517
873,13
990,419
601,686
410,104
650,22
757,258
711,141
237,95
321,794
289,55
61,362
224,783
838,777
911,183
396,736
113,161
405,908
249,590
479,223
379,639
639,781
512,157
28,924
184,613
997,705
954,116
833,531
239,762
781,846
69,510
151,975
183,478
722,607
889,673
434,222
226,524
7,837
962,845
495,423
803,975
820,781
132,442
685,509
807,846
847,710
460,516
964,115
687,193
548,81
277,944
400,271
212,483
966,857
968,614
70,793
577,880
170,866
162,910
348,202
5,446
498,108
721,125
933,615
406,965
472,367
895,967
227,878
765,993
54,982
781,252
571,206
784,148
332,942
137,748
996,360
251,502
674,365
800,589
279,601
510,871
120,445
99,762
872,263
930,897
293,72
446,298
786,618
515,8
309,219
12,257
367,490
798,459
257,317
564,287
526,797
308,242
907,758
879,780
794,263
477,223
710,58
422,630
489,41
878,47
233,494
992,671
970,436
219,32
237,903
714,137
581,301
484,602
498,864
428,755
951,873
748,688
349,410
778,955
499,271
805,190
189,538
992,979
193,114
52,674
665,600
5,510
410,254
323,780
971,604
312,761
481,496
97,359
711,753
70,212
419,657
667,688
740,580
193,216
615,849
159,348
681,460
537,577
63,989
75,835
353,473
455,267
565,778
482,697
559,726
676,367
310,785
742,265
226,936
558,436
106,91
342,426
562,398
3,703
433,181
665,36
832,497
700,877
806,787
649,937
273,163
827,102
680,509
17,558
707,673
148,26
412,110
919,177
182,923
887,669
715,786
482,594
301,664
332,820
434,949
60,796
106,517
781,782
284,832
720,482
84,132
399,885
74,525
92,444
284,871
144,829
707,160
912,153
98,116
866,890
787,581
765,277
501,79
758,331
320,950
23,306
456,125
194,363
943,628
851,624
77,749
427,980
107,483
265,686
798,983
267,563
622,56
482,800
502,22
267,305
646,228
930,113
11,992
905,398
377,31
911,464
487,754
379,990
952,903
135,28
946,998
858,789
351,321
454,26
577,190
472,124
531,604
581,395
858,688
225,315
922,747
715,416
493,913
181,135
54,97
48,584
556,636
588,595
338,524
916,702
939,114
776,792
890,180
444,501
680,25
614,343
439,410
709,37
347,719
573,258
568,843
358,485
623,790
412,153
890,469
2,616
463,487
336,833
105,62
219,266
985,1
891,260
772,474
200,938
654,608
774,693
628,611
319,992
615,920
255,586
364,472
243,757
681,393
139,714
106,672
390,447
233,161
149,887
332,302
384,28
912,280
772,595
748,508
166,755
992,493
625,884
852,626
571,41
149,699
773,433
266,382
434,575
557,232
399,588
997,530
944,766
336,202
564,927
893,410
606,845
287,498
453,681
630,589
509,838
888,82
188,288
149,538
265,79
8,312
542,190
729,274
886,484
71,267
873,791
723,234
685,351
863,538
351,262
6,199
215,778
125,522
769,525
359,601
104,122
286,334
829,995
589,10
645,59
347,982
712,877
793,494
158,576
997,59
332,895
815,899
708,345
832,358
955,402
603,720
579,60
164,262
945,846
932,7
489,366
431,96
69,622
52,364
725,497
819,207
352,161
318,989
8,46
270,467
988,300
854,825
247,562
740,619
173,978
756,611
902,738
455,477
491,246
416,199
589,416
455,418
318,782
95,809
407,437
546,477
896,327
780,114
294,695
820,578
182,541
359,204
144,186
111,241
447,969
753,139
820,232
557,881
162,394
46,275
589,307
848,679
692,183
513,806
661,975
400,135
767,57
970,61
147,643
748,23
932,691
707,364
389,894
975,296
786,115
982,352
998,123
268,814
435,472
744,361
401,255
810,917
637,267
337,10
51,24
153,612
150,736
57,718
956,133
299,643
415,748
380,987
54,938
355,606
746,214
511,256
156,938
920,361
508,95
872,871
964,125
35,371
795,540
145,45
741,722
820,301
783,385
428,871
505,907
568,522
605,861
896,861
419,205
102,350
815,570
818,633
306,879
780,561
452,795
956,950
436,776
662,587
830,925
418,666
35,914
503,287
63,808
184,310
963,267
198,522
810,942
676,2
489,497
322,618
504,904
745,508
205,355
342,177
647,893
602,216
8,460
557,152
652,821
818,686
510,169
966,254
978,575
946,400
589,919
280,977
200,193
603,811
724,632
839,58
823,454
983,3
820,60
949,851
425,782
276,849
954,26
457,49
947,331
368,30
722,150
507,395
643,112
213,703
365,354
157,315
786,74
166,360
980,447
243,434
674,233
984,827
498,810
931,461
368,717
649,96
989,9
206,572
67,162
268,756
252,765
988,87
266,574
363,324
498,800
283,385
410,120
507,248
769,982
953,367
886,944
579,634
880,13
565,623
308,571
356,142
685,230
809,475
174,230
178,482
419,259
922,957
638,688
833,581
509,793
478,674
368,234
32,545
272,669
964,153
355,152
569,930
324,905
247,99
512,206
718,766
603,581
403,498
33,229
405,876
152,552
70,236
394,541
605,999
697,606
824,174
779,507
822,146
630,928
770,474
372,562
188,700
535,74
650,300
896,971
244,619
416,374
405,742
250,479
493,234
16,651
252,625
129,360
304,396
397,554
647,878
439,14
288,832
497,564
916,366
198,942
586,965
424,23
256,767
465,898
462,125
551,24
276,799
809,997
987,3
750,88
577,432
677,733
318,622
590,465
516,477
976,394
851,198
4,592
762,249
518,835
890,204
219,906
820,548
606,5
507,819
621,240
596,743
305,549
922,627
131,461
686,228
169,482
115,930
175,676
647,777
187,654
670,995
585,412
969,971
301,4
868,985
223,814
357,933
831,536
591,970
410,235
878,128
270,692
981,109
287,392
92,258
124,903
478,606
907,283
678,609
401,269
105,871
894,564
622,695
205,900
162,814
193,343
121,501
250,106
719,772
567,535
124,33
398,130
597,473
711,882
311,986
182,470
831,923
111,705
141,40
540,763
775,589
162,198
226,262
762,242
443,658
803,877
723,138
932,595
65,825
455,837
441,305
746,337
442,735
815,862
86,765
802,842
306,507
163,419
893,449
969,430
566,218
311,607
165,248
627,53
364,945
857,697
471,979
670,875
686,865
192,801
219,450
763,861
190,610
278,186
535,911
780,835
995,490
455,16
599,480
631,438
907,749
183,297
5,588
856,744
470,44
376,430
986,42
674,776
905,399
225,312
290,175
287,597
247,302
679,869
620,926
979,848
601,273
847,426
559,799
796,460
863,421
873,88
566,570
52,575
133,927
766,664
948,51
549,312
959,752
275,369
152,637
91,201
148,65
804,87
666,777
734,11
445,854
337,659
907,86
100,998
703,301
795,959
521,119
418,600
549,29
367,272
848,994
652,835
942,137
417,652
265,901
960,65
388,236
306,667
430,441
615,721
802,829
899,608
667,25
524,513
213,738
95,23
143,929
274,723
244,526
428,78
728,977
1,226
296,108
682,197
354,832
345,164
20,923
17,120
888,523
348,399
845,26
383,257
313,829
488,693
306,58
328,600
748,750
579,418
532,521
483,93
939,455
885,114
551,123
163,186
747,698
360,549
927,817
539,331
762,299
115,957
115,843
248,495
392,515
826,964
437,735
691,798
462,593
919,33
400,698
412,690
217,393
884,825
936,787
327,640
791,303
70,543
805,148
498,670
560,482
515,150
903,50
709,956
102,43
52,411
987,66
16,573
869,349
779,709
436,964
463,484
651,700
142,383
210,945
721,25
832,832
345,178
670,287
108,708
511,969
631,109
987,337
139,150
667,554
810,583
494,848
752,836
842,39
502,177
559,423
1,885
309,184
201,614
742,808
334,801
293,574
165,915
397,426
657,458
663,355
468,369
444,268
476,76
881,924
299,576
368,344
774,253
730,448
351,108
170,971
278,47
517,783
82,913
534,529
933,292
110,85
894,920
256,811
136,686
306,638
928,18
832,378
316,254
403,737
838,721
15,522
56,891
490,864
433,187
31,290
13,272
251,556
899,720
375,529
553,88
387,754
330,633
764,512
759,411
357,378
243,233
209,947
359,617
216,172
183,333
655,969
492,547
586,491
976,509
645,330
201,206
136,348
780,530
912,70
499,449
594,565
153,936
299,833
65,835
468,192
551,139
345,195
638,280
39,759
225,747
157,234
325,43
132,735
835,378
360,832
132,819
985,871
541,418
619,649
825,151
128,287
886,593
72,531
823,187
207,371
857,590
844,21
818,123
362,224
939,299
128,570
318,637
843,299
962,939
51,893
931,345
266,399
887,410
401,164
867,281
197,341
268,298
991,96
986,107
409,442
775,962
851,688
341,516
854,646
308,686
40,251
851,308
422,265
119,668
928,876
919,830
677,7
447,674
839,629
147,214
218,922
339,907
254,223
189,635
388,4
865,89
902,173
869,628
566,428
817,881
0,663
893,525
572,813
486,68
659,442
639,417
187,20
348,786
53,706
626,582
404,216
547,486
264,761
397,742
96,106
338,23
911,47
930,514
725,612
892,866
421,698
20,311
871,628
14,955
356,221
488,914
791,479
926,971
219,130
95,917
327,80
845,688
959,105
394,586
988,8
541,554
179,985
380,68
186,389
676,385
383,900
379,186
11,949
791,346
900,21
663,918
432,465
47,609
749,306
257,272
501,45
543,446
703,971
605,813
777,188
578,762
609,387
72,875
475,845
193,384
820,540
33,148
934,899
819,854
652,989
491,456
989,118
739,563
525,389
881,853
743,956
558,120
951,854
825,840
451,452
977,609
594,260
50,715
237,599
822,131
506,494
253,143
839,936
255,309
243,889
614,576
776,698
337,97
77,930
651,494
592,670
907,897
57,690
732,848
713,396
764,428
825,281
201,544
959,702
719,992
515,397
239,779
712,834
626,887
983,289
499,216
461,222
514,324
172,689
436,358
175,500
600,109
198,754
188,512
418,165
838,672
738,756
144,842
380,168
706,111
64,401
491,658
446,545
490,886
0,485
302,809
257,4
678,641
309,669
859,346
98,257
825,865
4,42
732,688
567,247
168,37
29,469
160,521
319,851
320,339
32,466
374,550
190,607
931,78
969,711
80,650
254,174
171,446
29,819
1,297
397,684
141,5
546,865
15,288
829,871
640,446
706,220
753,689
767,530
547,574
304,131
697,213
663,343
569,821
592,948
554,241
67,458
328,915
619,537
690,604
643,202
485,181
168,112
81,229
10,657
449,71
180,20
536,230
395,17
887,64
611,559
131,589
636,254
923,323
867,146
975,256
622,312
731,258
632,808
67,206
842,343
906,787
330,0
907,202
117,327
824,797
352,954
688,369
180,356
938,841
536,750
528,744
440,684
368,923
331,122
860,929
691,737
241,695
54,75
700,988
121,742
552,678
763,592
61,456
407,983
778,793
292,115
179,921
247,515
197,490
312,25
750,329
354,595
730,159
627,367
281,17
843,98
460,632
354,597
461,374
634,964
838,230
700,452
506,286
374,361
785,828
578,329
623,602
945,553
843,495
702,969
924,764
928,326
287,103
239,541
446,463
56,199
83,558
115,357
243,636
858,633
645,965
308,318
81,777
415,822
477,347
875,374
99,681
123,871
719,872
575,612
659,664
957,387
405,459
975,666
593,254
349,344
344,801
259,509
434,809
325,654
439,39
190,849
945,749
849,225
421,308
622,7
753,669
342,213
607,434
858,448
87,400
261,161
115,300
59,120
596,903
369,159
203,95
939,382
1,715
132,79
79,954
544,592
490,633
262,961
878,47
761,545
67,751
654,434
693,562
95,213
205,822
854,179
29,623
29,289
25,183
554,783
577,125
785,613
971,72
329,50
589,671
440,331
512,838
170,453
784,302
5,887
999,666
992,62
666,626
242,446
348,518
630,762
638,785
124,257
280,151
51,317
769,404
147,953
33,274
255,686
384,158
343,146
416,936
147,606
749,478
180,706
901,244
613,959
155,505
70,560
69,857
761,550
13,26
197,423
924,438
120,322
874,581
562,586
43,227
956,237
683,21
391,7
210,131
433,520
619,747
987,286
214,682
182,304
717,831
803,977
364,710
585,413
354,670
225,283
692,696
926,671
976,188
313,787
158,210
9,913
947,521
334,736
943,727
70,272
455,6
697,275
37,943
135,923
355,358
770,858
390,858
502,697
111,783
492,489
965,738
742,136
518,856
869,176
853,11
198,282
964,155
483,634
851,941
549,503
905,306
151,257
231,678
198,951
412,538
285,317
699,121
277,910
145,684
546,204
986,211
520,961
883,817
708,392
770,474
823,45
969,668
149,382
82,711
724,117
204,449
128,571
108,658
971,706
495,898
626,487
803,66
819,570
198,846
681,667
158,716
538,371
15,521
856,412
619,1
652,302
611,104
633,967
596,234
148,22
21,532
1,381
565,581
96,88
89,484
7,126
123,95
217,115
998,45
764,159
926,793
832,655
596,219
259,206
615,676
370,327
286,638
554,522
954,823
989,457
89,120
847,669
613,270
320,514
491,291
92,67
190,530
662,508
52,110
515,523
681,685
907,561
927,62
802,754
415,220
172,87
441,518
520,316
200,997
987,203
985,433
309,53
785,24
201,296
774,204
325,713
46,96
914,159
476,663
973,218
377,121
4,286
614,594
740,408
280,537
63,43
101,58
355,935
498,560
917,360
783,11
685,326
866,585
459,366
336,797
903,236
946,833
934,363
68,560
497,307
665,61
519,14
858,57
298,951
93,629
807,687
882,125
375,29
265,357
803,642
287,947
76,422
384,872
976,586
526,260
408,419
167,125
215,599
261,932
694,968
262,196
138,722
916,176
14,387
431,159
924,598
366,447
999,3
805,579
349,471
617,634
936,115
238,806
299,668
833,261
26,782
313,72
458,61
320,30
935,626
480,508
181,623
865,867
686,479
255,758
841,925
88,966
316,863
234,772
648,118
635,650
259,653
362,510
931,732
499,828
526,408
1,959
575,552
59,92
507,23
361,459
337,833
263,907
583,323
568,369
409,804
414,205
525,146
742,977
698,602
425,926
615,232
788,405
160,454
409,358
578,629
118,721
648,974
427,455
494,644
778,187
363,624
999,67
995,927
263,501
746,204
892,368
805,254
302,824
739,333
22,381
281,719
92,625
458,497
816,420
125,76
661,390
144,598
770,768
115,506
570,71
567,77
651,270
262,278
979,599
12,593
167,45
714,303
206,673
627,430
41,431
608,385
854,229
750,764
370,232
663,350
475,674
86,490
352,788
204,620
784,979
783,549
527,882
66,435
895,533
848,336
675,373
714,686
879,164
680,692
555,71
476,703
382,155
386,495
559,477
979,92
615,418
665,926
155,168
789,926
557,279
828,661
81,480
168,22
189,328
179,426
634,352
294,841
512,821
47,768
989,111
73,859
494,520
141,47
982,51
983,108
651,542
603,270
520,973
398,616
541,596
761,324
171,721
968,264
43,756
226,560
342,180
816,467
63,384
832,197
621,942
235,162
101,75
602,746
628,544
480,365
841,837
785,211
561,101
504,736
524,181
413,419
885,690
150,586
464,574
4,140
611,111
910,18
54,836
20,51
447,309
410,858
